# Author : Toshi Tanabe
# C3PW_10mm_grad_kickmap
# Total Length of Longitudinal Interval [m]
0.6
# Number of Horizontal Points
61
# Number of Vertical Points
10
# Total Horizontal 2nd Order Kick [T2m2]
START
                -3.00000e-02  -2.90000e-02  -2.80000e-02  -2.70000e-02  -2.60000e-02  -2.50000e-02  -2.40000e-02  -2.30000e-02  -2.20000e-02  -2.10000e-02  -2.00000e-02  -1.90000e-02  -1.80000e-02  -1.70000e-02  -1.60000e-02  -1.50000e-02  -1.40000e-02  -1.30000e-02  -1.20000e-02  -1.10000e-02  -1.00000e-02  -9.00000e-03  -8.00000e-03  -7.00000e-03  -6.00000e-03  -5.00000e-03  -4.00000e-03  -3.00000e-03  -2.00000e-03  -1.00000e-03   0.00000e+00   1.00000e-03   2.00000e-03   3.00000e-03   4.00000e-03   5.00000e-03   6.00000e-03   7.00000e-03   8.00000e-03   9.00000e-03   1.00000e-02   1.10000e-02   1.20000e-02   1.30000e-02   1.40000e-02   1.50000e-02   1.60000e-02   1.70000e-02   1.80000e-02   1.90000e-02   2.00000e-02   2.10000e-02   2.20000e-02   2.30000e-02   2.40000e-02   2.50000e-02   2.60000e-02   2.70000e-02   2.80000e-02   2.90000e-02   3.00000e-02
   4.50000e-03   9.79887e-03   8.26076e-03   3.71290e-03   8.37190e-05  -3.56193e-04   1.78320e-04   5.57592e-04  -6.47966e-03   6.96972e-04   2.07288e-04   3.44068e-04   4.83928e-05   9.76788e-05  -7.05566e-04  -1.55913e-04  -2.09861e-04  -3.41479e-04  -5.56821e-04  -6.61156e-04  -1.31450e-03  -1.87320e-03  -1.29738e-03  -4.32294e-04  -4.01607e-04  -1.57113e-04   2.81773e-02   1.87288e-04   9.16640e-05   1.93645e-04   1.41339e-04   2.19975e-04   2.68243e-04   2.89122e-04   2.68088e-04   2.24360e-04   1.93430e-04   1.61425e-04   1.22836e-04   9.05300e-05   4.09548e-05   1.07448e-05  -4.92217e-05  -7.46299e-05  -1.44372e-04  -1.70263e-04  -2.40868e-04  -2.76271e-04  -3.46152e-04  -4.17602e-04  -4.67089e-04  -5.96562e-04  -7.09441e-04  -9.98895e-04  -1.39849e-03  -2.48851e-03  -4.53940e-03  -4.46514e-03   2.23399e-03   6.73325e-03   4.88406e-03   2.98982e-03
   3.50000e-03   2.81632e-03   4.30451e-03   3.22002e-03   3.48176e-03   1.88820e-03   7.85717e-04   2.31477e-04  -8.71425e-06  -9.79993e-05  -7.80511e-05  -1.01380e-04  -7.67113e-05  -7.74734e-05  -1.05510e-04  -1.10218e-04  -1.26989e-04  -1.61179e-04  -1.65080e-04  -2.77404e-04  -2.91893e-04   1.73099e-04   4.30335e-04   4.46878e-04   2.83919e-04   2.89948e-04   2.38428e-04   2.42155e-04   2.23562e-04   2.23116e-04   2.31656e-04   2.53918e-04   2.70805e-04   2.69436e-04   2.50929e-04   2.22748e-04   1.91633e-04   1.58018e-04   1.22019e-04   8.40823e-05   4.38570e-05   2.44075e-06  -4.11714e-05  -8.52343e-05  -1.31761e-04  -1.77906e-04  -2.25833e-04  -2.73142e-04  -3.22848e-04  -3.71518e-04  -4.18219e-04  -4.68915e-04  -5.25092e-04  -5.94288e-04  -6.79669e-04  -7.59596e-04  -5.57204e-04   4.96923e-04   2.10110e-03   2.68242e-03   2.07489e-03   1.32463e-03
   2.50000e-03   2.26097e-03   2.71537e-03   2.40994e-03   1.68560e-03   7.81063e-04   1.99242e-04  -5.79824e-05  -1.34903e-04  -1.37961e-04  -1.20108e-04  -1.07234e-04  -9.79551e-05  -9.38900e-05  -1.02063e-04  -1.12667e-04  -1.28530e-04  -1.46955e-04  -1.61453e-04  -1.66691e-04  -1.01681e-04   8.97652e-05   2.55606e-04   2.97899e-04   2.78034e-04   2.62634e-04   2.48758e-04   2.42361e-04   2.39550e-04   2.42774e-04   2.52177e-04   2.63520e-04   2.68824e-04   2.62522e-04   2.45125e-04   2.20081e-04   1.90232e-04   1.56923e-04   1.20951e-04   8.28497e-05   4.29500e-05   1.49906e-06  -4.13445e-05  -8.53226e-05  -1.30170e-04  -1.75275e-04  -2.19934e-04  -2.63041e-04  -3.02996e-04  -3.36472e-04  -3.58758e-04  -3.63269e-04  -3.38404e-04  -2.63557e-04  -1.02081e-04   2.11428e-04   7.56253e-04   1.46317e-03   1.92789e-03   1.77443e-03   1.19684e-03   6.48439e-04
   1.50000e-03   1.60715e-03   1.99589e-03   1.68078e-03   9.96849e-04   3.40367e-04  -4.62005e-05  -1.85203e-04  -1.95966e-04  -1.66153e-04  -1.34938e-04  -1.13807e-04  -1.02803e-04  -1.00086e-04  -1.04737e-04  -1.13735e-04  -1.24522e-04  -1.33067e-04  -1.32197e-04  -1.09256e-04  -4.41837e-05   6.34117e-05   1.66542e-04   2.24871e-04   2.44574e-04   2.47762e-04   2.46197e-04   2.45308e-04   2.47165e-04   2.52582e-04   2.60535e-04   2.67411e-04   2.68417e-04   2.60413e-04   2.43381e-04   2.19199e-04   1.89837e-04   1.56687e-04   1.20699e-04   8.25260e-05   4.25960e-05   1.19131e-06  -4.14542e-05  -8.50503e-05  -1.29153e-04  -1.73040e-04  -2.15574e-04  -2.54942e-04  -2.88148e-04  -3.10180e-04  -3.12996e-04  -2.83860e-04  -2.02756e-04  -4.01780e-05   2.40723e-04   6.66622e-04   1.20066e-03   1.66761e-03   1.79572e-03   1.47088e-03   8.96490e-04   3.89003e-04
   5.00000e-04   1.30659e-03   1.66505e-03   1.35912e-03   7.38348e-04   1.77507e-04  -1.37432e-04  -2.34573e-04  -2.21253e-04  -1.78162e-04  -1.40409e-04  -1.16277e-04  -1.04409e-04  -1.01774e-04  -1.05735e-04  -1.13519e-04  -1.21791e-04  -1.25731e-04  -1.17906e-04  -8.82413e-05  -2.86930e-05   5.45128e-05   1.36809e-04   1.95300e-04   2.26322e-04   2.39185e-04   2.43775e-04   2.46437e-04   2.50374e-04   2.56507e-04   2.63667e-04   2.68823e-04   2.68332e-04   2.59778e-04   2.42910e-04   2.19034e-04   1.89842e-04   1.56733e-04   1.20717e-04   8.24905e-05   4.25161e-05   1.11020e-06  -4.14596e-05  -8.48640e-05  -1.28595e-04  -1.71828e-04  -2.13216e-04  -2.50554e-04  -2.80190e-04  -2.96089e-04  -2.88465e-04  -2.41854e-04  -1.33066e-04   6.86862e-05   3.93296e-04   8.42421e-04   1.34040e-03   1.70495e-03   1.72818e-03   1.36194e-03   7.95548e-04   3.00244e-04
  -5.00000e-04   1.30659e-03   1.66505e-03   1.35912e-03   7.38349e-04   1.77507e-04  -1.37432e-04  -2.34573e-04  -2.21253e-04  -1.78162e-04  -1.40409e-04  -1.16277e-04  -1.04409e-04  -1.01774e-04  -1.05735e-04  -1.13519e-04  -1.21791e-04  -1.25731e-04  -1.17906e-04  -8.82413e-05  -2.86930e-05   5.45128e-05   1.36809e-04   1.95300e-04   2.26322e-04   2.39185e-04   2.43775e-04   2.46437e-04   2.50374e-04   2.56507e-04   2.63667e-04   2.68823e-04   2.68332e-04   2.59778e-04   2.42910e-04   2.19034e-04   1.89842e-04   1.56733e-04   1.20717e-04   8.24905e-05   4.25161e-05   1.11020e-06  -4.14596e-05  -8.48640e-05  -1.28595e-04  -1.71828e-04  -2.13216e-04  -2.50554e-04  -2.80190e-04  -2.96089e-04  -2.88465e-04  -2.41854e-04  -1.33066e-04   6.86862e-05   3.93296e-04   8.42421e-04   1.34040e-03   1.70495e-03   1.72818e-03   1.36194e-03   7.95548e-04   3.00244e-04
  -1.50000e-03   1.60715e-03   1.99589e-03   1.68078e-03   9.96849e-04   3.40367e-04  -4.62004e-05  -1.85203e-04  -1.95966e-04  -1.66153e-04  -1.34938e-04  -1.13807e-04  -1.02803e-04  -1.00086e-04  -1.04737e-04  -1.13735e-04  -1.24522e-04  -1.33067e-04  -1.32197e-04  -1.09256e-04  -4.41837e-05   6.34117e-05   1.66542e-04   2.24871e-04   2.44574e-04   2.47762e-04   2.46197e-04   2.45308e-04   2.47165e-04   2.52582e-04   2.60535e-04   2.67411e-04   2.68417e-04   2.60413e-04   2.43381e-04   2.19199e-04   1.89837e-04   1.56687e-04   1.20699e-04   8.25260e-05   4.25960e-05   1.19131e-06  -4.14542e-05  -8.50503e-05  -1.29153e-04  -1.73040e-04  -2.15574e-04  -2.54942e-04  -2.88148e-04  -3.10180e-04  -3.12996e-04  -2.83860e-04  -2.02756e-04  -4.01780e-05   2.40723e-04   6.66622e-04   1.20066e-03   1.66761e-03   1.79572e-03   1.47088e-03   8.96490e-04   3.89003e-04
  -2.50000e-03   2.26097e-03   2.71538e-03   2.40995e-03   1.68560e-03   7.81063e-04   1.99242e-04  -5.79823e-05  -1.34903e-04  -1.37961e-04  -1.20108e-04  -1.07234e-04  -9.79551e-05  -9.38900e-05  -1.02063e-04  -1.12667e-04  -1.28530e-04  -1.46955e-04  -1.61453e-04  -1.66691e-04  -1.01681e-04   8.97652e-05   2.55606e-04   2.97899e-04   2.78034e-04   2.62634e-04   2.48758e-04   2.42361e-04   2.39550e-04   2.42774e-04   2.52177e-04   2.63520e-04   2.68824e-04   2.62522e-04   2.45125e-04   2.20081e-04   1.90232e-04   1.56923e-04   1.20951e-04   8.28497e-05   4.29500e-05   1.49906e-06  -4.13445e-05  -8.53226e-05  -1.30170e-04  -1.75275e-04  -2.19934e-04  -2.63041e-04  -3.02996e-04  -3.36472e-04  -3.58758e-04  -3.63269e-04  -3.38404e-04  -2.63558e-04  -1.02081e-04   2.11428e-04   7.56252e-04   1.46317e-03   1.92789e-03   1.77443e-03   1.19684e-03   6.48439e-04
  -3.50000e-03   2.81632e-03   4.30451e-03   3.22002e-03   3.48176e-03   1.88820e-03   7.85718e-04   2.31477e-04  -8.71420e-06  -9.79993e-05  -7.80511e-05  -1.01380e-04  -7.67113e-05  -7.74734e-05  -1.05510e-04  -1.10218e-04  -1.26989e-04  -1.61179e-04  -1.65080e-04  -2.77404e-04  -2.91893e-04   1.73099e-04   4.30335e-04   4.46878e-04   2.83919e-04   2.89948e-04   2.38428e-04   2.42155e-04   2.23562e-04   2.23116e-04   2.31656e-04   2.53918e-04   2.70805e-04   2.69436e-04   2.50929e-04   2.22748e-04   1.91633e-04   1.58018e-04   1.22019e-04   8.40823e-05   4.38570e-05   2.44075e-06  -4.11714e-05  -8.52343e-05  -1.31761e-04  -1.77906e-04  -2.25833e-04  -2.73142e-04  -3.22848e-04  -3.71518e-04  -4.18219e-04  -4.68915e-04  -5.25093e-04  -5.94288e-04  -6.79669e-04  -7.59596e-04  -5.57205e-04   4.96923e-04   2.10110e-03   2.68242e-03   2.07490e-03   1.32463e-03
  -4.50000e-03   9.79887e-03   8.26076e-03   3.71290e-03   8.37190e-05  -3.56193e-04   1.78321e-04   5.57592e-04  -6.47966e-03   6.96972e-04   2.07288e-04   3.44068e-04   4.83929e-05   9.76790e-05  -7.05567e-04  -1.55913e-04  -2.09861e-04  -3.41479e-04  -5.56821e-04  -6.61156e-04  -1.31450e-03  -1.87320e-03  -1.29738e-03  -4.32294e-04  -4.01607e-04  -1.57113e-04   2.81773e-02   1.87288e-04   9.16639e-05   1.93645e-04   1.41338e-04   2.19975e-04   2.68243e-04   2.89122e-04   2.68088e-04   2.24360e-04   1.93430e-04   1.61425e-04   1.22836e-04   9.05300e-05   4.09548e-05   1.07448e-05  -4.92217e-05  -7.46299e-05  -1.44372e-04  -1.70263e-04  -2.40868e-04  -2.76271e-04  -3.46152e-04  -4.17602e-04  -4.67089e-04  -5.96562e-04  -7.09441e-04  -9.98895e-04  -1.39849e-03  -2.48851e-03  -4.53940e-03  -4.46514e-03   2.23399e-03   6.73326e-03   4.88406e-03   2.98982e-03
# Total Vertical 2nd Order Kick [T2m2]
START
                -3.00000e-02  -2.90000e-02  -2.80000e-02  -2.70000e-02  -2.60000e-02  -2.50000e-02  -2.40000e-02  -2.30000e-02  -2.20000e-02  -2.10000e-02  -2.00000e-02  -1.90000e-02  -1.80000e-02  -1.70000e-02  -1.60000e-02  -1.50000e-02  -1.40000e-02  -1.30000e-02  -1.20000e-02  -1.10000e-02  -1.00000e-02  -9.00000e-03  -8.00000e-03  -7.00000e-03  -6.00000e-03  -5.00000e-03  -4.00000e-03  -3.00000e-03  -2.00000e-03  -1.00000e-03   0.00000e+00   1.00000e-03   2.00000e-03   3.00000e-03   4.00000e-03   5.00000e-03   6.00000e-03   7.00000e-03   8.00000e-03   9.00000e-03   1.00000e-02   1.10000e-02   1.20000e-02   1.30000e-02   1.40000e-02   1.50000e-02   1.60000e-02   1.70000e-02   1.80000e-02   1.90000e-02   2.00000e-02   2.10000e-02   2.20000e-02   2.30000e-02   2.40000e-02   2.50000e-02   2.60000e-02   2.70000e-02   2.80000e-02   2.90000e-02   3.00000e-02
   4.50000e-03  -9.85301e-03  -9.52299e-03  -9.98794e-03  -1.05128e-02  -7.46653e-03  -4.07678e-03  -2.00987e-03   1.09261e-03   1.51030e-03  -7.29935e-04  -5.97336e-04  -4.05663e-04  -2.10707e-03  -7.77283e-04   2.48472e-03   2.50448e-04   2.08653e-04   1.47286e-03   1.37348e-03   2.26809e-03  -1.22990e-02  -1.36435e-02   1.49507e-03   6.85244e-04  -2.69019e-02  -2.76687e-02   1.03170e-03   3.92138e-04  -1.14794e-05  -2.71687e-04  -5.21017e-04  -5.69669e-04  -6.06462e-04  -5.63281e-04  -5.75087e-04  -5.67395e-04  -5.78806e-04  -5.62304e-04  -5.72406e-04  -5.54516e-04  -5.64434e-04  -5.55698e-04  -5.55341e-04  -5.64334e-04  -5.47501e-04  -5.82538e-04  -5.48723e-04  -6.06813e-04  -5.95229e-04  -6.86693e-04  -7.26627e-04  -8.92245e-04  -1.17180e-03  -1.67008e-03  -2.89694e-03  -6.78241e-03  -1.59970e-02  -2.31348e-02  -1.65944e-02  -9.80933e-03  -6.37763e-03
   3.50000e-03  -9.33080e-03  -8.17139e-03  -7.23479e-03  -5.82990e-03  -2.87731e-03  -1.71052e-03  -9.96841e-04  -7.42663e-04  -6.02885e-04  -5.77642e-04  -4.84273e-04  -5.43629e-04  -4.81866e-04  -5.81115e-04  -6.00392e-04  -6.62993e-04  -6.26505e-04  -6.22357e-04  -5.20546e-04  -8.57823e-04  -1.18518e-03  -6.51939e-04  -3.55394e-04  -3.61497e-04  -3.48716e-04  -3.55178e-04  -3.68659e-04  -3.75110e-04  -4.03975e-04  -4.32318e-04  -4.58802e-04  -4.62266e-04  -4.54233e-04  -4.41843e-04  -4.35620e-04  -4.32678e-04  -4.31186e-04  -4.29067e-04  -4.27611e-04  -4.25440e-04  -4.24531e-04  -4.23399e-04  -4.23160e-04  -4.24029e-04  -4.25669e-04  -4.31071e-04  -4.37733e-04  -4.54565e-04  -4.82392e-04  -5.33019e-04  -6.16541e-04  -7.70349e-04  -1.04858e-03  -1.56042e-03  -2.54085e-03  -4.30949e-03  -6.52159e-03  -7.49007e-03  -6.41736e-03  -4.79253e-03  -3.54355e-03
   2.50000e-03  -5.12864e-03  -4.25123e-03  -3.31733e-03  -2.28919e-03  -1.39975e-03  -8.98171e-04  -6.21589e-04  -4.94636e-04  -4.33581e-04  -4.06660e-04  -3.88705e-04  -3.84833e-04  -3.72656e-04  -3.67771e-04  -3.63424e-04  -3.64611e-04  -3.72906e-04  -3.99285e-04  -4.54381e-04  -5.61708e-04  -6.04687e-04  -4.92710e-04  -3.61336e-04  -2.96072e-04  -2.70974e-04  -2.62607e-04  -2.64625e-04  -2.71516e-04  -2.84350e-04  -2.98009e-04  -3.07608e-04  -3.09867e-04  -3.07337e-04  -3.03837e-04  -3.01569e-04  -3.00425e-04  -2.99783e-04  -2.99232e-04  -2.98654e-04  -2.98017e-04  -2.97468e-04  -2.97083e-04  -2.97084e-04  -2.97772e-04  -2.99611e-04  -3.03424e-04  -3.10490e-04  -3.23767e-04  -3.47639e-04  -3.89421e-04  -4.62068e-04  -5.89040e-04  -8.07410e-04  -1.17069e-03  -1.73171e-03  -2.45088e-03  -3.05470e-03  -3.17703e-03  -2.82325e-03  -2.32528e-03  -1.88068e-03
   1.50000e-03  -2.47874e-03  -1.98433e-03  -1.46957e-03  -9.95053e-04  -6.47709e-04  -4.43289e-04  -3.30697e-04  -2.72391e-04  -2.43739e-04  -2.30417e-04  -2.23932e-04  -2.20792e-04  -2.17627e-04  -2.15141e-04  -2.14122e-04  -2.15792e-04  -2.22720e-04  -2.38789e-04  -2.67621e-04  -3.02495e-04  -3.11251e-04  -2.75326e-04  -2.23206e-04  -1.85698e-04  -1.66631e-04  -1.59339e-04  -1.58997e-04  -1.62645e-04  -1.68592e-04  -1.74544e-04  -1.78374e-04  -1.79362e-04  -1.78578e-04  -1.77517e-04  -1.76897e-04  -1.76678e-04  -1.76634e-04  -1.76609e-04  -1.76529e-04  -1.76382e-04  -1.76211e-04  -1.76103e-04  -1.76195e-04  -1.76700e-04  -1.77946e-04  -1.80476e-04  -1.85260e-04  -1.94055e-04  -2.09808e-04  -2.37440e-04  -2.85275e-04  -3.66591e-04  -4.99535e-04  -7.01577e-04  -9.69979e-04  -1.24746e-03  -1.41896e-03  -1.40431e-03  -1.25311e-03  -1.07307e-03  -9.12410e-04
   5.00000e-04  -7.36070e-04  -5.82835e-04  -4.24433e-04  -2.87029e-04  -1.91066e-04  -1.34712e-04  -1.03524e-04  -8.67481e-05  -7.83081e-05  -7.44610e-05  -7.28130e-05  -7.20315e-05  -7.13756e-05  -7.08245e-05  -7.06965e-05  -7.14715e-05  -7.39718e-05  -7.92400e-05  -8.76255e-05  -9.61578e-05  -9.76818e-05  -8.86035e-05  -7.45203e-05  -6.29156e-05  -5.62312e-05  -5.34327e-05  -5.30724e-05  -5.41211e-05  -5.58427e-05  -5.75122e-05  -5.85507e-05  -5.88209e-05  -5.86344e-05  -5.83934e-05  -5.82842e-05  -5.82887e-05  -5.83365e-05  -5.83805e-05  -5.83987e-05  -5.83870e-05  -5.83584e-05  -5.83432e-05  -5.83908e-05  -5.85758e-05  -5.90148e-05  -5.99019e-05  -6.15799e-05  -6.46531e-05  -7.01468e-05  -7.97753e-05  -9.63463e-05  -1.24071e-04  -1.68083e-04  -2.31726e-04  -3.10001e-04  -3.82420e-04  -4.18892e-04  -4.05741e-04  -3.61475e-04  -3.13767e-04  -2.72653e-04
  -5.00000e-04   7.36071e-04   5.82835e-04   4.24433e-04   2.87029e-04   1.91066e-04   1.34712e-04   1.03524e-04   8.67482e-05   7.83081e-05   7.44610e-05   7.28130e-05   7.20316e-05   7.13757e-05   7.08245e-05   7.06965e-05   7.14715e-05   7.39718e-05   7.92401e-05   8.76255e-05   9.61579e-05   9.76818e-05   8.86036e-05   7.45204e-05   6.29157e-05   5.62312e-05   5.34327e-05   5.30724e-05   5.41211e-05   5.58428e-05   5.75122e-05   5.85507e-05   5.88209e-05   5.86344e-05   5.83934e-05   5.82842e-05   5.82887e-05   5.83365e-05   5.83805e-05   5.83987e-05   5.83871e-05   5.83585e-05   5.83433e-05   5.83908e-05   5.85758e-05   5.90148e-05   5.99019e-05   6.15799e-05   6.46531e-05   7.01468e-05   7.97753e-05   9.63463e-05   1.24071e-04   1.68083e-04   2.31726e-04   3.10002e-04   3.82420e-04   4.18892e-04   4.05741e-04   3.61475e-04   3.13767e-04   2.72653e-04
  -1.50000e-03   2.47874e-03   1.98433e-03   1.46957e-03   9.95053e-04   6.47709e-04   4.43289e-04   3.30697e-04   2.72391e-04   2.43739e-04   2.30417e-04   2.23933e-04   2.20792e-04   2.17627e-04   2.15141e-04   2.14122e-04   2.15792e-04   2.22720e-04   2.38789e-04   2.67621e-04   3.02495e-04   3.11251e-04   2.75326e-04   2.23206e-04   1.85698e-04   1.66631e-04   1.59339e-04   1.58997e-04   1.62645e-04   1.68592e-04   1.74545e-04   1.78374e-04   1.79362e-04   1.78578e-04   1.77517e-04   1.76897e-04   1.76678e-04   1.76634e-04   1.76609e-04   1.76529e-04   1.76382e-04   1.76211e-04   1.76103e-04   1.76195e-04   1.76700e-04   1.77946e-04   1.80476e-04   1.85260e-04   1.94055e-04   2.09809e-04   2.37440e-04   2.85275e-04   3.66591e-04   4.99535e-04   7.01577e-04   9.69979e-04   1.24746e-03   1.41896e-03   1.40431e-03   1.25311e-03   1.07307e-03   9.12410e-04
  -2.50000e-03   5.12864e-03   4.25124e-03   3.31733e-03   2.28919e-03   1.39975e-03   8.98171e-04   6.21590e-04   4.94636e-04   4.33581e-04   4.06661e-04   3.88705e-04   3.84833e-04   3.72656e-04   3.67771e-04   3.63424e-04   3.64611e-04   3.72906e-04   3.99285e-04   4.54381e-04   5.61709e-04   6.04687e-04   4.92710e-04   3.61336e-04   2.96072e-04   2.70974e-04   2.62607e-04   2.64625e-04   2.71516e-04   2.84350e-04   2.98009e-04   3.07609e-04   3.09867e-04   3.07337e-04   3.03837e-04   3.01569e-04   3.00425e-04   2.99783e-04   2.99232e-04   2.98654e-04   2.98017e-04   2.97468e-04   2.97083e-04   2.97084e-04   2.97773e-04   2.99611e-04   3.03424e-04   3.10490e-04   3.23767e-04   3.47639e-04   3.89421e-04   4.62068e-04   5.89040e-04   8.07410e-04   1.17069e-03   1.73171e-03   2.45088e-03   3.05470e-03   3.17703e-03   2.82325e-03   2.32528e-03   1.88068e-03
  -3.50000e-03   9.33080e-03   8.17139e-03   7.23479e-03   5.82990e-03   2.87731e-03   1.71053e-03   9.96841e-04   7.42663e-04   6.02885e-04   5.77642e-04   4.84273e-04   5.43629e-04   4.81866e-04   5.81115e-04   6.00392e-04   6.62993e-04   6.26505e-04   6.22357e-04   5.20546e-04   8.57823e-04   1.18518e-03   6.51939e-04   3.55394e-04   3.61497e-04   3.48716e-04   3.55178e-04   3.68659e-04   3.75110e-04   4.03975e-04   4.32318e-04   4.58802e-04   4.62267e-04   4.54233e-04   4.41843e-04   4.35620e-04   4.32678e-04   4.31186e-04   4.29067e-04   4.27611e-04   4.25440e-04   4.24531e-04   4.23399e-04   4.23160e-04   4.24029e-04   4.25669e-04   4.31071e-04   4.37733e-04   4.54565e-04   4.82392e-04   5.33019e-04   6.16541e-04   7.70349e-04   1.04858e-03   1.56042e-03   2.54085e-03   4.30949e-03   6.52160e-03   7.49007e-03   6.41736e-03   4.79253e-03   3.54355e-03
  -4.50000e-03   9.85302e-03   9.52299e-03   9.98795e-03   1.05128e-02   7.46653e-03   4.07678e-03   2.00987e-03  -1.09261e-03  -1.51030e-03   7.29935e-04   5.97336e-04   4.05663e-04   2.10707e-03   7.77284e-04  -2.48472e-03  -2.50448e-04  -2.08653e-04  -1.47286e-03  -1.37348e-03  -2.26809e-03   1.22990e-02   1.36435e-02  -1.49507e-03  -6.85245e-04   2.69019e-02   2.76687e-02  -1.03170e-03  -3.92139e-04   1.14789e-05   2.71686e-04   5.21017e-04   5.69669e-04   6.06462e-04   5.63281e-04   5.75087e-04   5.67395e-04   5.78806e-04   5.62304e-04   5.72406e-04   5.54516e-04   5.64434e-04   5.55698e-04   5.55341e-04   5.64334e-04   5.47501e-04   5.82539e-04   5.48723e-04   6.06813e-04   5.95229e-04   6.86693e-04   7.26627e-04   8.92245e-04   1.17180e-03   1.67008e-03   2.89694e-03   6.78241e-03   1.59970e-02   2.31348e-02   1.65944e-02   9.80933e-03   6.37763e-03
# Total Longitudinally Integrated Squared Transverse Magnetic Field [T2m]
START
                -3.00000e-02  -2.90000e-02  -2.80000e-02  -2.70000e-02  -2.60000e-02  -2.50000e-02  -2.40000e-02  -2.30000e-02  -2.20000e-02  -2.10000e-02  -2.00000e-02  -1.90000e-02  -1.80000e-02  -1.70000e-02  -1.60000e-02  -1.50000e-02  -1.40000e-02  -1.30000e-02  -1.20000e-02  -1.10000e-02  -1.00000e-02  -9.00000e-03  -8.00000e-03  -7.00000e-03  -6.00000e-03  -5.00000e-03  -4.00000e-03  -3.00000e-03  -2.00000e-03  -1.00000e-03   0.00000e+00   1.00000e-03   2.00000e-03   3.00000e-03   4.00000e-03   5.00000e-03   6.00000e-03   7.00000e-03   8.00000e-03   9.00000e-03   1.00000e-02   1.10000e-02   1.20000e-02   1.30000e-02   1.40000e-02   1.50000e-02   1.60000e-02   1.70000e-02   1.80000e-02   1.90000e-02   2.00000e-02   2.10000e-02   2.20000e-02   2.30000e-02   2.40000e-02   2.50000e-02   2.60000e-02   2.70000e-02   2.80000e-02   2.90000e-02   3.00000e-02
   4.50000e-03   1.15142e-01   1.14082e-01   1.19869e-01   1.24626e-01   1.27700e-01   1.25851e-01   1.23769e-01   1.24671e-01   1.26604e-01   1.27192e-01   1.25927e-01   1.26101e-01   1.25985e-01   1.27198e-01   1.29312e-01   1.30509e-01   1.30247e-01   1.30943e-01   1.30724e-01   1.31534e-01   1.30647e-01   1.25703e-01   1.20897e-01   1.19291e-01   1.15920e-01   1.12727e-01   1.08134e-01   1.06245e-01   1.04242e-01   1.02038e-01   1.00053e-01   9.81830e-02   9.65327e-02   9.48707e-02   9.32118e-02   9.15654e-02   8.99547e-02   8.83515e-02   8.67778e-02   8.52053e-02   8.36703e-02   8.21238e-02   8.06117e-02   7.90875e-02   7.75877e-02   7.60910e-02   7.46035e-02   7.31373e-02   7.16761e-02   7.02668e-02   6.88695e-02   6.75514e-02   6.63088e-02   6.52077e-02   6.43711e-02   6.40309e-02   6.34882e-02   5.97122e-02   5.24893e-02   4.61388e-02   4.12898e-02
   3.50000e-03   1.03479e-01   1.06534e-01   1.11760e-01   1.16325e-01   1.19772e-01   1.21584e-01   1.21918e-01   1.22625e-01   1.22827e-01   1.23220e-01   1.23003e-01   1.23036e-01   1.22489e-01   1.22078e-01   1.21462e-01   1.20866e-01   1.20182e-01   1.19667e-01   1.19133e-01   1.19188e-01   1.18469e-01   1.15467e-01   1.12171e-01   1.09458e-01   1.06971e-01   1.04649e-01   1.02454e-01   1.00324e-01   9.82720e-02   9.62836e-02   9.44181e-02   9.26794e-02   9.10514e-02   8.94781e-02   8.79325e-02   8.64094e-02   8.49077e-02   8.34234e-02   8.19543e-02   8.04983e-02   7.90548e-02   7.76199e-02   7.61937e-02   7.47728e-02   7.33584e-02   7.19487e-02   7.05441e-02   6.91450e-02   6.77521e-02   6.63679e-02   6.49903e-02   6.36224e-02   6.22619e-02   6.09034e-02   5.95162e-02   5.79409e-02   5.56574e-02   5.20007e-02   4.72370e-02   4.24409e-02   3.81251e-02
   2.50000e-03   9.41426e-02   9.85375e-02   1.02939e-01   1.06993e-01   1.10276e-01   1.12582e-01   1.14032e-01   1.15016e-01   1.15654e-01   1.16044e-01   1.16186e-01   1.16144e-01   1.15890e-01   1.15506e-01   1.15031e-01   1.14504e-01   1.13957e-01   1.13411e-01   1.12848e-01   1.12167e-01   1.10962e-01   1.09001e-01   1.06664e-01   1.04341e-01   1.02122e-01   1.00000e-01   9.79644e-02   9.59999e-02   9.41045e-02   9.22821e-02   9.05458e-02   8.88981e-02   8.73272e-02   8.58108e-02   8.43307e-02   8.28774e-02   8.14454e-02   8.00309e-02   7.86308e-02   7.72428e-02   7.58648e-02   7.44947e-02   7.31308e-02   7.17715e-02   7.04153e-02   6.90610e-02   6.77067e-02   6.63503e-02   6.49887e-02   6.36165e-02   6.22244e-02   6.07981e-02   5.93123e-02   5.77227e-02   5.59445e-02   5.38185e-02   5.11147e-02   4.76986e-02   4.37617e-02   3.97111e-02   3.58266e-02
   1.50000e-03   8.82701e-02   9.31920e-02   9.76082e-02   1.01511e-01   1.04758e-01   1.07259e-01   1.09064e-01   1.10323e-01   1.11169e-01   1.11695e-01   1.11957e-01   1.12002e-01   1.11861e-01   1.11576e-01   1.11187e-01   1.10720e-01   1.10192e-01   1.09599e-01   1.08899e-01   1.07994e-01   1.06739e-01   1.05084e-01   1.03153e-01   1.01119e-01   9.90877e-02   9.71003e-02   9.51715e-02   9.33047e-02   9.15023e-02   8.97677e-02   8.81046e-02   8.65121e-02   8.49823e-02   8.35026e-02   8.20609e-02   8.06480e-02   7.92574e-02   7.78846e-02   7.65261e-02   7.51791e-02   7.38413e-02   7.25106e-02   7.11851e-02   6.98630e-02   6.85424e-02   6.72211e-02   6.58962e-02   6.45635e-02   6.32167e-02   6.18457e-02   6.04345e-02   5.89584e-02   5.73786e-02   5.56362e-02   5.36452e-02   5.12961e-02   4.84926e-02   4.52297e-02   4.16454e-02   3.79573e-02   3.43408e-02
   5.00000e-04   8.54294e-02   9.05709e-02   9.50499e-02   9.89312e-02   1.02179e-01   1.04755e-01   1.06688e-01   1.08073e-01   1.09018e-01   1.09615e-01   1.09935e-01   1.10028e-01   1.09936e-01   1.09697e-01   1.09345e-01   1.08903e-01   1.08379e-01   1.07759e-01   1.07001e-01   1.06032e-01   1.04781e-01   1.03232e-01   1.01454e-01   9.95529e-02   9.76165e-02   9.56979e-02   9.38229e-02   9.20032e-02   9.02442e-02   8.85494e-02   8.69201e-02   8.53541e-02   8.38451e-02   8.23838e-02   8.09604e-02   7.95665e-02   7.81954e-02   7.68423e-02   7.55035e-02   7.41760e-02   7.28573e-02   7.15454e-02   7.02382e-02   6.89338e-02   6.76300e-02   6.63243e-02   6.50129e-02   6.36907e-02   6.23496e-02   6.09771e-02   5.95538e-02   5.80500e-02   5.64217e-02   5.46067e-02   5.25261e-02   5.00986e-02   4.72755e-02   4.40844e-02   4.06410e-02   3.71049e-02   3.36139e-02
  -5.00000e-04   8.54294e-02   9.05709e-02   9.50499e-02   9.89312e-02   1.02179e-01   1.04755e-01   1.06688e-01   1.08073e-01   1.09018e-01   1.09615e-01   1.09935e-01   1.10028e-01   1.09936e-01   1.09697e-01   1.09345e-01   1.08903e-01   1.08379e-01   1.07759e-01   1.07001e-01   1.06032e-01   1.04781e-01   1.03232e-01   1.01454e-01   9.95529e-02   9.76165e-02   9.56979e-02   9.38229e-02   9.20032e-02   9.02442e-02   8.85494e-02   8.69201e-02   8.53541e-02   8.38451e-02   8.23838e-02   8.09604e-02   7.95665e-02   7.81954e-02   7.68423e-02   7.55035e-02   7.41760e-02   7.28573e-02   7.15454e-02   7.02382e-02   6.89338e-02   6.76300e-02   6.63243e-02   6.50129e-02   6.36907e-02   6.23496e-02   6.09771e-02   5.95538e-02   5.80500e-02   5.64217e-02   5.46067e-02   5.25261e-02   5.00986e-02   4.72755e-02   4.40844e-02   4.06410e-02   3.71049e-02   3.36139e-02
  -1.50000e-03   8.82701e-02   9.31920e-02   9.76082e-02   1.01511e-01   1.04758e-01   1.07259e-01   1.09064e-01   1.10323e-01   1.11169e-01   1.11695e-01   1.11957e-01   1.12002e-01   1.11861e-01   1.11576e-01   1.11187e-01   1.10720e-01   1.10192e-01   1.09599e-01   1.08899e-01   1.07994e-01   1.06739e-01   1.05084e-01   1.03153e-01   1.01119e-01   9.90877e-02   9.71003e-02   9.51715e-02   9.33047e-02   9.15023e-02   8.97677e-02   8.81046e-02   8.65121e-02   8.49823e-02   8.35026e-02   8.20609e-02   8.06480e-02   7.92574e-02   7.78846e-02   7.65261e-02   7.51791e-02   7.38413e-02   7.25106e-02   7.11851e-02   6.98630e-02   6.85424e-02   6.72211e-02   6.58962e-02   6.45635e-02   6.32167e-02   6.18457e-02   6.04345e-02   5.89584e-02   5.73786e-02   5.56362e-02   5.36452e-02   5.12961e-02   4.84926e-02   4.52297e-02   4.16454e-02   3.79573e-02   3.43408e-02
  -2.50000e-03   9.41426e-02   9.85375e-02   1.02939e-01   1.06993e-01   1.10276e-01   1.12582e-01   1.14032e-01   1.15016e-01   1.15654e-01   1.16044e-01   1.16186e-01   1.16144e-01   1.15890e-01   1.15506e-01   1.15031e-01   1.14504e-01   1.13957e-01   1.13411e-01   1.12848e-01   1.12167e-01   1.10962e-01   1.09001e-01   1.06664e-01   1.04341e-01   1.02122e-01   1.00000e-01   9.79644e-02   9.59999e-02   9.41045e-02   9.22821e-02   9.05458e-02   8.88981e-02   8.73272e-02   8.58108e-02   8.43307e-02   8.28774e-02   8.14454e-02   8.00309e-02   7.86308e-02   7.72428e-02   7.58648e-02   7.44947e-02   7.31308e-02   7.17715e-02   7.04153e-02   6.90610e-02   6.77067e-02   6.63503e-02   6.49887e-02   6.36165e-02   6.22244e-02   6.07981e-02   5.93123e-02   5.77227e-02   5.59445e-02   5.38185e-02   5.11147e-02   4.76986e-02   4.37617e-02   3.97111e-02   3.58266e-02
  -3.50000e-03   1.03479e-01   1.06534e-01   1.11760e-01   1.16325e-01   1.19772e-01   1.21584e-01   1.21918e-01   1.22625e-01   1.22827e-01   1.23220e-01   1.23003e-01   1.23036e-01   1.22489e-01   1.22078e-01   1.21462e-01   1.20866e-01   1.20182e-01   1.19667e-01   1.19133e-01   1.19188e-01   1.18469e-01   1.15467e-01   1.12171e-01   1.09458e-01   1.06971e-01   1.04649e-01   1.02454e-01   1.00324e-01   9.82720e-02   9.62836e-02   9.44181e-02   9.26794e-02   9.10514e-02   8.94781e-02   8.79325e-02   8.64094e-02   8.49077e-02   8.34234e-02   8.19543e-02   8.04983e-02   7.90548e-02   7.76199e-02   7.61937e-02   7.47728e-02   7.33584e-02   7.19487e-02   7.05441e-02   6.91450e-02   6.77521e-02   6.63679e-02   6.49903e-02   6.36224e-02   6.22619e-02   6.09034e-02   5.95162e-02   5.79409e-02   5.56574e-02   5.20007e-02   4.72370e-02   4.24409e-02   3.81251e-02
  -4.50000e-03   1.15142e-01   1.14082e-01   1.19869e-01   1.24626e-01   1.27700e-01   1.25851e-01   1.23769e-01   1.24671e-01   1.26604e-01   1.27192e-01   1.25927e-01   1.26101e-01   1.25985e-01   1.27198e-01   1.29312e-01   1.30509e-01   1.30247e-01   1.30943e-01   1.30724e-01   1.31534e-01   1.30647e-01   1.25703e-01   1.20897e-01   1.19291e-01   1.15920e-01   1.12727e-01   1.08134e-01   1.06245e-01   1.04242e-01   1.02038e-01   1.00053e-01   9.81830e-02   9.65327e-02   9.48707e-02   9.32118e-02   9.15654e-02   8.99547e-02   8.83515e-02   8.67778e-02   8.52053e-02   8.36703e-02   8.21238e-02   8.06117e-02   7.90875e-02   7.75877e-02   7.60910e-02   7.46035e-02   7.31373e-02   7.16761e-02   7.02668e-02   6.88695e-02   6.75514e-02   6.63088e-02   6.52077e-02   6.43711e-02   6.40309e-02   6.34882e-02   5.97122e-02   5.24893e-02   4.61388e-02   4.12898e-02
