# Author : Toshi Tanabe
# C3PW_10mm_kickmap
# Total Length of Longitudinal Interval [m]
0.6
# Number of Horizontal Points
61
# Number of Vertical Points
10
# Total Horizontal 2nd Order Kick [T2m2]
START
                -3.00000e-02  -2.90000e-02  -2.80000e-02  -2.70000e-02  -2.60000e-02  -2.50000e-02  -2.40000e-02  -2.30000e-02  -2.20000e-02  -2.10000e-02  -2.00000e-02  -1.90000e-02  -1.80000e-02  -1.70000e-02  -1.60000e-02  -1.50000e-02  -1.40000e-02  -1.30000e-02  -1.20000e-02  -1.10000e-02  -1.00000e-02  -9.00000e-03  -8.00000e-03  -7.00000e-03  -6.00000e-03  -5.00000e-03  -4.00000e-03  -3.00000e-03  -2.00000e-03  -1.00000e-03   0.00000e+00   1.00000e-03   2.00000e-03   3.00000e-03   4.00000e-03   5.00000e-03   6.00000e-03   7.00000e-03   8.00000e-03   9.00000e-03   1.00000e-02   1.10000e-02   1.20000e-02   1.30000e-02   1.40000e-02   1.50000e-02   1.60000e-02   1.70000e-02   1.80000e-02   1.90000e-02   2.00000e-02   2.10000e-02   2.20000e-02   2.30000e-02   2.40000e-02   2.50000e-02   2.60000e-02   2.70000e-02   2.80000e-02   2.90000e-02   3.00000e-02
   4.50000e-03   2.12526e-03   3.92607e-03   4.64921e-03   8.07080e-03   4.53184e-03   1.29307e-03   1.67503e-04  -4.98201e-05  -1.40192e-04  -1.34974e-04  -7.72651e-05  -1.44340e-04  -2.16716e-05  -1.52892e-04  -7.79622e-06  -1.55754e-04  -1.80954e-05  -1.28572e-04  -3.12610e-05  -5.96956e-05  -4.71168e-05   1.00737e-05  -6.40987e-05   3.90327e-05  -7.96724e-05   3.92588e-05  -8.35650e-05   2.68125e-05  -5.98827e-05   9.73888e-06   0.00000e+00  -9.73813e-06   5.98836e-05  -2.68115e-05   8.35655e-05  -3.92575e-05   7.96727e-05  -3.90311e-05   6.40990e-05  -1.00722e-05   4.71172e-05   5.96962e-05   3.12616e-05   1.28572e-04   1.80963e-05   1.55753e-04   7.79723e-06   1.52890e-04   2.16724e-05   1.44338e-04   7.72649e-05   1.34973e-04   1.40190e-04   4.98170e-05  -1.67510e-04  -1.29308e-03  -4.53183e-03  -8.07075e-03  -4.64916e-03  -3.92604e-03  -2.12524e-03
   3.50000e-03   2.04529e-03   3.10140e-03   3.70819e-03   3.41879e-03   1.95455e-03   7.00042e-04   1.13353e-04  -7.57353e-05  -1.29034e-04  -1.35927e-04  -1.24438e-04  -1.17998e-04  -9.95085e-05  -9.73018e-05  -7.93572e-05  -8.01218e-05  -6.53534e-05  -6.43740e-05  -5.35165e-05  -4.91410e-05  -4.36742e-05  -3.58224e-05  -3.54438e-05  -2.51854e-05  -2.77002e-05  -1.61380e-05  -1.89228e-05  -8.60838e-06  -9.46911e-06  -2.56305e-06   0.00000e+00   2.56401e-06   9.47006e-06   8.60933e-06   1.89237e-05   1.61390e-05   2.77011e-05   2.51862e-05   3.54445e-05   3.58232e-05   4.36748e-05   4.91415e-05   5.35170e-05   6.43743e-05   6.53537e-05   8.01219e-05   7.93573e-05   9.73017e-05   9.95084e-05   1.17997e-04   1.24438e-04   1.35927e-04   1.29033e-04   7.57346e-05  -1.13353e-04  -7.00038e-04  -1.95454e-03  -3.41876e-03  -3.70816e-03  -3.10138e-03  -2.04527e-03
   2.50000e-03   1.40543e-03   2.21267e-03   2.37131e-03   1.88673e-03   1.07515e-03   4.14219e-04   6.06451e-05  -8.06394e-05  -1.24698e-04  -1.31189e-04  -1.24427e-04  -1.14649e-04  -1.03733e-04  -9.43662e-05  -8.49042e-05  -7.73086e-05  -6.94451e-05  -6.27417e-05  -5.58821e-05  -4.97358e-05  -4.39647e-05  -3.84270e-05  -3.37082e-05  -2.87028e-05  -2.46061e-05  -1.98267e-05  -1.59717e-05  -1.14943e-05  -7.76876e-06  -3.72157e-06   0.00000e+00   3.72254e-06   7.76971e-06   1.14953e-05   1.59726e-05   1.98276e-05   2.46070e-05   2.87036e-05   3.37090e-05   3.84278e-05   4.39654e-05   4.97364e-05   5.58826e-05   6.27420e-05   6.94454e-05   7.73088e-05   8.49043e-05   9.43662e-05   1.03733e-04   1.14649e-04   1.24427e-04   1.31190e-04   1.24699e-04   8.06410e-05  -6.06415e-05  -4.14211e-04  -1.07514e-03  -1.88672e-03  -2.37129e-03  -2.21265e-03  -1.40541e-03
   1.50000e-03   9.93633e-04   1.61876e-03   1.65928e-03   1.25616e-03   7.08253e-04   2.73643e-04   2.65744e-05  -8.25957e-05  -1.20002e-04  -1.26631e-04  -1.21672e-04  -1.13027e-04  -1.03549e-04  -9.43668e-05  -8.56941e-05  -7.76964e-05  -7.01929e-05  -6.31825e-05  -5.65518e-05  -5.03358e-05  -4.45169e-05  -3.90715e-05  -3.40040e-05  -2.91934e-05  -2.46435e-05  -2.02143e-05  -1.59712e-05  -1.18128e-05  -7.80509e-06  -3.86711e-06   0.00000e+00   3.86807e-06   7.80604e-06   1.18138e-05   1.59722e-05   2.02152e-05   2.46444e-05   2.91942e-05   3.40048e-05   3.90722e-05   4.45176e-05   5.03363e-05   5.65523e-05   6.31829e-05   7.01932e-05   7.76966e-05   8.56942e-05   9.43669e-05   1.03549e-04   1.13028e-04   1.21672e-04   1.26631e-04   1.20004e-04   8.25985e-05  -2.65694e-05  -2.73634e-04  -7.08241e-04  -1.25615e-03  -1.65926e-03  -1.61875e-03  -9.93623e-04
   5.00000e-04   8.11339e-04   1.34791e-03   1.36147e-03   1.01196e-03   5.64632e-04   2.13684e-04   9.85736e-06  -8.37774e-05  -1.17357e-04  -1.23909e-04  -1.19787e-04  -1.11952e-04  -1.03117e-04  -9.43051e-05  -8.58737e-05  -7.79335e-05  -7.04719e-05  -6.34543e-05  -5.68449e-05  -5.06307e-05  -4.48010e-05  -3.93379e-05  -3.42110e-05  -2.93676e-05  -2.47571e-05  -2.03272e-05  -1.60514e-05  -1.19022e-05  -7.86439e-06  -3.90838e-06   0.00000e+00   3.90934e-06   7.86534e-06   1.19031e-05   1.60523e-05   2.03281e-05   2.47579e-05   2.93684e-05   3.42118e-05   3.93386e-05   4.48016e-05   5.06312e-05   5.68454e-05   6.34547e-05   7.04722e-05   7.79337e-05   8.58739e-05   9.43053e-05   1.03117e-04   1.11952e-04   1.19788e-04   1.23910e-04   1.17359e-04   8.37809e-05  -9.85174e-06  -2.13675e-04  -5.64621e-04  -1.01194e-03  -1.36145e-03  -1.34790e-03  -8.11330e-04
  -5.00000e-04   8.11339e-04   1.34791e-03   1.36147e-03   1.01196e-03   5.64632e-04   2.13684e-04   9.85736e-06  -8.37774e-05  -1.17357e-04  -1.23909e-04  -1.19787e-04  -1.11952e-04  -1.03117e-04  -9.43051e-05  -8.58737e-05  -7.79335e-05  -7.04719e-05  -6.34543e-05  -5.68449e-05  -5.06307e-05  -4.48010e-05  -3.93379e-05  -3.42110e-05  -2.93676e-05  -2.47571e-05  -2.03272e-05  -1.60514e-05  -1.19022e-05  -7.86439e-06  -3.90838e-06   0.00000e+00   3.90934e-06   7.86534e-06   1.19031e-05   1.60523e-05   2.03281e-05   2.47579e-05   2.93684e-05   3.42118e-05   3.93386e-05   4.48016e-05   5.06312e-05   5.68454e-05   6.34547e-05   7.04722e-05   7.79337e-05   8.58739e-05   9.43053e-05   1.03117e-04   1.11952e-04   1.19788e-04   1.23910e-04   1.17359e-04   8.37809e-05  -9.85174e-06  -2.13675e-04  -5.64621e-04  -1.01194e-03  -1.36145e-03  -1.34790e-03  -8.11330e-04
  -1.50000e-03   9.93633e-04   1.61876e-03   1.65928e-03   1.25616e-03   7.08253e-04   2.73643e-04   2.65744e-05  -8.25957e-05  -1.20002e-04  -1.26631e-04  -1.21672e-04  -1.13027e-04  -1.03549e-04  -9.43668e-05  -8.56941e-05  -7.76964e-05  -7.01929e-05  -6.31825e-05  -5.65518e-05  -5.03358e-05  -4.45169e-05  -3.90715e-05  -3.40040e-05  -2.91934e-05  -2.46435e-05  -2.02143e-05  -1.59712e-05  -1.18128e-05  -7.80509e-06  -3.86711e-06   0.00000e+00   3.86807e-06   7.80604e-06   1.18138e-05   1.59722e-05   2.02152e-05   2.46444e-05   2.91942e-05   3.40048e-05   3.90722e-05   4.45176e-05   5.03363e-05   5.65523e-05   6.31829e-05   7.01932e-05   7.76966e-05   8.56942e-05   9.43669e-05   1.03549e-04   1.13028e-04   1.21672e-04   1.26631e-04   1.20004e-04   8.25985e-05  -2.65694e-05  -2.73634e-04  -7.08241e-04  -1.25615e-03  -1.65926e-03  -1.61875e-03  -9.93623e-04
  -2.50000e-03   1.40543e-03   2.21267e-03   2.37131e-03   1.88673e-03   1.07515e-03   4.14219e-04   6.06451e-05  -8.06394e-05  -1.24698e-04  -1.31189e-04  -1.24427e-04  -1.14649e-04  -1.03733e-04  -9.43662e-05  -8.49042e-05  -7.73086e-05  -6.94451e-05  -6.27417e-05  -5.58821e-05  -4.97358e-05  -4.39647e-05  -3.84270e-05  -3.37082e-05  -2.87028e-05  -2.46061e-05  -1.98267e-05  -1.59717e-05  -1.14943e-05  -7.76876e-06  -3.72157e-06   0.00000e+00   3.72254e-06   7.76971e-06   1.14953e-05   1.59726e-05   1.98276e-05   2.46070e-05   2.87036e-05   3.37090e-05   3.84278e-05   4.39654e-05   4.97364e-05   5.58826e-05   6.27420e-05   6.94454e-05   7.73088e-05   8.49043e-05   9.43662e-05   1.03733e-04   1.14649e-04   1.24427e-04   1.31190e-04   1.24699e-04   8.06410e-05  -6.06415e-05  -4.14211e-04  -1.07514e-03  -1.88672e-03  -2.37129e-03  -2.21265e-03  -1.40541e-03
  -3.50000e-03   2.04529e-03   3.10140e-03   3.70819e-03   3.41879e-03   1.95455e-03   7.00042e-04   1.13353e-04  -7.57353e-05  -1.29034e-04  -1.35927e-04  -1.24438e-04  -1.17998e-04  -9.95085e-05  -9.73018e-05  -7.93572e-05  -8.01218e-05  -6.53534e-05  -6.43740e-05  -5.35165e-05  -4.91410e-05  -4.36742e-05  -3.58224e-05  -3.54438e-05  -2.51854e-05  -2.77002e-05  -1.61380e-05  -1.89228e-05  -8.60838e-06  -9.46911e-06  -2.56305e-06   0.00000e+00   2.56401e-06   9.47006e-06   8.60933e-06   1.89237e-05   1.61390e-05   2.77011e-05   2.51862e-05   3.54445e-05   3.58232e-05   4.36748e-05   4.91415e-05   5.35170e-05   6.43743e-05   6.53537e-05   8.01219e-05   7.93573e-05   9.73017e-05   9.95084e-05   1.17997e-04   1.24438e-04   1.35927e-04   1.29033e-04   7.57347e-05  -1.13353e-04  -7.00037e-04  -1.95454e-03  -3.41876e-03  -3.70816e-03  -3.10138e-03  -2.04527e-03
  -4.50000e-03   2.12526e-03   3.92607e-03   4.64921e-03   8.07080e-03   4.53184e-03   1.29307e-03   1.67503e-04  -4.98201e-05  -1.40192e-04  -1.34974e-04  -7.72651e-05  -1.44340e-04  -2.16716e-05  -1.52892e-04  -7.79625e-06  -1.55754e-04  -1.80954e-05  -1.28572e-04  -3.12610e-05  -5.96956e-05  -4.71168e-05   1.00737e-05  -6.40987e-05   3.90327e-05  -7.96724e-05   3.92588e-05  -8.35650e-05   2.68125e-05  -5.98827e-05   9.73888e-06   0.00000e+00  -9.73813e-06   5.98836e-05  -2.68115e-05   8.35655e-05  -3.92575e-05   7.96727e-05  -3.90311e-05   6.40990e-05  -1.00722e-05   4.71172e-05   5.96962e-05   3.12616e-05   1.28572e-04   1.80963e-05   1.55753e-04   7.79725e-06   1.52890e-04   2.16724e-05   1.44338e-04   7.72649e-05   1.34973e-04   1.40190e-04   4.98170e-05  -1.67510e-04  -1.29308e-03  -4.53183e-03  -8.07075e-03  -4.64916e-03  -3.92604e-03  -2.12524e-03
# Total Vertical 2nd Order Kick [T2m2]
START
                -3.00000e-02  -2.90000e-02  -2.80000e-02  -2.70000e-02  -2.60000e-02  -2.50000e-02  -2.40000e-02  -2.30000e-02  -2.20000e-02  -2.10000e-02  -2.00000e-02  -1.90000e-02  -1.80000e-02  -1.70000e-02  -1.60000e-02  -1.50000e-02  -1.40000e-02  -1.30000e-02  -1.20000e-02  -1.10000e-02  -1.00000e-02  -9.00000e-03  -8.00000e-03  -7.00000e-03  -6.00000e-03  -5.00000e-03  -4.00000e-03  -3.00000e-03  -2.00000e-03  -1.00000e-03   0.00000e+00   1.00000e-03   2.00000e-03   3.00000e-03   4.00000e-03   5.00000e-03   6.00000e-03   7.00000e-03   8.00000e-03   9.00000e-03   1.00000e-02   1.10000e-02   1.20000e-02   1.30000e-02   1.40000e-02   1.50000e-02   1.60000e-02   1.70000e-02   1.80000e-02   1.90000e-02   2.00000e-02   2.10000e-02   2.20000e-02   2.30000e-02   2.40000e-02   2.50000e-02   2.60000e-02   2.70000e-02   2.80000e-02   2.90000e-02   3.00000e-02
   4.50000e-03  -1.31386e-02  -1.34612e-02  -1.46333e-02  -1.13835e-02  -3.20015e-03  -9.71936e-04  -4.87450e-04  -5.39076e-04  -3.67791e-04  -5.14995e-04  -3.50270e-04  -4.93485e-04  -3.90712e-04  -4.59613e-04  -4.25694e-04  -4.08004e-04  -4.44733e-04  -3.48226e-04  -4.50181e-04  -3.07987e-04  -4.45312e-04  -3.27790e-04  -4.32502e-04  -3.71875e-04  -4.12792e-04  -4.05803e-04  -3.78345e-04  -4.23747e-04  -3.30770e-04  -4.30548e-04  -3.02539e-04  -4.30547e-04  -3.30770e-04  -4.23747e-04  -3.78346e-04  -4.05803e-04  -4.12792e-04  -3.71875e-04  -4.32502e-04  -3.27791e-04  -4.45312e-04  -3.07989e-04  -4.50180e-04  -3.48227e-04  -4.44733e-04  -4.08006e-04  -4.25695e-04  -4.59614e-04  -3.90713e-04  -4.93485e-04  -3.50273e-04  -5.14996e-04  -3.67796e-04  -5.39080e-04  -4.87462e-04  -9.71957e-04  -3.20019e-03  -1.13835e-02  -1.46333e-02  -1.34611e-02  -1.31386e-02
   3.50000e-03  -7.53292e-03  -6.78922e-03  -5.56917e-03  -3.41856e-03  -1.41386e-03  -5.99136e-04  -3.95085e-04  -3.78372e-04  -3.67272e-04  -3.79932e-04  -3.72048e-04  -3.80309e-04  -3.73103e-04  -3.75447e-04  -3.72181e-04  -3.69060e-04  -3.71618e-04  -3.65019e-04  -3.70836e-04  -3.62022e-04  -3.68529e-04  -3.60329e-04  -3.65282e-04  -3.60352e-04  -3.62481e-04  -3.61841e-04  -3.59794e-04  -3.63096e-04  -3.57484e-04  -3.63551e-04  -3.56390e-04  -3.63551e-04  -3.57484e-04  -3.63096e-04  -3.59794e-04  -3.61841e-04  -3.62481e-04  -3.60352e-04  -3.65282e-04  -3.60329e-04  -3.68528e-04  -3.62022e-04  -3.70836e-04  -3.65019e-04  -3.71617e-04  -3.69060e-04  -3.72181e-04  -3.75447e-04  -3.73103e-04  -3.80309e-04  -3.72049e-04  -3.79933e-04  -3.67275e-04  -3.78377e-04  -3.95093e-04  -5.99150e-04  -1.41387e-03  -3.41857e-03  -5.56917e-03  -6.78920e-03  -7.53290e-03
   2.50000e-03  -4.01586e-03  -3.36499e-03  -2.47572e-03  -1.47555e-03  -7.21299e-04  -3.68818e-04  -2.62481e-04  -2.45387e-04  -2.47341e-04  -2.53166e-04  -2.56410e-04  -2.58856e-04  -2.59153e-04  -2.59085e-04  -2.58289e-04  -2.57308e-04  -2.56770e-04  -2.55717e-04  -2.55383e-04  -2.54166e-04  -2.53825e-04  -2.52681e-04  -2.52379e-04  -2.51669e-04  -2.51488e-04  -2.51225e-04  -2.50894e-04  -2.50887e-04  -2.50375e-04  -2.50582e-04  -2.50110e-04  -2.50582e-04  -2.50375e-04  -2.50887e-04  -2.50894e-04  -2.51225e-04  -2.51488e-04  -2.51669e-04  -2.52379e-04  -2.52681e-04  -2.53825e-04  -2.54166e-04  -2.55383e-04  -2.55717e-04  -2.56770e-04  -2.57308e-04  -2.58289e-04  -2.59085e-04  -2.59153e-04  -2.58857e-04  -2.56411e-04  -2.53167e-04  -2.47343e-04  -2.45391e-04  -2.62487e-04  -3.68825e-04  -7.21307e-04  -1.47556e-03  -2.47571e-03  -3.36498e-03  -4.01584e-03
   1.50000e-03  -1.94524e-03  -1.58573e-03  -1.12768e-03  -6.80258e-04  -3.63095e-04  -2.05149e-04  -1.50538e-04  -1.39655e-04  -1.41568e-04  -1.45679e-04  -1.48910e-04  -1.50932e-04  -1.51867e-04  -1.52115e-04  -1.51934e-04  -1.51560e-04  -1.51164e-04  -1.50727e-04  -1.50321e-04  -1.49850e-04  -1.49431e-04  -1.48989e-04  -1.48645e-04  -1.48348e-04  -1.48145e-04  -1.47980e-04  -1.47832e-04  -1.47715e-04  -1.47584e-04  -1.47523e-04  -1.47468e-04  -1.47523e-04  -1.47584e-04  -1.47715e-04  -1.47832e-04  -1.47980e-04  -1.48145e-04  -1.48348e-04  -1.48645e-04  -1.48989e-04  -1.49431e-04  -1.49850e-04  -1.50321e-04  -1.50727e-04  -1.51164e-04  -1.51560e-04  -1.51934e-04  -1.52115e-04  -1.51867e-04  -1.50932e-04  -1.48911e-04  -1.45680e-04  -1.41569e-04  -1.39657e-04  -1.50541e-04  -2.05153e-04  -3.63099e-04  -6.80259e-04  -1.12768e-03  -1.58572e-03  -1.94523e-03
   5.00000e-04  -5.80522e-04  -4.69675e-04  -3.31506e-04  -2.02404e-04  -1.12401e-04  -6.62647e-05  -4.92294e-05  -4.54733e-05  -4.60869e-05  -4.75550e-05  -4.87886e-05  -4.95872e-05  -5.00030e-05  -5.01527e-05  -5.01398e-05  -5.00452e-05  -4.99214e-05  -4.97857e-05  -4.96463e-05  -4.95000e-05  -4.93570e-05  -4.92200e-05  -4.91027e-05  -4.90071e-05  -4.89348e-05  -4.88777e-05  -4.88291e-05  -4.87871e-05  -4.87500e-05  -4.87257e-05  -4.87151e-05  -4.87257e-05  -4.87500e-05  -4.87871e-05  -4.88291e-05  -4.88777e-05  -4.89348e-05  -4.90071e-05  -4.91027e-05  -4.92200e-05  -4.93570e-05  -4.95000e-05  -4.96463e-05  -4.97856e-05  -4.99214e-05  -5.00452e-05  -5.01398e-05  -5.01527e-05  -5.00031e-05  -4.95873e-05  -4.87888e-05  -4.75553e-05  -4.60874e-05  -4.54740e-05  -4.92304e-05  -6.62659e-05  -1.12402e-04  -2.02405e-04  -3.31505e-04  -4.69673e-04  -5.80519e-04
  -5.00000e-04   5.80522e-04   4.69675e-04   3.31506e-04   2.02404e-04   1.12401e-04   6.62647e-05   4.92294e-05   4.54733e-05   4.60869e-05   4.75550e-05   4.87886e-05   4.95872e-05   5.00030e-05   5.01527e-05   5.01398e-05   5.00452e-05   4.99214e-05   4.97856e-05   4.96463e-05   4.95000e-05   4.93570e-05   4.92200e-05   4.91027e-05   4.90071e-05   4.89348e-05   4.88777e-05   4.88291e-05   4.87871e-05   4.87499e-05   4.87257e-05   4.87151e-05   4.87257e-05   4.87499e-05   4.87871e-05   4.88291e-05   4.88777e-05   4.89348e-05   4.90071e-05   4.91027e-05   4.92200e-05   4.93570e-05   4.95000e-05   4.96463e-05   4.97856e-05   4.99214e-05   5.00452e-05   5.01398e-05   5.01527e-05   5.00031e-05   4.95873e-05   4.87888e-05   4.75553e-05   4.60874e-05   4.54740e-05   4.92304e-05   6.62659e-05   1.12402e-04   2.02405e-04   3.31505e-04   4.69673e-04   5.80519e-04
  -1.50000e-03   1.94524e-03   1.58573e-03   1.12768e-03   6.80258e-04   3.63095e-04   2.05149e-04   1.50538e-04   1.39655e-04   1.41568e-04   1.45679e-04   1.48910e-04   1.50932e-04   1.51867e-04   1.52115e-04   1.51934e-04   1.51560e-04   1.51164e-04   1.50727e-04   1.50321e-04   1.49850e-04   1.49431e-04   1.48989e-04   1.48645e-04   1.48348e-04   1.48145e-04   1.47980e-04   1.47832e-04   1.47715e-04   1.47584e-04   1.47523e-04   1.47468e-04   1.47523e-04   1.47584e-04   1.47715e-04   1.47832e-04   1.47980e-04   1.48145e-04   1.48348e-04   1.48645e-04   1.48989e-04   1.49431e-04   1.49850e-04   1.50321e-04   1.50727e-04   1.51164e-04   1.51560e-04   1.51934e-04   1.52115e-04   1.51867e-04   1.50932e-04   1.48911e-04   1.45680e-04   1.41569e-04   1.39657e-04   1.50541e-04   2.05153e-04   3.63099e-04   6.80259e-04   1.12768e-03   1.58572e-03   1.94523e-03
  -2.50000e-03   4.01586e-03   3.36499e-03   2.47572e-03   1.47555e-03   7.21299e-04   3.68818e-04   2.62481e-04   2.45387e-04   2.47341e-04   2.53166e-04   2.56410e-04   2.58856e-04   2.59153e-04   2.59085e-04   2.58289e-04   2.57308e-04   2.56770e-04   2.55717e-04   2.55383e-04   2.54166e-04   2.53825e-04   2.52681e-04   2.52379e-04   2.51669e-04   2.51488e-04   2.51225e-04   2.50894e-04   2.50887e-04   2.50375e-04   2.50582e-04   2.50110e-04   2.50582e-04   2.50375e-04   2.50887e-04   2.50894e-04   2.51225e-04   2.51488e-04   2.51669e-04   2.52379e-04   2.52681e-04   2.53825e-04   2.54166e-04   2.55383e-04   2.55717e-04   2.56770e-04   2.57308e-04   2.58289e-04   2.59085e-04   2.59153e-04   2.58857e-04   2.56411e-04   2.53167e-04   2.47343e-04   2.45391e-04   2.62487e-04   3.68825e-04   7.21307e-04   1.47556e-03   2.47571e-03   3.36498e-03   4.01584e-03
  -3.50000e-03   7.53292e-03   6.78922e-03   5.56917e-03   3.41856e-03   1.41386e-03   5.99136e-04   3.95085e-04   3.78372e-04   3.67272e-04   3.79932e-04   3.72048e-04   3.80309e-04   3.73103e-04   3.75447e-04   3.72181e-04   3.69060e-04   3.71618e-04   3.65019e-04   3.70836e-04   3.62022e-04   3.68529e-04   3.60329e-04   3.65282e-04   3.60352e-04   3.62481e-04   3.61841e-04   3.59794e-04   3.63096e-04   3.57484e-04   3.63551e-04   3.56390e-04   3.63551e-04   3.57484e-04   3.63096e-04   3.59794e-04   3.61841e-04   3.62481e-04   3.60352e-04   3.65282e-04   3.60329e-04   3.68528e-04   3.62022e-04   3.70836e-04   3.65019e-04   3.71617e-04   3.69060e-04   3.72181e-04   3.75447e-04   3.73103e-04   3.80309e-04   3.72049e-04   3.79933e-04   3.67275e-04   3.78377e-04   3.95093e-04   5.99150e-04   1.41387e-03   3.41857e-03   5.56917e-03   6.78920e-03   7.53290e-03
  -4.50000e-03   1.31386e-02   1.34612e-02   1.46333e-02   1.13835e-02   3.20015e-03   9.71936e-04   4.87450e-04   5.39076e-04   3.67791e-04   5.14995e-04   3.50270e-04   4.93485e-04   3.90712e-04   4.59613e-04   4.25694e-04   4.08005e-04   4.44733e-04   3.48226e-04   4.50181e-04   3.07987e-04   4.45312e-04   3.27790e-04   4.32502e-04   3.71875e-04   4.12792e-04   4.05803e-04   3.78345e-04   4.23748e-04   3.30770e-04   4.30548e-04   3.02539e-04   4.30547e-04   3.30770e-04   4.23747e-04   3.78346e-04   4.05803e-04   4.12792e-04   3.71876e-04   4.32502e-04   3.27791e-04   4.45312e-04   3.07989e-04   4.50180e-04   3.48227e-04   4.44733e-04   4.08006e-04   4.25695e-04   4.59614e-04   3.90713e-04   4.93485e-04   3.50273e-04   5.14996e-04   3.67796e-04   5.39080e-04   4.87462e-04   9.71957e-04   3.20019e-03   1.13835e-02   1.46333e-02   1.34611e-02   1.31386e-02
# Total Longitudinally Integrated Squared Transverse Magnetic Field [T2m]
START
                -3.00000e-02  -2.90000e-02  -2.80000e-02  -2.70000e-02  -2.60000e-02  -2.50000e-02  -2.40000e-02  -2.30000e-02  -2.20000e-02  -2.10000e-02  -2.00000e-02  -1.90000e-02  -1.80000e-02  -1.70000e-02  -1.60000e-02  -1.50000e-02  -1.40000e-02  -1.30000e-02  -1.20000e-02  -1.10000e-02  -1.00000e-02  -9.00000e-03  -8.00000e-03  -7.00000e-03  -6.00000e-03  -5.00000e-03  -4.00000e-03  -3.00000e-03  -2.00000e-03  -1.00000e-03   0.00000e+00   1.00000e-03   2.00000e-03   3.00000e-03   4.00000e-03   5.00000e-03   6.00000e-03   7.00000e-03   8.00000e-03   9.00000e-03   1.00000e-02   1.10000e-02   1.20000e-02   1.30000e-02   1.40000e-02   1.50000e-02   1.60000e-02   1.70000e-02   1.80000e-02   1.90000e-02   2.00000e-02   2.10000e-02   2.20000e-02   2.30000e-02   2.40000e-02   2.50000e-02   2.60000e-02   2.70000e-02   2.80000e-02   2.90000e-02   3.00000e-02
   4.50000e-03   8.35660e-02   8.65936e-02   9.27351e-02   9.97114e-02   1.03418e-01   1.03681e-01   1.03156e-01   1.03616e-01   1.03561e-01   1.04382e-01   1.04488e-01   1.05257e-01   1.05476e-01   1.06015e-01   1.06342e-01   1.06640e-01   1.07056e-01   1.07153e-01   1.07620e-01   1.07597e-01   1.08046e-01   1.08003e-01   1.08350e-01   1.08356e-01   1.08550e-01   1.08632e-01   1.08656e-01   1.08816e-01   1.08691e-01   1.08907e-01   1.08693e-01   1.08907e-01   1.08691e-01   1.08816e-01   1.08656e-01   1.08632e-01   1.08550e-01   1.08356e-01   1.08350e-01   1.08003e-01   1.08046e-01   1.07597e-01   1.07620e-01   1.07153e-01   1.07056e-01   1.06640e-01   1.06342e-01   1.06015e-01   1.05476e-01   1.05257e-01   1.04488e-01   1.04382e-01   1.03561e-01   1.03616e-01   1.03156e-01   1.03681e-01   1.03418e-01   9.97114e-02   9.27351e-02   8.65936e-02   8.35660e-02
   3.50000e-03   7.49491e-02   7.90848e-02   8.37891e-02   8.84916e-02   9.20266e-02   9.40367e-02   9.51564e-02   9.60052e-02   9.66953e-02   9.73584e-02   9.79234e-02   9.84709e-02   9.89389e-02   9.93779e-02   9.97667e-02   1.00115e-01   1.00439e-01   1.00713e-01   1.00980e-01   1.01192e-01   1.01405e-01   1.01569e-01   1.01732e-01   1.01857e-01   1.01974e-01   1.02067e-01   1.02140e-01   1.02204e-01   1.02236e-01   1.02271e-01   1.02267e-01   1.02271e-01   1.02236e-01   1.02204e-01   1.02140e-01   1.02067e-01   1.01974e-01   1.01857e-01   1.01732e-01   1.01569e-01   1.01405e-01   1.01192e-01   1.00980e-01   1.00713e-01   1.00439e-01   1.00115e-01   9.97667e-02   9.93779e-02   9.89389e-02   9.84709e-02   9.79234e-02   9.73584e-02   9.66953e-02   9.60052e-02   9.51564e-02   9.40367e-02   9.20266e-02   8.84916e-02   8.37891e-02   7.90848e-02   7.49491e-02
   2.50000e-03   6.87985e-02   7.33196e-02   7.76898e-02   8.17525e-02   8.51313e-02   8.76382e-02   8.94195e-02   9.07328e-02   9.17554e-02   9.25934e-02   9.32978e-02   9.39049e-02   9.44319e-02   9.48953e-02   9.53046e-02   9.56679e-02   9.59918e-02   9.62792e-02   9.65358e-02   9.67618e-02   9.69626e-02   9.71374e-02   9.72908e-02   9.74222e-02   9.75345e-02   9.76276e-02   9.77025e-02   9.77605e-02   9.78006e-02   9.78254e-02   9.78328e-02   9.78254e-02   9.78006e-02   9.77605e-02   9.77025e-02   9.76276e-02   9.75345e-02   9.74222e-02   9.72908e-02   9.71374e-02   9.69626e-02   9.67618e-02   9.65358e-02   9.62792e-02   9.59918e-02   9.56679e-02   9.53046e-02   9.48953e-02   9.44319e-02   9.39049e-02   9.32978e-02   9.25934e-02   9.17554e-02   9.07328e-02   8.94195e-02   8.76382e-02   8.51313e-02   8.17525e-02   7.76898e-02   7.33196e-02   6.87985e-02
   1.50000e-03   6.48779e-02   6.95471e-02   7.38395e-02   7.77139e-02   8.10335e-02   8.37077e-02   8.57741e-02   8.73553e-02   8.85823e-02   8.95583e-02   9.03544e-02   9.10189e-02   9.15836e-02   9.20706e-02   9.24950e-02   9.28679e-02   9.31970e-02   9.34882e-02   9.37460e-02   9.39737e-02   9.41742e-02   9.43499e-02   9.45027e-02   9.46343e-02   9.47459e-02   9.48387e-02   9.49135e-02   9.49709e-02   9.50114e-02   9.50356e-02   9.50436e-02   9.50356e-02   9.50114e-02   9.49709e-02   9.49135e-02   9.48387e-02   9.47459e-02   9.46343e-02   9.45027e-02   9.43499e-02   9.41742e-02   9.39737e-02   9.37460e-02   9.34882e-02   9.31970e-02   9.28678e-02   9.24950e-02   9.20706e-02   9.15836e-02   9.10189e-02   9.03544e-02   8.95583e-02   8.85823e-02   8.73553e-02   8.57741e-02   8.37077e-02   8.10335e-02   7.77138e-02   7.38395e-02   6.95471e-02   6.48779e-02
   5.00000e-04   6.29864e-02   6.76968e-02   7.19722e-02   7.57949e-02   7.90984e-02   8.18303e-02   8.40059e-02   8.57038e-02   8.70278e-02   8.80742e-02   8.89181e-02   8.96139e-02   9.01988e-02   9.06987e-02   9.11314e-02   9.15094e-02   9.18417e-02   9.21348e-02   9.23937e-02   9.26220e-02   9.28229e-02   9.29987e-02   9.31515e-02   9.32830e-02   9.33945e-02   9.34872e-02   9.35618e-02   9.36191e-02   9.36596e-02   9.36837e-02   9.36917e-02   9.36837e-02   9.36596e-02   9.36191e-02   9.35618e-02   9.34872e-02   9.33945e-02   9.32830e-02   9.31515e-02   9.29987e-02   9.28229e-02   9.26220e-02   9.23937e-02   9.21348e-02   9.18417e-02   9.15094e-02   9.11314e-02   9.06987e-02   9.01988e-02   8.96139e-02   8.89181e-02   8.80742e-02   8.70278e-02   8.57038e-02   8.40059e-02   8.18303e-02   7.90984e-02   7.57949e-02   7.19722e-02   6.76968e-02   6.29864e-02
  -5.00000e-04   6.29864e-02   6.76968e-02   7.19722e-02   7.57949e-02   7.90984e-02   8.18303e-02   8.40059e-02   8.57038e-02   8.70278e-02   8.80742e-02   8.89181e-02   8.96139e-02   9.01988e-02   9.06987e-02   9.11314e-02   9.15094e-02   9.18417e-02   9.21348e-02   9.23937e-02   9.26220e-02   9.28229e-02   9.29987e-02   9.31515e-02   9.32830e-02   9.33945e-02   9.34872e-02   9.35618e-02   9.36191e-02   9.36596e-02   9.36837e-02   9.36917e-02   9.36837e-02   9.36596e-02   9.36191e-02   9.35618e-02   9.34872e-02   9.33945e-02   9.32830e-02   9.31515e-02   9.29987e-02   9.28229e-02   9.26220e-02   9.23937e-02   9.21348e-02   9.18417e-02   9.15094e-02   9.11314e-02   9.06987e-02   9.01988e-02   8.96139e-02   8.89181e-02   8.80742e-02   8.70278e-02   8.57038e-02   8.40059e-02   8.18303e-02   7.90984e-02   7.57949e-02   7.19722e-02   6.76968e-02   6.29864e-02
  -1.50000e-03   6.48779e-02   6.95471e-02   7.38395e-02   7.77139e-02   8.10335e-02   8.37077e-02   8.57741e-02   8.73553e-02   8.85823e-02   8.95583e-02   9.03544e-02   9.10189e-02   9.15836e-02   9.20706e-02   9.24950e-02   9.28679e-02   9.31970e-02   9.34882e-02   9.37460e-02   9.39737e-02   9.41742e-02   9.43499e-02   9.45027e-02   9.46343e-02   9.47459e-02   9.48387e-02   9.49135e-02   9.49709e-02   9.50114e-02   9.50356e-02   9.50436e-02   9.50356e-02   9.50114e-02   9.49709e-02   9.49135e-02   9.48387e-02   9.47459e-02   9.46343e-02   9.45027e-02   9.43499e-02   9.41742e-02   9.39737e-02   9.37460e-02   9.34882e-02   9.31970e-02   9.28678e-02   9.24950e-02   9.20706e-02   9.15836e-02   9.10189e-02   9.03544e-02   8.95583e-02   8.85823e-02   8.73553e-02   8.57741e-02   8.37077e-02   8.10335e-02   7.77138e-02   7.38395e-02   6.95471e-02   6.48779e-02
  -2.50000e-03   6.87985e-02   7.33196e-02   7.76898e-02   8.17525e-02   8.51313e-02   8.76382e-02   8.94195e-02   9.07328e-02   9.17554e-02   9.25934e-02   9.32978e-02   9.39049e-02   9.44319e-02   9.48953e-02   9.53046e-02   9.56679e-02   9.59918e-02   9.62792e-02   9.65358e-02   9.67618e-02   9.69626e-02   9.71374e-02   9.72908e-02   9.74222e-02   9.75345e-02   9.76276e-02   9.77025e-02   9.77605e-02   9.78006e-02   9.78254e-02   9.78328e-02   9.78254e-02   9.78006e-02   9.77605e-02   9.77025e-02   9.76276e-02   9.75345e-02   9.74222e-02   9.72908e-02   9.71374e-02   9.69626e-02   9.67618e-02   9.65358e-02   9.62792e-02   9.59918e-02   9.56679e-02   9.53046e-02   9.48953e-02   9.44319e-02   9.39049e-02   9.32978e-02   9.25934e-02   9.17554e-02   9.07328e-02   8.94195e-02   8.76382e-02   8.51313e-02   8.17525e-02   7.76898e-02   7.33196e-02   6.87985e-02
  -3.50000e-03   7.49491e-02   7.90848e-02   8.37891e-02   8.84916e-02   9.20266e-02   9.40367e-02   9.51564e-02   9.60052e-02   9.66953e-02   9.73584e-02   9.79234e-02   9.84709e-02   9.89389e-02   9.93779e-02   9.97667e-02   1.00115e-01   1.00439e-01   1.00713e-01   1.00980e-01   1.01192e-01   1.01405e-01   1.01569e-01   1.01732e-01   1.01857e-01   1.01974e-01   1.02067e-01   1.02140e-01   1.02204e-01   1.02236e-01   1.02271e-01   1.02267e-01   1.02271e-01   1.02236e-01   1.02204e-01   1.02140e-01   1.02067e-01   1.01974e-01   1.01857e-01   1.01732e-01   1.01569e-01   1.01405e-01   1.01192e-01   1.00980e-01   1.00713e-01   1.00439e-01   1.00115e-01   9.97667e-02   9.93779e-02   9.89389e-02   9.84709e-02   9.79234e-02   9.73584e-02   9.66953e-02   9.60052e-02   9.51564e-02   9.40367e-02   9.20266e-02   8.84916e-02   8.37891e-02   7.90848e-02   7.49491e-02
  -4.50000e-03   8.35660e-02   8.65936e-02   9.27351e-02   9.97114e-02   1.03418e-01   1.03681e-01   1.03156e-01   1.03616e-01   1.03561e-01   1.04382e-01   1.04488e-01   1.05257e-01   1.05476e-01   1.06015e-01   1.06342e-01   1.06640e-01   1.07056e-01   1.07153e-01   1.07620e-01   1.07597e-01   1.08046e-01   1.08003e-01   1.08350e-01   1.08356e-01   1.08550e-01   1.08632e-01   1.08656e-01   1.08816e-01   1.08691e-01   1.08907e-01   1.08693e-01   1.08907e-01   1.08691e-01   1.08816e-01   1.08656e-01   1.08632e-01   1.08550e-01   1.08356e-01   1.08350e-01   1.08003e-01   1.08046e-01   1.07597e-01   1.07620e-01   1.07153e-01   1.07056e-01   1.06640e-01   1.06342e-01   1.06015e-01   1.05476e-01   1.05257e-01   1.04488e-01   1.04382e-01   1.03561e-01   1.03616e-01   1.03156e-01   1.03681e-01   1.03418e-01   9.97114e-02   9.27351e-02   8.65936e-02   8.35660e-02
