# Auto-generated by pyeletra.utils.kickmap.generate_Radia_kickmap_file()
# Undulator Length [m]
2.8
# Number of Horizontal Points
61
# Number of Vertical Points
21
# Horizontal Kick [micro-rad]
START
                          -2.9999999999999999e-02 -2.9000000000000001e-02 -2.8000000000000001e-02 -2.7000000000000000e-02 -2.5999999999999999e-02 -2.5000000000000001e-02 -2.4000000000000000e-02 -2.3000000000000000e-02 -2.1999999999999999e-02 -2.1000000000000001e-02 -2.0000000000000000e-02 -1.9000000000000000e-02 -1.7999999999999999e-02 -1.7000000000000001e-02 -1.6000000000000000e-02 -1.4999999999999999e-02 -1.4000000000000000e-02 -1.2999999999999999e-02 -1.2000000000000000e-02 -1.0999999999999999e-02 -1.0000000000000000e-02 -8.9999999999999993e-03 -8.0000000000000002e-03 -7.0000000000000001e-03 -6.0000000000000001e-03 -5.0000000000000001e-03 -4.0000000000000001e-03 -3.0000000000000001e-03 -2.0000000000000000e-03 -1.0000000000000000e-03  0.0000000000000000e+00  1.0000000000000000e-03  2.0000000000000000e-03  3.0000000000000001e-03  4.0000000000000001e-03  5.0000000000000001e-03  6.0000000000000001e-03  7.0000000000000001e-03  8.0000000000000002e-03  8.9999999999999993e-03  1.0000000000000000e-02  1.0999999999999999e-02  1.2000000000000000e-02  1.2999999999999999e-02  1.4000000000000000e-02  1.4999999999999999e-02  1.6000000000000000e-02  1.7000000000000001e-02  1.7999999999999999e-02  1.9000000000000000e-02  2.0000000000000000e-02  2.1000000000000001e-02  2.1999999999999999e-02  2.3000000000000000e-02  2.4000000000000000e-02  2.5000000000000001e-02  2.5999999999999999e-02  2.7000000000000000e-02  2.8000000000000001e-02  2.9000000000000001e-02  2.9999999999999999e-02
   5.0000000000000001e-03 -7.3661757087854385e+00  2.8462877143857190e-01  7.7112607630381511e+00  1.2737990899544975e+01  1.4641540077003850e+01  1.3850836541827089e+01  1.1140315015750787e+01  7.1988911445572272e+00  2.5184711235561776e+00 -2.6044312215610774e+00 -8.0302275113755677e+00 -1.3709121456072802e+01 -1.9634007700385016e+01 -2.5815666783339164e+01 -3.2280854042702131e+01 -3.9072985649282458e+01 -4.6271641582079098e+01 -5.3997465873293656e+01 -6.2368946447322358e+01 -7.1396177808890428e+01 -8.0910101505075232e+01 -9.0638557927896386e+01 -1.0027077353867692e+02 -1.0941659082954146e+02 -1.1738634931746586e+02 -1.2280014000700034e+02 -1.2303927196359817e+02 -1.1401008050402520e+02 -9.0942667133356650e+01 -5.1427679383969192e+01 -1.6482072103605178e-06  5.1427679383969192e+01  9.0942667133356650e+01  1.1401008050402520e+02  1.2303927196359817e+02  1.2280014000700034e+02  1.1738634931746586e+02  1.0941561078053901e+02  1.0027077353867692e+02  9.0638361918095896e+01  8.0910493524676212e+01  7.1396275813790680e+01  6.2368652432621623e+01  5.3997465873293656e+01  4.6271543577178853e+01  3.9072593629681478e+01  3.2280364018200906e+01  2.5815666783339164e+01  1.9634007700385016e+01  1.3709317465873292e+01  8.0304823241162051e+00  2.6044312215610774e+00 -2.5184711235561776e+00 -7.1988911445572272e+00 -1.1140315015750787e+01 -1.3851130556527826e+01 -1.4641442072103604e+01 -1.2737990899544975e+01 -7.7112607630381511e+00 -2.8462877143857190e-01  7.3661757087854385e+00
   4.4999999999999997e-03 -1.2823157157857890e+00  4.8839859992999646e+00  1.0438305915295764e+01  1.3993335666783338e+01  1.5057570878543926e+01  1.3902975148757436e+01  1.1093860693034650e+01  7.1679999999999993e+00  2.5261449072453619e+00 -2.5789891494574726e+00 -8.0122828141407059e+00 -1.3715099754987749e+01 -1.9669093454672733e+01 -2.5881134056702834e+01 -3.2371704585229260e+01 -3.9177948897444864e+01 -4.6358179908995446e+01 -5.3988155407770385e+01 -6.2131578578928938e+01 -7.0765124256212800e+01 -7.9730220511025550e+01 -8.8750101505075236e+01 -9.7443528176408805e+01 -1.0528274413720685e+02 -1.1142667133356666e+02 -1.1445012250612530e+02 -1.1205978298914944e+02 -1.0111851592579629e+02 -7.8547399369968488e+01 -4.3519565978298914e+01 -1.3993335666783337e-06  4.3519565978298914e+01  7.8547399369968488e+01  1.0111851592579629e+02  1.1205978298914944e+02  1.1445110255512775e+02  1.1142667133356666e+02  1.0528372418620930e+02  9.7443332166608329e+01  8.8750101505075236e+01  7.9730220511025550e+01  7.0765124256212800e+01  6.2131382569128448e+01  5.3988155407770385e+01  4.6358179908995446e+01  3.9178046902345109e+01  3.2372194609730478e+01  2.5881134056702834e+01  1.9669093454672733e+01  1.3715099754987749e+01  8.0122828141407059e+00  2.5789891494574726e+00 -2.5261351067553375e+00 -7.1679803990199504e+00 -1.1093860693034650e+01 -1.3902975148757436e+01 -1.5057570878543926e+01 -1.3993433671683583e+01 -1.0438305915295764e+01 -4.8839075953797684e+00  1.2822471123556176e+00
   4.0000000000000001e-03  3.4248008400420016e+00  8.5769870493524660e+00  1.2875295764788238e+01  1.5390493524676231e+01  1.5796135806790337e+01  1.4299110955547775e+01  1.1338284914245712e+01  7.3527980399019945e+00  2.6808162408120406e+00 -2.4547875393769685e+00 -7.9261561078053893e+00 -1.3671585579278961e+01 -1.9668505425271260e+01 -2.5918865943297163e+01 -3.2439033951697581e+01 -3.9260077003850185e+01 -4.6422569128456423e+01 -5.3974140707035339e+01 -6.1935372768638423e+01 -7.0258340917045842e+01 -7.8775652782639128e+01 -8.7192901645082244e+01 -9.5078865943297146e+01 -1.0181533076653832e+02 -1.0648526426321315e+02 -1.0769562478123905e+02 -1.0346475323766187e+02 -9.1409072453622670e+01 -6.9568190409520454e+01 -3.7953671683584176e+01 -1.1846244312215610e-06  3.7953671683584176e+01  6.9568092404620231e+01  9.1409072453622670e+01  1.0346475323766187e+02  1.0769562478123905e+02  1.0648526426321315e+02  1.0181533076653832e+02  9.5078081904095185e+01  8.7192901645082244e+01  7.8775554777738876e+01  7.0258340917045842e+01  6.1935372768638423e+01  5.3974042702135101e+01  4.6422569128456423e+01  3.9260077003850185e+01  3.2438935946797336e+01  2.5918571928596428e+01  1.9668505425271260e+01  1.3671585579278961e+01  7.9261463073153653e+00  2.4547875393769685e+00 -2.6808162408120406e+00 -7.3527980399019945e+00 -1.1338284914245712e+01 -1.4299110955547775e+01 -1.5796135806790337e+01 -1.5390493524676231e+01 -1.2875295764788238e+01 -8.5767126356317807e+00 -3.4248008400420016e+00
   3.5000000000000001e-03  7.1071585579278951e+00  1.1550073503675183e+01  1.4989751487574377e+01  1.6768442422121105e+01  1.6672299614980748e+01  1.4879887994399718e+01  1.1755393769688483e+01  7.6737738886944333e+00  2.9339432971648578e+00 -2.2616394819740986e+00 -7.7912033601680077e+00 -1.3592201610080503e+01 -1.9639887994399718e+01 -2.5933370668533424e+01 -3.2487056352817639e+01 -3.9324662233111653e+01 -4.6474903745187255e+01 -5.3962674133706678e+01 -6.1781505075253754e+01 -6.9857696884844231e+01 -7.8009940497024843e+01 -8.5923738186909333e+01 -9.3125824291214556e+01 -9.8950647532376607e+01 -1.0244354217710884e+02 -1.0228085404270212e+02 -9.6763178158907934e+01 -8.4068897444872235e+01 -6.2981183059152954e+01 -3.3967518375918793e+01 -1.0200056002800140e-06  3.3967518375918793e+01  6.2981183059152954e+01  8.4068995449772473e+01  9.6763178158907934e+01  1.0228085404270212e+02  1.0244354217710884e+02  9.8950647532376607e+01  9.3125922296114794e+01  8.5923346167308353e+01  7.8010038501925095e+01  6.9857696884844231e+01  6.1781701085054245e+01  5.3962772138606930e+01  4.6474903745187255e+01  3.9324564228211408e+01  3.2486958347917394e+01  2.5933468673433669e+01  1.9639887994399718e+01  1.3592201610080503e+01  7.7912033601680077e+00  2.2616394819740986e+00 -2.9339432971648578e+00 -7.6737738886944333e+00 -1.1755393769688483e+01 -1.4879887994399718e+01 -1.6672299614980748e+01 -1.6768442422121105e+01 -1.4989751487574377e+01 -1.1550073503675183e+01 -7.1071879593979697e+00
   3.0000000000000001e-03  9.9984599229961493e+00  1.3936492824641231e+01  1.6780105005250260e+01  1.8037409870493519e+01  1.7566398319915994e+01  1.5532012600630029e+01  1.2253846692334614e+01  8.0654994749737483e+00  3.2409240462023097e+00 -2.0294462723136153e+00 -7.6275253762688129e+00 -1.3490472523626179e+01 -1.9592355617780886e+01 -2.5931410570528524e+01 -3.2519299964998247e+01 -3.9375722786139306e+01 -4.6519495974798737e+01 -5.3957969898494916e+01 -6.1665663283164150e+01 -6.9547119355967794e+01 -7.7404564228211399e+01 -8.4902233111655576e+01 -9.1542751137556863e+01 -9.6623521176058802e+01 -9.9185859292964636e+01 -9.7989121456072795e+01 -9.1566272313615670e+01 -7.8522016100805033e+01 -5.8120924046202305e+01 -3.1075197759887988e+01 -8.2460735036751827e-07  3.1075197759887988e+01  5.8120924046202305e+01  7.8522016100805033e+01  9.1567252362618106e+01  9.7989023451172542e+01  9.9186839341967087e+01  9.6623521176058802e+01  9.1542751137556863e+01  8.4902233111655576e+01  7.7404172208610419e+01  6.9547119355967794e+01  6.1665663283164150e+01  5.3957871893594671e+01  4.6519495974798737e+01  3.9375526776338816e+01  3.2519299964998247e+01  2.5931312565628279e+01  1.9592453622681131e+01  1.3490570528526424e+01  7.6276037801890082e+00  2.0294462723136153e+00 -3.2408554427721383e+00 -8.0654994749737483e+00 -1.2253748687434371e+01 -1.5532012600630029e+01 -1.7566300315015749e+01 -1.8037311865593278e+01 -1.6780203010150505e+01 -1.3936492824641231e+01 -9.9984599229961493e+00
   2.5000000000000001e-03  1.2255708785439271e+01  1.5832789639481973e+01  1.8258900945047252e+01  1.9147217360868041e+01  1.8400910045502275e+01  1.6176590829541475e+01  1.2764844242212108e+01  8.4742681134056692e+00  3.5626839341967091e+00 -1.7853944697234858e+00 -7.4538508925446267e+00 -1.3379138956947846e+01 -1.9535022751137554e+01 -2.5918571928596428e+01 -3.2540175008750431e+01 -3.9415806790339516e+01 -4.6557227861393066e+01 -5.3960812040602022e+01 -6.1582653132656624e+01 -6.9311515575778770e+01 -7.6933748687434360e+01 -8.4095750787539359e+01 -9.0281036051802573e+01 -9.4766132306615319e+01 -9.6607056352817636e+01 -9.4637941897094834e+01 -8.7583843192159591e+01 -7.4349849492474618e+01 -5.4530514525726282e+01 -2.8967014350717530e+01 -6.3499334966748332e-07  2.8967014350717530e+01  5.4530514525726282e+01  7.4349947497374856e+01  8.7583843192159591e+01  9.4637941897094834e+01  9.6607154357717874e+01  9.4766230311515571e+01  9.0280154007700375e+01  8.4095750787539359e+01  7.6933748687434360e+01  6.9311613580679023e+01  6.1582751137556869e+01  5.3960714035701777e+01  4.6557227861393066e+01  3.9415806790339516e+01  3.2540273013650676e+01  2.5918669933496673e+01  1.9535022751137554e+01  1.3379138956947846e+01  7.4537920896044794e+00  1.7853944697234858e+00 -3.5626839341967091e+00 -8.4742583129156444e+00 -1.2764844242212108e+01 -1.6176590829541475e+01 -1.8400812040602030e+01 -1.9147217360868041e+01 -1.8258900945047252e+01 -1.5832789639481973e+01 -1.2255708785439271e+01
   2.0000000000000000e-03  1.3987553377668881e+01  1.7306587329366465e+01  1.9442114105705283e+01  2.0071795589779487e+01  1.9126930346517323e+01  1.6758739936996850e+01  1.3238599929996498e+01  8.8585159257962882e+00  3.8673615680784033e+00 -1.5532600630031501e+00 -7.2870759537976886e+00 -1.3270255512775638e+01 -1.9475631781589076e+01 -2.5900049002450118e+01 -3.2552719635981795e+01 -3.9447070353517674e+01 -4.6589961498074899e+01 -5.3967770388519419e+01 -6.1525418270913541e+01 -6.9138046902345110e+01 -7.6577402870143501e+01 -8.3476065803290155e+01 -8.9302261113055636e+01 -9.3326440322016083e+01 -9.4617654882744134e+01 -9.2079033951697582e+01 -8.4582737136856821e+01 -7.1257108855442766e+01 -5.1907315365768284e+01 -2.7443038151907590e+01 -5.0352467623381166e-07  2.7443038151907590e+01  5.1907315365768284e+01  7.1257108855442766e+01  8.4582737136856821e+01  9.2079033951697582e+01  9.4617556877843882e+01  9.3326440322016083e+01  8.9302163108155398e+01  8.3476065803290155e+01  7.6577402870143501e+01  6.9138340917045838e+01  6.1525418270913541e+01  5.3967770388519419e+01  4.6589863493174654e+01  3.9447168358417919e+01  3.2552719635981795e+01  2.5899950997549873e+01  1.9475631781589076e+01  1.3270255512775638e+01  7.2870759537976886e+00  1.5533090654532724e+00 -3.8673713685684277e+00 -8.8585257262863131e+00 -1.3238599929996498e+01 -1.6758739936996850e+01 -1.9126930346517323e+01 -2.0071795589779487e+01 -1.9442114105705283e+01 -1.7306587329366465e+01 -1.3987553377668881e+01
   1.5000000000000000e-03  1.5269359467973397e+01  1.8408652432621629e+01  2.0344837241862091e+01  2.0797423871193558e+01  1.9714175708785437e+01  1.7241806090304514e+01  1.3638851942597128e+01  9.1867637381869081e+00  4.1294462723136158e+00 -1.3524676233811688e+00 -7.1419992999649979e+00 -1.3174308715435771e+01 -1.9421631081554075e+01 -2.5880448022401115e+01 -3.2559775988799437e+01 -3.9470787539376964e+01 -4.6616814840742038e+01 -5.3976982849142452e+01 -6.1488764438221899e+01 -6.9015638781939089e+01 -7.6317787889394452e+01 -8.3019558977948876e+01 -8.8575260763038145e+01 -9.2255148757437865e+01 -9.3142877143857177e+01 -9.0197633881694074e+01 -8.2401540077003830e+01 -6.9033965698284902e+01 -5.0042380119005948e+01 -2.6368316415820789e+01 -3.6173118655932795e-07  2.6368316415820789e+01  5.0042380119005948e+01  6.9033965698284902e+01  8.2401540077003830e+01  9.0196653832691624e+01  9.3142877143857177e+01  9.2255050752537613e+01  8.8575260763038145e+01  8.3019852992649632e+01  7.6317689884494214e+01  6.9015638781939089e+01  6.1488764438221899e+01  5.3976982849142452e+01  4.6616814840742038e+01  3.9470689534476719e+01  3.2559775988799437e+01  2.5880448022401115e+01  1.9421631081554075e+01  1.3174210710535524e+01  7.1419992999649979e+00  1.3524284214210709e+00 -4.1294560728036398e+00 -9.1867735386769329e+00 -1.3638851942597128e+01 -1.7241806090304514e+01 -1.9714175708785437e+01 -2.0797423871193558e+01 -2.0344837241862091e+01 -1.8408652432621629e+01 -1.5269359467973397e+01
   1.0000000000000000e-03  1.6151893594679731e+01  1.9173286664333215e+01  2.0980301015050749e+01  2.1317927896394817e+01  2.0144025201260060e+01  1.7601386069303466e+01  1.3940609030451521e+01  9.4363332166608309e+00  4.3298662933146650e+00 -1.1982667133356668e+00 -7.0300287014350706e+00 -1.3099530976548825e+01 -1.9378802940147004e+01 -2.5863787189359464e+01 -3.2563206160308013e+01 -3.9487350367518374e+01 -4.6636219810990546e+01 -5.3985901295064743e+01 -6.1466223311165550e+01 -6.8934392719635966e+01 -7.6142065103255149e+01 -8.2706139306965326e+01 -8.8074847742387107e+01 -9.1516583829191447e+01 -9.2129016450822519e+01 -8.8911515575778779e+01 -8.0922842142107100e+01 -6.7539390969548464e+01 -4.8798795939796982e+01 -2.5652488624431221e+01 -2.3516079803990198e-07  2.5652488624431221e+01  4.8798795939796982e+01  6.7539390969548464e+01  8.0922842142107100e+01  8.8911515575778779e+01  9.2129016450822519e+01  9.1516093804690215e+01  8.8074847742387107e+01  8.2706139306965326e+01  7.6142065103255149e+01  6.8934098704935238e+01  6.1466223311165550e+01  5.3986195309765485e+01  4.6636219810990546e+01  3.9487252362618129e+01  3.2563206160308013e+01  2.5863787189359464e+01  1.9378802940147004e+01  1.3099530976548825e+01  7.0300091004550218e+00  1.1982569128456422e+00 -4.3298662933146650e+00 -9.4363332166608309e+00 -1.3940609030451521e+01 -1.7601484074203711e+01 -2.0144025201260060e+01 -2.1317927896394817e+01 -2.0980203010150504e+01 -1.9173286664333215e+01 -1.6151893594679731e+01
   5.0000000000000001e-04  1.6669261463073152e+01  1.9623227161358066e+01  2.1357521876093802e+01  2.1630857542877141e+01  2.0405600280013999e+01  1.7822681134056701e+01  1.4127700385019249e+01  9.5919159957997877e+00  4.4552733636681827e+00 -1.1014574728736435e+00 -6.9594651732586623e+00 -1.3052194609730485e+01 -1.9351263563178158e+01 -2.5852712635631779e+01 -3.2564676233811689e+01 -3.9497150857542877e+01 -4.6648666433321665e+01 -5.3992271613580670e+01 -6.1454560728036391e+01 -6.8887938396919836e+01 -7.6040532026601312e+01 -8.2523164158207905e+01 -8.7780735036751835e+01 -9.1083500175008751e+01 -9.1536380819040943e+01 -8.8162562128106401e+01 -8.0062653132656621e+01 -6.6677045852292608e+01 -4.8083556177808880e+01 -2.5241554077703885e+01 -1.1241946097304863e-07  2.5242632131606577e+01  4.8083556177808880e+01  6.6677045852292608e+01  8.0062653132656621e+01  8.8162562128106401e+01  9.1536380819040943e+01  9.1083500175008751e+01  8.7780735036751835e+01  8.2523164158207905e+01  7.6040532026601312e+01  6.8888232411620564e+01  6.1454266713335663e+01  5.3992565628281412e+01  4.6648666433321665e+01  3.9497248862443115e+01  3.2564774238711934e+01  2.5852712635631779e+01  1.9351263563178158e+01  1.3052194609730485e+01  6.9594651732586623e+00  1.1014574728736435e+00 -4.4552635631781587e+00 -9.5919453972698623e+00 -1.4127602380119004e+01 -1.7822681134056701e+01 -2.0405600280013999e+01 -2.1630857542877141e+01 -2.1357521876093802e+01 -1.9623227161358066e+01 -1.6669359467973397e+01
   0.0000000000000000e+00  1.6839495974798741e+01  1.9771704585229259e+01  2.1482576128806436e+01  2.1735134756737835e+01  2.0493412670633528e+01  1.7897262863143155e+01  1.4191011550577528e+01  9.6447308365418269e+00  4.4979152957647877e+00 -1.0684788239411969e+00 -6.9353853692684631e+00 -1.3036023801190057e+01 -1.9341855092754638e+01 -2.5848890444522223e+01 -3.2565264263213159e+01 -3.9500287014350711e+01 -4.6652880644032201e+01 -5.3994623731186557e+01 -6.1450934546727332e+01 -6.8873139656982843e+01 -7.6007504375218758e+01 -8.2462891144557219e+01 -8.7685278263913176e+01 -9.0940315015750784e+01 -9.1340665033251653e+01 -8.7916863843192147e+01 -7.9782359117955878e+01 -6.6394203710185508e+01 -4.7850304515225751e+01 -2.5110129506475321e+01  0.0000000000000000e+00  2.5110129506475321e+01  4.7850304515225751e+01  6.6394203710185508e+01  7.9782359117955878e+01  8.7916863843192147e+01  9.1340665033251653e+01  9.0940315015750784e+01  8.7685278263913176e+01  8.2462891144557219e+01  7.6007504375218758e+01  6.8873433671683571e+01  6.1450934546727332e+01  5.3994623731186557e+01  4.6652880644032201e+01  3.9500385019250956e+01  3.2565264263213159e+01  2.5848890444522223e+01  1.9341855092754638e+01  1.3036023801190057e+01  6.9353853692684631e+00  1.0684788239411969e+00 -4.4979250962548116e+00 -9.6447308365418269e+00 -1.4190913545677281e+01 -1.7897262863143155e+01 -2.0493412670633528e+01 -2.1735134756737835e+01 -2.1482576128806436e+01 -1.9771704585229259e+01 -1.6839495974798741e+01
  -5.0000000000000001e-04  1.6669261463073152e+01  1.9623227161358066e+01  2.1357521876093802e+01  2.1630857542877141e+01  2.0405600280013999e+01  1.7822681134056701e+01  1.4127700385019249e+01  9.5919159957997877e+00  4.4552635631781587e+00 -1.1014574728736435e+00 -6.9594651732586623e+00 -1.3052194609730485e+01 -1.9351263563178158e+01 -2.5852712635631779e+01 -3.2564676233811689e+01 -3.9497150857542877e+01 -4.6648666433321665e+01 -5.3992271613580670e+01 -6.1454560728036391e+01 -6.8887938396919836e+01 -7.6040532026601312e+01 -8.2523164158207905e+01 -8.7780735036751835e+01 -9.1083500175008751e+01 -9.1536380819040943e+01 -8.8162562128106401e+01 -8.0062653132656621e+01 -6.6677045852292608e+01 -4.8083556177808880e+01 -2.5241554077703885e+01  1.0727420371018549e-07  2.5242632131606577e+01  4.8083556177808880e+01  6.6677045852292608e+01  8.0062653132656621e+01  8.8162562128106401e+01  9.1536380819040943e+01  9.1083500175008751e+01  8.7780735036751835e+01  8.2523164158207905e+01  7.6040532026601312e+01  6.8888232411620564e+01  6.1454266713335663e+01  5.3992565628281412e+01  4.6648666433321665e+01  3.9497248862443115e+01  3.2564676233811689e+01  2.5852712635631779e+01  1.9351263563178158e+01  1.3052194609730485e+01  6.9594553727686383e+00  1.1014574728736435e+00 -4.4552733636681827e+00 -9.5919355967798374e+00 -1.4127602380119004e+01 -1.7822681134056701e+01 -2.0405600280013999e+01 -2.1630857542877141e+01 -2.1357521876093802e+01 -1.9623227161358066e+01 -1.6669359467973397e+01
  -1.0000000000000000e-03  1.6151893594679731e+01  1.9173188659432970e+01  2.0980301015050749e+01  2.1317927896394817e+01  2.0144025201260060e+01  1.7601484074203711e+01  1.3940609030451521e+01  9.4363332166608309e+00  4.3298662933146650e+00 -1.1982569128456422e+00 -7.0300189009450458e+00 -1.3099530976548825e+01 -1.9378802940147004e+01 -2.5863787189359464e+01 -3.2563206160308013e+01 -3.9487350367518374e+01 -4.6636219810990546e+01 -5.3986195309765485e+01 -6.1466223311165550e+01 -6.8934392719635966e+01 -7.6142065103255149e+01 -8.2706139306965326e+01 -8.8074847742387107e+01 -9.1516583829191447e+01 -9.2129016450822519e+01 -8.8911515575778779e+01 -8.0922842142107100e+01 -6.7539390969548464e+01 -4.8798795939796982e+01 -2.5652488624431221e+01  2.1125838291914593e-07  2.5652488624431221e+01  4.8798795939796982e+01  6.7539390969548464e+01  8.0922842142107100e+01  8.8911515575778779e+01  9.2129016450822519e+01  9.1516093804690215e+01  8.8074847742387107e+01  8.2706139306965326e+01  7.6142065103255149e+01  6.8934098704935238e+01  6.1466223311165550e+01  5.3986195309765485e+01  4.6636219810990546e+01  3.9487252362618129e+01  3.2563304165208258e+01  2.5863689184459218e+01  1.9378802940147004e+01  1.3099530976548825e+01  7.0300091004550218e+00  1.1982667133356668e+00 -4.3298662933146650e+00 -9.4363234161708078e+00 -1.3940609030451521e+01 -1.7601386069303466e+01 -2.0144025201260060e+01 -2.1317927896394817e+01 -2.0980203010150504e+01 -1.9173286664333215e+01 -1.6151893594679731e+01
  -1.5000000000000000e-03  1.5269359467973397e+01  1.8408652432621629e+01  2.0344739236961846e+01  2.0797423871193558e+01  1.9714175708785437e+01  1.7241806090304514e+01  1.3638851942597128e+01  9.1867637381869081e+00  4.1294658732936647e+00 -1.3524284214210709e+00 -7.1420091004550219e+00 -1.3174308715435771e+01 -1.9421631081554075e+01 -2.5880546027301360e+01 -3.2559775988799437e+01 -3.9470689534476719e+01 -4.6616814840742038e+01 -5.3976982849142452e+01 -6.1488764438221899e+01 -6.9015638781939089e+01 -7.6317689884494214e+01 -8.3019558977948876e+01 -8.8575260763038145e+01 -9.2255050752537613e+01 -9.3142877143857177e+01 -9.0197633881694074e+01 -8.2401540077003830e+01 -6.9033965698284902e+01 -5.0042380119005948e+01 -2.6368316415820789e+01  3.0851158557927888e-07  2.6368316415820789e+01  5.0042380119005948e+01  6.9033965698284902e+01  8.2401540077003830e+01  9.0196653832691624e+01  9.3142877143857177e+01  9.2255148757437865e+01  8.8575260763038145e+01  8.3019558977948876e+01  7.6317787889394452e+01  6.9015638781939089e+01  6.1488764438221899e+01  5.3976982849142452e+01  4.6616814840742038e+01  3.9470787539376964e+01  3.2559775988799437e+01  2.5880448022401115e+01  1.9421631081554075e+01  1.3174210710535524e+01  7.1419992999649979e+00  1.3524676233811688e+00 -4.1294462723136158e+00 -9.1867637381869081e+00 -1.3638851942597128e+01 -1.7241806090304514e+01 -1.9714175708785437e+01 -2.0797423871193558e+01 -2.0344837241862091e+01 -1.8408652432621629e+01 -1.5269359467973397e+01
  -2.0000000000000000e-03  1.3987553377668881e+01  1.7306587329366465e+01  1.9442114105705283e+01  2.0071795589779487e+01  1.9126930346517323e+01  1.6758739936996850e+01  1.3238599929996498e+01  8.8585355267763362e+00  3.8673713685684277e+00 -1.5533090654532724e+00 -7.2870759537976886e+00 -1.3270255512775638e+01 -1.9475631781589076e+01 -2.5899950997549873e+01 -3.2552621631081550e+01 -3.9447168358417919e+01 -4.6589863493174654e+01 -5.3967770388519419e+01 -6.1525418270913541e+01 -6.9138046902345110e+01 -7.6577500875043739e+01 -8.3476065803290155e+01 -8.9302163108155398e+01 -9.3326440322016083e+01 -9.4617654882744134e+01 -9.2078053902695117e+01 -8.4582737136856821e+01 -7.1257108855442766e+01 -5.1907315365768284e+01 -2.7443038151907590e+01  4.1166860343017145e-07  2.7443038151907590e+01  5.1907315365768284e+01  7.1257108855442766e+01  8.4582639131956597e+01  9.2079033951697582e+01  9.4617556877843882e+01  9.3326440322016083e+01  8.9302261113055636e+01  8.3476065803290155e+01  7.6577402870143501e+01  6.9138340917045838e+01  6.1525418270913541e+01  5.3967770388519419e+01  4.6589961498074899e+01  3.9447168358417919e+01  3.2552719635981795e+01  2.5900049002450118e+01  1.9475631781589076e+01  1.3270255512775638e+01  7.2870759537976886e+00  1.5532306615330767e+00 -3.8673713685684277e+00 -8.8585257262863131e+00 -1.3238599929996498e+01 -1.6758739936996850e+01 -1.9126930346517323e+01 -2.0071795589779487e+01 -1.9442114105705283e+01 -1.7306587329366465e+01 -1.3987553377668881e+01
  -2.5000000000000001e-03  1.2255708785439271e+01  1.5832789639481973e+01  1.8258900945047252e+01  1.9147217360868041e+01  1.8400812040602030e+01  1.6176590829541475e+01  1.2764844242212108e+01  8.4742681134056692e+00  3.5626839341967091e+00 -1.7854630731536574e+00 -7.4537920896044794e+00 -1.3379138956947846e+01 -1.9535022751137554e+01 -2.5918571928596428e+01 -3.2540175008750431e+01 -3.9416002800140006e+01 -4.6557227861393066e+01 -5.3960714035701777e+01 -6.1582751137556869e+01 -6.9311613580679023e+01 -7.6933748687434360e+01 -8.4095750787539359e+01 -9.0280938046902321e+01 -9.4766230311515571e+01 -9.6607154357717874e+01 -9.4637941897094834e+01 -8.7583843192159591e+01 -7.4349947497374856e+01 -5.4530514525726282e+01 -2.8967014350717530e+01  4.8412656632831629e-07  2.8967014350717530e+01  5.4530514525726282e+01  7.4349849492474618e+01  8.7583843192159591e+01  9.4637941897094834e+01  9.6607154357717874e+01  9.4766132306615319e+01  9.0280252012600613e+01  8.4095750787539359e+01  7.6933748687434360e+01  6.9311515575778770e+01  6.1582653132656624e+01  5.3960714035701777e+01  4.6557227861393066e+01  3.9415708785439264e+01  3.2540175008750431e+01  2.5918571928596428e+01  1.9535022751137554e+01  1.3379138956947846e+01  7.4537920896044794e+00  1.7853944697234858e+00 -3.5626839341967091e+00 -8.4742681134056692e+00 -1.2764942247112355e+01 -1.6176590829541475e+01 -1.8400714035701785e+01 -1.9147217360868041e+01 -1.8258900945047252e+01 -1.5832593629681483e+01 -1.2255708785439271e+01
  -3.0000000000000001e-03  9.9983619180959042e+00  1.3936492824641231e+01  1.6780301015050750e+01  1.8037311865593278e+01  1.7566300315015749e+01  1.5532012600630029e+01  1.2253748687434371e+01  8.0654994749737483e+00  3.2409240462023097e+00 -2.0294462723136153e+00 -7.6275253762688129e+00 -1.3490570528526424e+01 -1.9592551627581376e+01 -2.5931312565628279e+01 -3.2519397969898485e+01 -3.9375526776338816e+01 -4.6519495974798737e+01 -5.3957969898494916e+01 -6.1665663283164150e+01 -6.9547119355967794e+01 -7.7404564228211399e+01 -8.4902233111655576e+01 -9.1542653132656625e+01 -9.6623521176058802e+01 -9.9185859292964636e+01 -9.7989023451172542e+01 -9.1567252362618106e+01 -7.8522016100805033e+01 -5.8120924046202305e+01 -3.1075197759887988e+01  5.7641484074203701e-07  3.1075197759887988e+01  5.8120826041302060e+01  7.8522016100805033e+01  9.1567252362618106e+01  9.7989121456072795e+01  9.9186839341967087e+01  9.6623521176058802e+01  9.1542653132656625e+01  8.4902233111655576e+01  7.7404172208610419e+01  6.9547119355967794e+01  6.1665663283164150e+01  5.3957969898494916e+01  4.6519495974798737e+01  3.9375526776338816e+01  3.2519299964998247e+01  2.5931508575428769e+01  1.9592355617780886e+01  1.3490472523626179e+01  7.6276037801890082e+00  2.0294462723136153e+00 -3.2408456422821139e+00 -8.0654994749737483e+00 -1.2253748687434371e+01 -1.5532012600630029e+01 -1.7566300315015749e+01 -1.8037213860693033e+01 -1.6780203010150505e+01 -1.3936492824641231e+01 -9.9983619180959042e+00
  -3.5000000000000001e-03  7.1071879593979697e+00  1.1550073503675183e+01  1.4989751487574377e+01  1.6768442422121105e+01  1.6672299614980748e+01  1.4879887994399718e+01  1.1755393769688483e+01  7.6737738886944333e+00  2.9339432971648578e+00 -2.2616394819740986e+00 -7.7913895694784729e+00 -1.3592299614980748e+01 -1.9639887994399718e+01 -2.5933468673433669e+01 -3.2486958347917394e+01 -3.9324564228211408e+01 -4.6474903745187255e+01 -5.3962674133706678e+01 -6.1781407070353509e+01 -6.9857794889744483e+01 -7.8010038501925095e+01 -8.5923346167308353e+01 -9.3125922296114794e+01 -9.8950647532376607e+01 -1.0244354217710884e+02 -1.0228085404270212e+02 -9.6763276163808172e+01 -8.4068897444872235e+01 -6.2981183059152954e+01 -3.3967518375918793e+01  6.4573076653832684e-07  3.3967518375918793e+01  6.2981183059152954e+01  8.4068897444872235e+01  9.6763178158907934e+01  1.0228085404270212e+02  1.0244354217710884e+02  9.8950647532376607e+01  9.3125824291214556e+01  8.5923346167308353e+01  7.8010038501925095e+01  6.9857696884844231e+01  6.1781799089954490e+01  5.3962772138606930e+01  4.6474903745187255e+01  3.9324564228211408e+01  3.2486958347917394e+01  2.5933468673433669e+01  1.9639887994399718e+01  1.3592201610080503e+01  7.7911151557577867e+00  2.2617276863843192e+00 -2.9339432971648578e+00 -7.6738522926146295e+00 -1.1755393769688483e+01 -1.4879887994399718e+01 -1.6672299614980748e+01 -1.6768442422121105e+01 -1.4989751487574377e+01 -1.1550073503675183e+01 -7.1071879593979697e+00
  -4.0000000000000001e-03  3.4248008400420016e+00  8.5767126356317807e+00  1.2875295764788238e+01  1.5390395519775986e+01  1.5796135806790337e+01  1.4299110955547775e+01  1.1338284914245712e+01  7.3527980399019945e+00  2.6808162408120406e+00 -2.4547875393769685e+00 -7.9261561078053893e+00 -1.3671585579278961e+01 -1.9668505425271260e+01 -2.5918473923696183e+01 -3.2439033951697581e+01 -3.9260077003850185e+01 -4.6422569128456423e+01 -5.3974042702135101e+01 -6.1935372768638423e+01 -7.0258340917045842e+01 -7.8775946797339856e+01 -8.7192705635281740e+01 -9.5078081904095185e+01 -1.0181533076653832e+02 -1.0648526426321315e+02 -1.0769562478123905e+02 -1.0346475323766187e+02 -9.1409072453622670e+01 -6.9568092404620231e+01 -3.7953671683584176e+01  7.0900371018550924e-07  3.7953671683584176e+01  6.9568190409520454e+01  9.1409072453622670e+01  1.0346475323766187e+02  1.0769562478123905e+02  1.0648526426321315e+02  1.0181533076653832e+02  9.5078081904095185e+01  8.7192901645082244e+01  7.8775554777738876e+01  7.0258340917045842e+01  6.1935372768638423e+01  5.3974042702135101e+01  4.6422569128456423e+01  3.9260077003850185e+01  3.2438935946797336e+01  2.5918767938396918e+01  1.9668505425271260e+01  1.3671585579278961e+01  7.9261463073153653e+00  2.4547875393769685e+00 -2.6809142457122852e+00 -7.3527980399019945e+00 -1.1338284914245712e+01 -1.4299110955547775e+01 -1.5796135806790337e+01 -1.5390493524676231e+01 -1.2875295764788238e+01 -8.5767126356317807e+00 -3.4248008400420016e+00
  -4.4999999999999997e-03 -1.2822471123556176e+00  4.8839075953797684e+00  1.0438109905495274e+01  1.3993335666783338e+01  1.5057570878543926e+01  1.3902975148757436e+01  1.1093860693034650e+01  7.1679803990199504e+00  2.5261449072453619e+00 -2.5789891494574726e+00 -8.0120574028701430e+00 -1.3714805740287012e+01 -1.9669093454672733e+01 -2.5881134056702834e+01 -3.2372194609730478e+01 -3.9177654882744136e+01 -4.6358179908995446e+01 -5.3988155407770385e+01 -6.2131578578928938e+01 -7.0765124256212800e+01 -7.9730220511025550e+01 -8.8750101505075236e+01 -9.7443332166608329e+01 -1.0528372418620930e+02 -1.1142667133356666e+02 -1.1445110255512775e+02 -1.1205978298914944e+02 -1.0111851592579629e+02 -7.8547399369968488e+01 -4.3519565978298914e+01  9.0721568078403910e-07  4.3519565978298914e+01  7.8547399369968488e+01  1.0111851592579629e+02  1.1205978298914944e+02  1.1445012250612530e+02  1.1142667133356666e+02  1.0528274413720685e+02  9.7443528176408805e+01  8.8750101505075236e+01  7.9730220511025550e+01  7.0765124256212800e+01  6.2131578578928938e+01  5.3988155407770385e+01  4.6358179908995446e+01  3.9178046902345109e+01  3.2372194609730478e+01  2.5881134056702834e+01  1.9669191459572978e+01  1.3715099754987749e+01  8.0122828141407059e+00  2.5789891494574726e+00 -2.5261449072453619e+00 -7.1679803990199504e+00 -1.1093860693034650e+01 -1.3902975148757436e+01 -1.5057570878543926e+01 -1.3993139656982848e+01 -1.0438109905495274e+01 -4.8839859992999646e+00  1.2822471123556176e+00
  -5.0000000000000001e-03 -7.3660973048652423e+00  2.8462877143857190e-01  7.7110647532376611e+00  1.2738284914245710e+01  1.4641540077003850e+01  1.3850934546727334e+01  1.1140315015750787e+01  7.1988911445572272e+00  2.5184711235561776e+00 -2.6046860343017144e+00 -8.0302275113755677e+00 -1.3709121456072802e+01 -1.9634007700385016e+01 -2.5815960798039900e+01 -3.2280364018200906e+01 -3.9072691634581723e+01 -4.6271543577178853e+01 -5.3997465873293656e+01 -6.2368652432621623e+01 -7.1395981799089952e+01 -8.0910101505075232e+01 -9.0638361918095896e+01 -1.0027077353867692e+02 -1.0941561078053901e+02 -1.1738634931746586e+02 -1.2280014000700034e+02 -1.2303927196359817e+02 -1.1401008050402520e+02 -9.0942667133356650e+01 -5.1427679383969192e+01  9.8553727686384299e-07  5.1427679383969192e+01  9.0942667133356650e+01  1.1401008050402520e+02  1.2303927196359817e+02  1.2280014000700034e+02  1.1738634931746586e+02  1.0941561078053901e+02  1.0027077353867692e+02  9.0638361918095896e+01  8.0910101505075232e+01  7.1396177808890428e+01  6.2368946447322358e+01  5.3997465873293656e+01  4.6271543577178853e+01  3.9072789639481968e+01  3.2280560028001396e+01  2.5815666783339164e+01  1.9634007700385016e+01  1.3709317465873292e+01  8.0302275113755677e+00  2.6044312215610774e+00 -2.5184711235561776e+00 -7.1988911445572272e+00 -1.1140315015750787e+01 -1.3851130556527826e+01 -1.4641540077003850e+01 -1.2737990899544975e+01 -7.7112607630381511e+00 -2.8462877143857190e-01  7.3661757087854385e+00
# Vertical Kick [micro-rad]
START
                          -2.9999999999999999e-02 -2.9000000000000001e-02 -2.8000000000000001e-02 -2.7000000000000000e-02 -2.5999999999999999e-02 -2.5000000000000001e-02 -2.4000000000000000e-02 -2.3000000000000000e-02 -2.1999999999999999e-02 -2.1000000000000001e-02 -2.0000000000000000e-02 -1.9000000000000000e-02 -1.7999999999999999e-02 -1.7000000000000001e-02 -1.6000000000000000e-02 -1.4999999999999999e-02 -1.4000000000000000e-02 -1.2999999999999999e-02 -1.2000000000000000e-02 -1.0999999999999999e-02 -1.0000000000000000e-02 -8.9999999999999993e-03 -8.0000000000000002e-03 -7.0000000000000001e-03 -6.0000000000000001e-03 -5.0000000000000001e-03 -4.0000000000000001e-03 -3.0000000000000001e-03 -2.0000000000000000e-03 -1.0000000000000000e-03  0.0000000000000000e+00  1.0000000000000000e-03  2.0000000000000000e-03  3.0000000000000001e-03  4.0000000000000001e-03  5.0000000000000001e-03  6.0000000000000001e-03  7.0000000000000001e-03  8.0000000000000002e-03  8.9999999999999993e-03  1.0000000000000000e-02  1.0999999999999999e-02  1.2000000000000000e-02  1.2999999999999999e-02  1.4000000000000000e-02  1.4999999999999999e-02  1.6000000000000000e-02  1.7000000000000001e-02  1.7999999999999999e-02  1.9000000000000000e-02  2.0000000000000000e-02  2.1000000000000001e-02  2.1999999999999999e-02  2.3000000000000000e-02  2.4000000000000000e-02  2.5000000000000001e-02  2.5999999999999999e-02  2.7000000000000000e-02  2.8000000000000001e-02  2.9000000000000001e-02  2.9999999999999999e-02
   5.0000000000000001e-03 -8.4133384669233465e+01 -9.6396933846692320e+01 -1.0435267763388168e+02 -1.0815820791039550e+02 -1.0930584529226461e+02 -1.0921470073503674e+02 -1.0875211760588027e+02 -1.0833363668183408e+02 -1.0808568428421420e+02 -1.0797885894294714e+02 -1.0792887644382218e+02 -1.0787693384669231e+02 -1.0778774938746936e+02 -1.0764956247812388e+02 -1.0746433321666082e+02 -1.0723794189709484e+02 -1.0700959047952396e+02 -1.0688904445222259e+02 -1.0711347567378367e+02 -1.0804060203010148e+02 -1.1002226111305563e+02 -1.1336716835841790e+02 -1.1846048302415119e+02 -1.2593433671683582e+02 -1.3680896044802239e+02 -1.5243976198809941e+02 -1.7404102205110254e+02 -2.0150493524676230e+02 -2.3158753937696881e+02 -2.5652978648932447e+02 -2.6644494224711235e+02 -2.5652978648932447e+02 -2.3158753937696881e+02 -2.0150493524676230e+02 -1.7404102205110254e+02 -1.5244074203710184e+02 -1.3680896044802239e+02 -1.2593531676583827e+02 -1.1846048302415119e+02 -1.1336716835841790e+02 -1.1002226111305563e+02 -1.0804060203010148e+02 -1.0711445572278613e+02 -1.0688904445222259e+02 -1.0700959047952396e+02 -1.0723794189709484e+02 -1.0746433321666082e+02 -1.0765054252712635e+02 -1.0778774938746936e+02 -1.0787693384669231e+02 -1.0792887644382218e+02 -1.0797885894294714e+02 -1.0808568428421420e+02 -1.0833363668183408e+02 -1.0875211760588027e+02 -1.0921470073503674e+02 -1.0930584529226461e+02 -1.0815820791039550e+02 -1.0435267763388168e+02 -9.6396933846692320e+01 -8.4133482674133688e+01
   4.4999999999999997e-03 -7.1494966748337404e+01 -8.1041820091004539e+01 -8.7736926846342300e+01 -9.1608806440321999e+01 -9.3502163108155401e+01 -9.4317661883094146e+01 -9.4665775288764422e+01 -9.4867273363668176e+01 -9.5046328316415810e+01 -9.5218228911445564e+01 -9.5355239761988088e+01 -9.5431879593979687e+01 -9.5437073853692681e+01 -9.5369646482324100e+01 -9.5239201960097986e+01 -9.5064459222961148e+01 -9.4890500525026241e+01 -9.4814448722436111e+01 -9.5022611130556513e+01 -9.5780875043752175e+01 -9.7382863143157152e+01 -1.0012768638431920e+02 -1.0438697934896743e+02 -1.1070045502275111e+02 -1.1984235211760586e+02 -1.3272411620581028e+02 -1.4996611830591527e+02 -1.7104697234861740e+02 -1.9316863843192158e+02 -2.1081932096604828e+02 -2.1767672383619180e+02 -2.1081932096604828e+02 -1.9316961848092402e+02 -1.7104697234861740e+02 -1.4996611830591527e+02 -1.3272411620581028e+02 -1.1984235211760586e+02 -1.1070045502275111e+02 -1.0438697934896743e+02 -1.0012768638431920e+02 -9.7382765138256900e+01 -9.5780581029051447e+01 -9.5022611130556513e+01 -9.4814448722436111e+01 -9.4890010500525023e+01 -9.5064459222961148e+01 -9.5239005950297511e+01 -9.5369646482324100e+01 -9.5437073853692681e+01 -9.5431879593979687e+01 -9.5355239761988088e+01 -9.5218228911445564e+01 -9.5046328316415810e+01 -9.4867077353867685e+01 -9.4665775288764422e+01 -9.4317661883094146e+01 -9.3502163108155401e+01 -9.1609002450122489e+01 -8.7737024851242552e+01 -8.1041918095904776e+01 -7.1494966748337404e+01
   4.0000000000000001e-03 -6.0510283514175704e+01 -6.8034217710885542e+01 -7.3617654882744120e+01 -7.7255400770038506e+01 -7.9442772138606927e+01 -8.0748197409870485e+01 -8.1585747287364356e+01 -8.2189751487574370e+01 -8.2663605180259012e+01 -8.3038767938396916e+01 -8.3316219810990532e+01 -8.3492824641232048e+01 -8.3571620581029052e+01 -8.3561624081204045e+01 -8.3477437871893585e+01 -8.3344347217360848e+01 -8.3206748337416855e+01 -8.3150983549177454e+01 -8.3321904095204758e+01 -8.3926398319915990e+01 -8.5209282464123191e+01 -8.7443010150507519e+01 -9.0962366118305894e+01 -9.6217682884144196e+01 -1.0379012950647531e+02 -1.1428155407770387e+02 -1.2795617780889043e+02 -1.4414266713335664e+02 -1.6055750787539375e+02 -1.7326972348617429e+02 -1.7811998599929996e+02 -1.7326972348617429e+02 -1.6055750787539375e+02 -1.4414364718235910e+02 -1.2795617780889043e+02 -1.1428155407770387e+02 -1.0379110955547776e+02 -9.6218564928246408e+01 -9.0962268113405656e+01 -8.7442814140707014e+01 -8.5209380469023444e+01 -8.3926692334616718e+01 -8.3321806090304506e+01 -8.3150885544277202e+01 -8.3207042352117583e+01 -8.3344249212460610e+01 -8.3477143857192857e+01 -8.3561624081204045e+01 -8.3571620581029052e+01 -8.3492824641232048e+01 -8.3316219810990532e+01 -8.3038571928596426e+01 -8.2663605180259012e+01 -8.2189751487574370e+01 -8.1585747287364356e+01 -8.0748197409870485e+01 -7.9442772138606927e+01 -7.7255400770038506e+01 -7.3617556877843896e+01 -6.8034217710885542e+01 -6.0510185509275452e+01
   3.5000000000000001e-03 -5.0787021351067551e+01 -5.6746601330066497e+01 -6.1358613930696528e+01 -6.4615610780539015e+01 -6.6818270913545675e+01 -6.8326860343017145e+01 -6.9415302765138250e+01 -7.0245208260413023e+01 -7.0895274763738172e+01 -7.1398235911795581e+01 -7.1766930346517327e+01 -7.2011060553027647e+01 -7.2141897094854741e+01 -7.2174532726636315e+01 -7.2127294364718225e+01 -7.2027329366468322e+01 -7.1916191809590472e+01 -7.1866797339866991e+01 -7.1994693734686734e+01 -7.2464039201960091e+01 -7.3478291914595729e+01 -7.5274917745887279e+01 -7.8143815190759526e+01 -8.2452208610430517e+01 -8.8635239761988089e+01 -9.7078557927896384e+01 -1.0784753237661883e+02 -1.2025985299264961e+02 -1.3250752537626880e+02 -1.4177682884144207e+02 -1.4526678333916692e+02 -1.4177682884144207e+02 -1.3250752537626880e+02 -1.2025985299264961e+02 -1.0784753237661883e+02 -9.7078459922996132e+01 -8.8635337766888341e+01 -8.2452306615330755e+01 -7.8143717185859288e+01 -7.5274035701785081e+01 -7.3478193909695477e+01 -7.2463941197059839e+01 -7.1994791739586972e+01 -7.1866797339866991e+01 -7.1916191809590472e+01 -7.2027231361568070e+01 -7.2127490374518715e+01 -7.2174532726636315e+01 -7.2141897094854741e+01 -7.2011060553027647e+01 -7.1767028351417551e+01 -7.1398235911795581e+01 -7.0895372768638424e+01 -7.0245208260413023e+01 -6.9415204760237998e+01 -6.8326958347917383e+01 -6.6818270913545675e+01 -6.4615708785439267e+01 -6.1358613930696528e+01 -5.6746503325166252e+01 -5.0787021351067551e+01
   3.0000000000000001e-03 -4.2035281764088197e+01 -4.6742555127756383e+01 -5.0502219110955537e+01 -5.3312117605880282e+01 -5.5360812040602021e+01 -5.6878417920896034e+01 -5.8042520126006295e+01 -5.8959943997199858e+01 -5.9685376268813428e+01 -6.0246356317815881e+01 -6.0658956947847386e+01 -6.0937780889044447e+01 -6.1098802940146996e+01 -6.1159173958697927e+01 -6.1139572978648928e+01 -6.1064991249562475e+01 -6.0973846692334611e+01 -6.0925824291214553e+01 -6.1013636681834079e+01 -6.1368610430521514e+01 -6.2157157857892884e+01 -6.3578816940847027e+01 -6.5878599929996497e+01 -6.9350717535876782e+01 -7.4314273713685679e+01 -8.1013104655232752e+01 -8.9408008400420002e+01 -9.8880084004200199e+01 -1.0802884144207208e+02 -1.1482842142107104e+02 -1.1736086804340215e+02 -1.1482842142107104e+02 -1.0802884144207208e+02 -9.8880084004200199e+01 -8.9408106405320254e+01 -8.1013202660133004e+01 -7.4314175708785427e+01 -6.9350717535876782e+01 -6.5878599929996497e+01 -6.3578718935946796e+01 -6.2157157857892884e+01 -6.1368708435421766e+01 -6.1014028701435066e+01 -6.0925628281414063e+01 -6.0973846692334611e+01 -6.1065089254462713e+01 -6.1139572978648928e+01 -6.1159271963598172e+01 -6.1098802940146996e+01 -6.0937780889044447e+01 -6.0658956947847386e+01 -6.0246356317815881e+01 -5.9685376268813428e+01 -5.8959943997199858e+01 -5.8042618130906540e+01 -5.6878417920896034e+01 -5.5360812040602021e+01 -5.3312117605880282e+01 -5.0502219110955537e+01 -4.6742555127756383e+01 -4.2035281764088197e+01
   2.5000000000000001e-03 -3.4032887644382221e+01 -3.7704445222261107e+01 -4.0707903395169751e+01 -4.3045026251312564e+01 -4.4838613930696525e+01 -4.6235771788589425e+01 -4.7349891494574720e+01 -4.8248498424921237e+01 -4.8967070353517670e+01 -4.9525306265313255e+01 -4.9938298914945740e+01 -5.0221533076653820e+01 -5.0391571578578926e+01 -5.0465957297864882e+01 -5.0464389219460969e+01 -5.0410094504725230e+01 -5.0334826741337061e+01 -5.0287980399019943e+01 -5.0342765138256908e+01 -5.0603458172908638e+01 -5.1202464123206155e+01 -5.2305215260763028e+01 -5.4108211410570519e+01 -5.6842156107805380e+01 -6.0739222961148052e+01 -6.5952103605180255e+01 -7.2392985649282451e+01 -7.9539502975148750e+01 -8.6324676233811672e+01 -9.1300287014350715e+01 -9.3138368918445920e+01 -9.1300287014350715e+01 -8.6324676233811672e+01 -7.9539502975148750e+01 -7.2392985649282451e+01 -6.5952103605180255e+01 -6.0739222961148052e+01 -5.6842254112705632e+01 -5.4108211410570519e+01 -5.2305215260763028e+01 -5.1202366118305910e+01 -5.0603556177808883e+01 -5.0343353167658378e+01 -5.0287980399019943e+01 -5.0334924746237306e+01 -5.0410094504725230e+01 -5.0464487224361207e+01 -5.0465957297864882e+01 -5.0391571578578926e+01 -5.0221435071753582e+01 -4.9938200910045495e+01 -4.9525306265313255e+01 -4.8967070353517670e+01 -4.8248498424921237e+01 -4.7349891494574720e+01 -4.6235771788589425e+01 -4.4838515925796287e+01 -4.3045026251312564e+01 -4.0707903395169751e+01 -3.7704445222261107e+01 -3.4032887644382221e+01
   2.0000000000000000e-03 -2.6603332166608325e+01 -2.9391277563878191e+01 -3.1712817640882044e+01 -3.3572362618130903e+01 -3.5050962548127401e+01 -3.6242702135106747e+01 -3.7218536926846333e+01 -3.8019040952047597e+01 -3.8665481274063694e+01 -3.9170696534826739e+01 -3.9546839341967093e+01 -3.9807336366818333e+01 -3.9967770388519419e+01 -4.0043528176408813e+01 -4.0052250612530628e+01 -4.0013244662233113e+01 -3.9953069653482665e+01 -3.9909849492474613e+01 -3.9940623031151553e+01 -4.0124578228911439e+01 -4.0565796289814486e+01 -4.1392271613580675e+01 -4.2761302065103251e+01 -4.4842534126706333e+01 -4.7804830241512072e+01 -5.1739432971648583e+01 -5.6546377318865936e+01 -6.1811984599229959e+01 -6.6749667483374168e+01 -7.0328904445222250e+01 -7.1647364368218405e+01 -7.0328904445222250e+01 -6.6749667483374168e+01 -6.1811984599229959e+01 -5.6546377318865936e+01 -5.1739432971648583e+01 -4.7804830241512072e+01 -4.4842632131606571e+01 -4.2761302065103251e+01 -4.1392957647882390e+01 -4.0565698284914241e+01 -4.0124578228911439e+01 -3.9940623031151553e+01 -3.9909849492474613e+01 -3.9953069653482665e+01 -4.0013342667133351e+01 -4.0052250612530628e+01 -4.0043528176408813e+01 -3.9967672383619181e+01 -3.9807336366818333e+01 -3.9546839341967093e+01 -3.9170696534826739e+01 -3.8665481274063694e+01 -3.8019040952047597e+01 -3.7218536926846333e+01 -3.6242800140006999e+01 -3.5050962548127401e+01 -3.3572362618130903e+01 -3.1712719635981795e+01 -2.9391277563878191e+01 -2.6603332166608325e+01
   1.5000000000000000e-03 -1.9602058102905143e+01 -2.1611942597129854e+01 -2.3307329366468320e+01 -2.4693412670633531e+01 -2.5822821141057052e+01 -2.6754259712985647e+01 -2.7530850542527123e+01 -2.8176114805740283e+01 -2.8701323066153304e+01 -2.9113923696184806e+01 -2.9422737136856838e+01 -2.9638347917395869e+01 -2.9773104655232761e+01 -2.9839747987399367e+01 -2.9852096604830241e+01 -2.9825341267063351e+01 -2.9779866993349664e+01 -2.9743409170458520e+01 -2.9757717885894291e+01 -2.9881106055302762e+01 -3.0189429471473570e+01 -3.0778046902345110e+01 -3.1759565978298912e+01 -3.3261785089254452e+01 -3.5393195659782990e+01 -3.8207798389919489e+01 -4.1620133006650327e+01 -4.5323052152607623e+01 -4.8764494224711228e+01 -5.1239019950997545e+01 -5.2144389219460969e+01 -5.1239019950997545e+01 -4.8764494224711228e+01 -4.5322954147707385e+01 -4.1620231011550572e+01 -3.8207798389919489e+01 -3.5393195659782990e+01 -3.3261785089254452e+01 -3.1759467973398664e+01 -3.0778144907245355e+01 -3.0189429471473570e+01 -2.9881400070003497e+01 -2.9758011900595026e+01 -2.9743703185159255e+01 -2.9779964998249909e+01 -2.9825439271963596e+01 -2.9852096604830241e+01 -2.9839747987399367e+01 -2.9773104655232761e+01 -2.9638347917395869e+01 -2.9422737136856838e+01 -2.9114021701085051e+01 -2.8701323066153304e+01 -2.8176114805740283e+01 -2.7530850542527123e+01 -2.6754259712985647e+01 -2.5822821141057052e+01 -2.4693412670633531e+01 -2.3307329366468320e+01 -2.1611942597129854e+01 -1.9602058102905143e+01
   1.0000000000000000e-03 -1.2905383269163458e+01 -1.4209044452222610e+01 -1.5317969898494923e+01 -1.6237059852992648e+01 -1.6997969898494922e+01 -1.7635099754987746e+01 -1.8172754637731884e+01 -1.8623185159257961e+01 -1.8991879593979696e+01 -1.9282954147707382e+01 -1.9501505075253760e+01 -1.9654980749037449e+01 -1.9751809590479521e+01 -1.9800910045502274e+01 -1.9811886594329714e+01 -1.9795421771088552e+01 -1.9764648232411620e+01 -1.9738284914245710e+01 -1.9743675183759187e+01 -1.9818844942247111e+01 -2.0013678683934195e+01 -2.0390703535176758e+01 -2.1025481274063697e+01 -2.1995631781589076e+01 -2.3374266713335665e+01 -2.5186279313965695e+01 -2.7374630731536573e+01 -2.9731942597129851e+01 -3.1906573328666429e+01 -3.3464067203360166e+01 -3.4033867693384664e+01 -3.3464067203360166e+01 -3.1906573328666429e+01 -2.9731942597129851e+01 -2.7374630731536573e+01 -2.5186279313965695e+01 -2.3374266713335665e+01 -2.1995631781589076e+01 -2.1025481274063697e+01 -2.0390703535176758e+01 -2.0013678683934195e+01 -1.9818844942247111e+01 -1.9743675183759187e+01 -1.9738284914245710e+01 -1.9764746237311865e+01 -1.9795421771088552e+01 -1.9811886594329714e+01 -1.9800910045502274e+01 -1.9751711585579276e+01 -1.9654980749037449e+01 -1.9501505075253760e+01 -1.9282954147707382e+01 -1.8991879593979696e+01 -1.8623185159257961e+01 -1.8172754637731884e+01 -1.7635099754987746e+01 -1.6997969898494922e+01 -1.6237059852992648e+01 -1.5317969898494923e+01 -1.4209044452222610e+01 -1.2905383269163458e+01
   5.0000000000000001e-04 -6.4047182359117949e+00 -7.0459250962548117e+00 -7.5941155057752878e+00 -8.0521806090304509e+00 -8.4346741337066842e+00 -8.7577766888344399e+00 -9.0322394119705987e+00 -9.2633545677283866e+00 -9.4532096604830222e+00 -9.6034217710885539e+00 -9.7165292264613221e+00 -9.7961876093804676e+00 -9.8467483374168694e+00 -9.8727196359817988e+00 -9.8790899544977240e+00 -9.8711515575778783e+00 -9.8555687784389203e+00 -9.8420441022051097e+00 -9.8432201610080483e+00 -9.8785999299964988e+00 -9.9723906195309748e+00 -1.0156737836891843e+01 -1.0467903395169756e+01 -1.0943815190759537e+01 -1.1619754987749385e+01 -1.2506307315365767e+01 -1.3577108855442772e+01 -1.4721904095204758e+01 -1.5777416870843542e+01 -1.6527840392019598e+01 -1.6802842142107103e+01 -1.6527938396919843e+01 -1.5777416870843542e+01 -1.4721904095204758e+01 -1.3577108855442772e+01 -1.2506307315365767e+01 -1.1619754987749385e+01 -1.0943815190759537e+01 -1.0467903395169756e+01 -1.0156737836891843e+01 -9.9723906195309748e+00 -9.8785999299964988e+00 -9.8432201610080483e+00 -9.8420441022051097e+00 -9.8555687784389203e+00 -9.8711515575778783e+00 -9.8791879593979672e+00 -9.8727196359817988e+00 -9.8466503325166244e+00 -9.7961876093804676e+00 -9.7165488274413718e+00 -9.6034217710885539e+00 -9.4532096604830222e+00 -9.2633545677283866e+00 -9.0322394119705987e+00 -8.7577766888344399e+00 -8.4347329366468298e+00 -8.0521806090304509e+00 -7.5942037101855089e+00 -7.0460133006650327e+00 -6.4047182359117949e+00
   0.0000000000000000e+00 -3.7950143507175353e-07 -4.3229765488274411e-07 -4.7259040952047599e-07 -3.8289338466923343e-07 -2.7121386069303461e-07 -2.8412404620231005e-07 -7.3242688134406708e-08  1.5120980049002450e-07  2.3069275463773184e-07  4.6713937696884841e-07  5.4803654182709133e-07  7.0693776688834438e-07  8.6529212460623028e-07  1.0214756737836891e-06  1.2533062653132655e-06  1.2469065453272662e-06  1.4700539026951345e-06  1.4557157857892893e-06  1.5882772138606930e-06  1.6353587679383965e-06  1.6703465173258661e-06  1.5473307665383267e-06  1.5490066503325164e-06  1.3340721036051800e-06  1.2292950647532375e-06  1.1229009450472524e-06  8.8869765488274399e-07  6.8467595379768989e-07  4.5062065103255161e-07  2.2634231711585575e-07  0.0000000000000000e+00 -2.1228449422471121e-07 -4.1408050402520118e-07 -5.9683122156107803e-07 -7.5538844942247105e-07 -8.3550353517675873e-07 -9.9510255512775635e-07 -1.0163990199509974e-06 -9.4353139656982830e-07 -1.0562968148407421e-06 -1.0167616380819040e-06 -8.9202002100104999e-07 -9.0770178508925432e-07 -8.4299796989849481e-07 -7.7524522226111298e-07 -6.9987847392369611e-07 -5.4851088554427713e-07 -5.5022205110255514e-07 -4.7221015050752529e-07 -3.9318977948897442e-07 -3.9167560378018893e-07 -3.8892264613230658e-07 -3.8445166258312911e-07 -2.9933832691634581e-07 -3.7117297864893239e-07 -2.8495904795239756e-07 -2.7188029401470071e-07 -7.1040616030801536e-05 -2.3662597129856489e-07 -2.6894896744837239e-07 -2.4033251662583125e-07
  -5.0000000000000001e-04  6.4047182359117949e+00  7.0459250962548117e+00  7.5941155057752878e+00  8.0521806090304509e+00  8.4346741337066842e+00  8.7577766888344399e+00  9.0322394119705987e+00  9.2633545677283866e+00  9.4532096604830222e+00  9.6034217710885539e+00  9.7165390269513452e+00  9.7961876093804676e+00  9.8467483374168694e+00  9.8727196359817988e+00  9.8791879593979672e+00  9.8711515575778783e+00  9.8555687784389203e+00  9.8420441022051097e+00  9.8434161708085384e+00  9.8785999299964988e+00  9.9723906195309748e+00  1.0156737836891843e+01  1.0467903395169756e+01  1.0943815190759537e+01  1.1619754987749385e+01  1.2506307315365767e+01  1.3577108855442772e+01  1.4721904095204758e+01  1.5777416870843542e+01  1.6527938396919843e+01  1.6802842142107103e+01  1.6527840392019598e+01  1.5777416870843542e+01  1.4721904095204758e+01  1.3577108855442772e+01  1.2506307315365767e+01  1.1619754987749385e+01  1.0943815190759537e+01  1.0467903395169756e+01  1.0156737836891843e+01  9.9723906195309748e+00  9.8785999299964988e+00  9.8432201610080483e+00  9.8420441022051097e+00  9.8555687784389203e+00  9.8711515575778783e+00  9.8791879593979672e+00  9.8727196359817988e+00  9.8466503325166244e+00  9.7961876093804676e+00  9.7165390269513452e+00  9.6034217710885539e+00  9.4531998599929992e+00  9.2633545677283866e+00  9.0322394119705987e+00  8.7577766888344399e+00  8.4347329366468298e+00  8.0521806090304509e+00  7.5941155057752878e+00  7.0460133006650327e+00  6.4047182359117949e+00
  -1.0000000000000000e-03  1.2905383269163458e+01  1.4209044452222610e+01  1.5317969898494923e+01  1.6237059852992648e+01  1.6997969898494922e+01  1.7635099754987746e+01  1.8172754637731884e+01  1.8623185159257961e+01  1.8991879593979696e+01  1.9282954147707382e+01  1.9501505075253760e+01  1.9654882744137204e+01  1.9751711585579276e+01  1.9800910045502274e+01  1.9811886594329714e+01  1.9795421771088552e+01  1.9764648232411620e+01  1.9738284914245710e+01  1.9743675183759187e+01  1.9818746937346866e+01  2.0013678683934195e+01  2.0390703535176758e+01  2.1025481274063697e+01  2.1995631781589076e+01  2.3374266713335665e+01  2.5186279313965695e+01  2.7374630731536573e+01  2.9731942597129851e+01  3.1906573328666429e+01  3.3464067203360166e+01  3.4033867693384664e+01  3.3464067203360166e+01  3.1906573328666429e+01  2.9731942597129851e+01  2.7374630731536573e+01  2.5186279313965695e+01  2.3374266713335665e+01  2.1995631781589076e+01  2.1025481274063697e+01  2.0390703535176758e+01  2.0013678683934195e+01  1.9818844942247111e+01  1.9743675183759187e+01  1.9738284914245710e+01  1.9764746237311865e+01  1.9795421771088552e+01  1.9811886594329714e+01  1.9800910045502274e+01  1.9751711585579276e+01  1.9654980749037449e+01  1.9501505075253760e+01  1.9282954147707382e+01  1.8991879593979696e+01  1.8623185159257961e+01  1.8172754637731884e+01  1.7635099754987746e+01  1.6997969898494922e+01  1.6237059852992648e+01  1.5317969898494923e+01  1.4209044452222610e+01  1.2905383269163458e+01
  -1.5000000000000000e-03  1.9602058102905143e+01  2.1611942597129854e+01  2.3307329366468320e+01  2.4693412670633531e+01  2.5822821141057052e+01  2.6754259712985647e+01  2.7530850542527123e+01  2.8176114805740283e+01  2.8701323066153304e+01  2.9114021701085051e+01  2.9422737136856838e+01  2.9638347917395869e+01  2.9773006650332515e+01  2.9839747987399367e+01  2.9852096604830241e+01  2.9825341267063351e+01  2.9779866993349664e+01  2.9743507175358765e+01  2.9757717885894291e+01  2.9881106055302762e+01  3.0189429471473570e+01  3.0778144907245355e+01  3.1759467973398664e+01  3.3261785089254452e+01  3.5393195659782990e+01  3.8206818340917039e+01  4.1620133006650327e+01  4.5322954147707385e+01  4.8764494224711228e+01  5.1239019950997545e+01  5.2144389219460969e+01  5.1239019950997545e+01  4.8764494224711228e+01  4.5323052152607623e+01  4.1620231011550572e+01  3.8207798389919489e+01  3.5393195659782990e+01  3.3261785089254452e+01  3.1759565978298912e+01  3.0778046902345110e+01  3.0189429471473570e+01  2.9881400070003497e+01  2.9758011900595026e+01  2.9743703185159255e+01  2.9779964998249909e+01  2.9825439271963596e+01  2.9852096604830241e+01  2.9839747987399367e+01  2.9773104655232761e+01  2.9638347917395869e+01  2.9422737136856838e+01  2.9113923696184806e+01  2.8701323066153304e+01  2.8176114805740283e+01  2.7530850542527123e+01  2.6754259712985647e+01  2.5822821141057052e+01  2.4693412670633531e+01  2.3307329366468320e+01  2.1611942597129854e+01  1.9602058102905143e+01
  -2.0000000000000000e-03  2.6603332166608325e+01  2.9391277563878191e+01  3.1712719635981795e+01  3.3572362618130903e+01  3.5050864543227156e+01  3.6242800140006999e+01  3.7218536926846333e+01  3.8019040952047597e+01  3.8665481274063694e+01  3.9170696534826739e+01  3.9546839341967093e+01  3.9807434371718585e+01  3.9967672383619181e+01  4.0043528176408813e+01  4.0052250612530628e+01  4.0013244662233113e+01  3.9953069653482665e+01  3.9909849492474613e+01  3.9940623031151553e+01  4.0124578228911439e+01  4.0565698284914241e+01  4.1392957647882390e+01  4.2761302065103251e+01  4.4842632131606571e+01  4.7804830241512072e+01  5.1739432971648583e+01  5.6546377318865936e+01  6.1811984599229959e+01  6.6749667483374168e+01  7.0328904445222250e+01  7.1647364368218405e+01  7.0328904445222250e+01  6.6749667483374168e+01  6.1811984599229959e+01  5.6546377318865936e+01  5.1739432971648583e+01  4.7804830241512072e+01  4.4842534126706333e+01  4.2761302065103251e+01  4.1392271613580675e+01  4.0565796289814486e+01  4.0124578228911439e+01  3.9940623031151553e+01  3.9909849492474613e+01  3.9953167658382917e+01  4.0013342667133351e+01  4.0052250612530628e+01  4.0043528176408813e+01  3.9967672383619181e+01  3.9807336366818333e+01  3.9546839341967093e+01  3.9170696534826739e+01  3.8665481274063694e+01  3.8019040952047597e+01  3.7218536926846333e+01  3.6242800140006999e+01  3.5050864543227156e+01  3.3572362618130903e+01  3.1712719635981795e+01  2.9391277563878191e+01  2.6603332166608325e+01
  -2.5000000000000001e-03  3.4032887644382221e+01  3.7704445222261107e+01  4.0707903395169751e+01  4.3045026251312564e+01  4.4838515925796287e+01  4.6235771788589425e+01  4.7349891494574720e+01  4.8248498424921237e+01  4.8966972348617425e+01  4.9525306265313255e+01  4.9938298914945740e+01  5.0221435071753582e+01  5.0391571578578926e+01  5.0465957297864882e+01  5.0464389219460969e+01  5.0410094504725230e+01  5.0334924746237306e+01  5.0287980399019943e+01  5.0342863143157153e+01  5.0603556177808883e+01  5.1202366118305910e+01  5.2305215260763028e+01  5.4108211410570519e+01  5.6842156107805380e+01  6.0739222961148052e+01  6.5952103605180255e+01  7.2392985649282451e+01  7.9539502975148750e+01  8.6324676233811672e+01  9.1300287014350715e+01  9.3138368918445920e+01  9.1300287014350715e+01  8.6324676233811672e+01  7.9539502975148750e+01  7.2392985649282451e+01  6.5952103605180255e+01  6.0739222961148052e+01  5.6842156107805380e+01  5.4108211410570519e+01  5.2305215260763028e+01  5.1202464123206155e+01  5.0603458172908638e+01  5.0343353167658378e+01  5.0287882394119698e+01  5.0334924746237306e+01  5.0410192509625475e+01  5.0464487224361207e+01  5.0466055302765135e+01  5.0391669583479164e+01  5.0221435071753582e+01  4.9938298914945740e+01  4.9525306265313255e+01  4.8966972348617425e+01  4.8248498424921237e+01  4.7349891494574720e+01  4.6235771788589425e+01  4.4838515925796287e+01  4.3045026251312564e+01  4.0707903395169751e+01  3.7704445222261107e+01  3.4032887644382221e+01
  -3.0000000000000001e-03  4.2035281764088197e+01  4.6742555127756383e+01  5.0502219110955537e+01  5.3312215610780534e+01  5.5360812040602021e+01  5.6878417920896034e+01  5.8042618130906540e+01  5.8959943997199858e+01  5.9685376268813428e+01  6.0246356317815881e+01  6.0658956947847386e+01  6.0937780889044447e+01  6.1098802940146996e+01  6.1159271963598172e+01  6.1139572978648928e+01  6.1065089254462713e+01  6.0973846692334611e+01  6.0925628281414063e+01  6.1014028701435066e+01  6.1368610430521514e+01  6.2157157857892884e+01  6.3578718935946796e+01  6.5878599929996497e+01  6.9350717535876782e+01  7.4314175708785427e+01  8.1013202660133004e+01  8.9408106405320254e+01  9.8880084004200199e+01  1.0802884144207208e+02  1.1482842142107104e+02  1.1736086804340215e+02  1.1482842142107104e+02  1.0802884144207208e+02  9.8880084004200199e+01  8.9408008400420002e+01  8.1013104655232752e+01  7.4314077703885175e+01  6.9350717535876782e+01  6.5878599929996497e+01  6.3578816940847027e+01  6.2157059852992646e+01  6.1368610430521514e+01  6.1014028701435066e+01  6.0925628281414063e+01  6.0973846692334611e+01  6.1065089254462713e+01  6.1139572978648928e+01  6.1159271963598172e+01  6.1098900945047248e+01  6.0937780889044447e+01  6.0658956947847386e+01  6.0246356317815881e+01  5.9685376268813428e+01  5.8959943997199858e+01  5.8042618130906540e+01  5.6878417920896034e+01  5.5360714035701776e+01  5.3312215610780534e+01  5.0502219110955537e+01  4.6742555127756383e+01  4.2035281764088197e+01
  -3.5000000000000001e-03  5.0787021351067551e+01  5.6746503325166252e+01  6.1358515925796283e+01  6.4615708785439267e+01  6.6818270913545675e+01  6.8326860343017145e+01  6.9415302765138250e+01  7.0245110255512770e+01  7.0895372768638424e+01  7.1398235911795581e+01  7.1766930346517327e+01  7.2011060553027647e+01  7.2141897094854741e+01  7.2174532726636315e+01  7.2127294364718225e+01  7.2027231361568070e+01  7.1916191809590472e+01  7.1866797339866991e+01  7.1994791739586972e+01  7.2463941197059839e+01  7.3478389919495967e+01  7.5274035701785081e+01  7.8143717185859288e+01  8.2452306615330755e+01  8.8635337766888341e+01  9.7078459922996132e+01  1.0784655232761637e+02  1.2025985299264961e+02  1.3250752537626880e+02  1.4177682884144207e+02  1.4526678333916692e+02  1.4177682884144207e+02  1.3250752537626880e+02  1.2025985299264961e+02  1.0784753237661883e+02  9.7078557927896384e+01  8.8635239761988089e+01  8.2452208610430517e+01  7.8143815190759526e+01  7.5274133706685319e+01  7.3478291914595729e+01  7.2463941197059839e+01  7.1994791739586972e+01  7.1866797339866991e+01  7.1916191809590472e+01  7.2027231361568070e+01  7.2127196359817987e+01  7.2174532726636315e+01  7.2141995099754979e+01  7.2011060553027647e+01  7.1767028351417551e+01  7.1398235911795581e+01  7.0895372768638424e+01  7.0245306265313246e+01  6.9415204760237998e+01  6.8326860343017145e+01  6.6818172908645423e+01  6.4615708785439267e+01  6.1358711935596773e+01  5.6746503325166252e+01  5.0787021351067551e+01
  -4.0000000000000001e-03  6.0510185509275452e+01  6.8034217710885542e+01  7.3617556877843896e+01  7.7255400770038506e+01  7.9442772138606927e+01  8.0748197409870485e+01  8.1585747287364356e+01  8.2189751487574370e+01  8.2663605180259012e+01  8.3038767938396916e+01  8.3316219810990532e+01  8.3492824641232048e+01  8.3571620581029052e+01  8.3561624081204045e+01  8.3477143857192857e+01  8.3344249212460610e+01  8.3206650332516617e+01  8.3151179558977944e+01  8.3322002100104982e+01  8.3926692334616718e+01  8.5209380469023444e+01  8.7442814140707014e+01  9.0962660133006651e+01  9.6218564928246408e+01  1.0379110955547776e+02  1.1428155407770387e+02  1.2795715785789289e+02  1.4414364718235910e+02  1.6055750787539375e+02  1.7326972348617429e+02  1.7811998599929996e+02  1.7326972348617429e+02  1.6055750787539375e+02  1.4414266713335664e+02  1.2795617780889043e+02  1.1428155407770387e+02  1.0379012950647531e+02  9.6218564928246408e+01  9.0962366118305894e+01  8.7442814140707014e+01  8.5209282464123191e+01  8.3926398319915990e+01  8.3321806090304506e+01  8.3150885544277202e+01  8.3207042352117583e+01  8.3344445222261101e+01  8.3477339866993333e+01  8.3561624081204045e+01  8.3571620581029052e+01  8.3492824641232048e+01  8.3316023801190056e+01  8.3038571928596426e+01  8.2663605180259012e+01  8.2189751487574370e+01  8.1585747287364356e+01  8.0748197409870485e+01  7.9442870143507164e+01  7.7255400770038506e+01  7.3617556877843896e+01  6.8034217710885542e+01  6.0510479523976194e+01
  -4.4999999999999997e-03  7.1494868743437166e+01  8.1041918095904776e+01  8.7737024851242552e+01  9.1608904445222251e+01  9.3502163108155401e+01  9.4317661883094146e+01  9.4665775288764422e+01  9.4866783339166943e+01  9.5046328316415810e+01  9.5218228911445564e+01  9.5355239761988088e+01  9.5432173608680415e+01  9.5437073853692681e+01  9.5369646482324100e+01  9.5239005950297511e+01  9.5064263213160643e+01  9.4890304515225750e+01  9.4814448722436111e+01  9.5022611130556513e+01  9.5780875043752175e+01  9.7382765138256900e+01  1.0012768638431920e+02  1.0438697934896743e+02  1.1070045502275111e+02  1.1984235211760586e+02  1.3272411620581028e+02  1.4996611830591527e+02  1.7104599229961497e+02  1.9316863843192158e+02  2.1081932096604828e+02  2.1767672383619180e+02  2.1081932096604828e+02  1.9316863843192158e+02  1.7104697234861740e+02  1.4996611830591527e+02  1.3272411620581028e+02  1.1984235211760586e+02  1.1070045502275111e+02  1.0438697934896743e+02  1.0012768638431920e+02  9.7382765138256900e+01  9.5780875043752175e+01  9.5022807140357003e+01  9.4814448722436111e+01  9.4890010500525023e+01  9.5064263213160643e+01  9.5239005950297511e+01  9.5369646482324100e+01  9.5437073853692681e+01  9.5431879593979687e+01  9.5355239761988088e+01  9.5218032901645074e+01  9.5046524326216300e+01  9.4867273363668176e+01  9.4665775288764422e+01  9.4317661883094146e+01  9.3502163108155401e+01  9.1608806440321999e+01  8.7737024851242552e+01  8.1041918095904776e+01  7.1494868743437166e+01
  -5.0000000000000001e-03  8.4133384669233465e+01  9.6396933846692320e+01  1.0435267763388168e+02  1.0815820791039550e+02  1.0930584529226461e+02  1.0921470073503674e+02  1.0875211760588027e+02  1.0833363668183408e+02  1.0808568428421420e+02  1.0797885894294714e+02  1.0792887644382218e+02  1.0787693384669231e+02  1.0778774938746936e+02  1.0765054252712635e+02  1.0746433321666082e+02  1.0723794189709484e+02  1.0700959047952396e+02  1.0688904445222259e+02  1.0711347567378367e+02  1.0804060203010148e+02  1.1002226111305563e+02  1.1336716835841790e+02  1.1846048302415119e+02  1.2593531676583827e+02  1.3680896044802239e+02  1.5243976198809941e+02  1.7404102205110254e+02  2.0150493524676230e+02  2.3158753937696881e+02  2.5652978648932447e+02  2.6644494224711235e+02  2.5652978648932447e+02  2.3158753937696881e+02  2.0150493524676230e+02  1.7404102205110254e+02  1.5243976198809941e+02  1.3680896044802239e+02  1.2593433671683582e+02  1.1846048302415119e+02  1.1336716835841790e+02  1.1002226111305563e+02  1.0804060203010148e+02  1.0711445572278613e+02  1.0688904445222259e+02  1.0700959047952396e+02  1.0723794189709484e+02  1.0746433321666082e+02  1.0765054252712635e+02  1.0778774938746936e+02  1.0787595379768987e+02  1.0792887644382218e+02  1.0797885894294714e+02  1.0808568428421420e+02  1.0833363668183408e+02  1.0875211760588027e+02  1.0921470073503674e+02  1.0930584529226461e+02  1.0815820791039550e+02  1.0435267763388168e+02  9.6396933846692320e+01  8.4133286664333212e+01
# Longitudinally Integrated Squared Transverse Magnetic Field [T2m]
START
                          -2.9999999999999999e-02 -2.9000000000000001e-02 -2.8000000000000001e-02 -2.7000000000000000e-02 -2.5999999999999999e-02 -2.5000000000000001e-02 -2.4000000000000000e-02 -2.3000000000000000e-02 -2.1999999999999999e-02 -2.1000000000000001e-02 -2.0000000000000000e-02 -1.9000000000000000e-02 -1.7999999999999999e-02 -1.7000000000000001e-02 -1.6000000000000000e-02 -1.4999999999999999e-02 -1.4000000000000000e-02 -1.2999999999999999e-02 -1.2000000000000000e-02 -1.0999999999999999e-02 -1.0000000000000000e-02 -8.9999999999999993e-03 -8.0000000000000002e-03 -7.0000000000000001e-03 -6.0000000000000001e-03 -5.0000000000000001e-03 -4.0000000000000001e-03 -3.0000000000000001e-03 -2.0000000000000000e-03 -1.0000000000000000e-03  0.0000000000000000e+00  1.0000000000000000e-03  2.0000000000000000e-03  3.0000000000000001e-03  4.0000000000000001e-03  5.0000000000000001e-03  6.0000000000000001e-03  7.0000000000000001e-03  8.0000000000000002e-03  8.9999999999999993e-03  1.0000000000000000e-02  1.0999999999999999e-02  1.2000000000000000e-02  1.2999999999999999e-02  1.4000000000000000e-02  1.4999999999999999e-02  1.6000000000000000e-02  1.7000000000000001e-02  1.7999999999999999e-02  1.9000000000000000e-02  2.0000000000000000e-02  2.1000000000000001e-02  2.1999999999999999e-02  2.3000000000000000e-02  2.4000000000000000e-02  2.5000000000000001e-02  2.5999999999999999e-02  2.7000000000000000e-02  2.8000000000000001e-02  2.9000000000000001e-02  2.9999999999999999e-02
   5.0000000000000001e-03  2.3061631081554074e-01  2.3324774238711934e-01  2.3030563528176407e-01  2.2279257962898141e-01  2.1278529926496323e-01  2.0241736086804338e-01  1.9334896744837238e-01  1.8670227511375567e-01  1.8317115855792787e-01  1.8317017850892545e-01  1.8695904795239759e-01  1.9473475673783686e-01  2.0667273363668182e-01  2.2295428771438569e-01  2.4377052852642631e-01  2.6934098704935244e-01  2.9992537626881338e-01  3.3585593279663983e-01  3.7755701785089252e-01  4.2550689534476721e-01  4.8012404620231008e-01  5.4166524326216303e-01  6.1017360868043391e-01  6.8545019250962547e-01  7.6692656632831635e-01  8.5332082604130199e-01  9.4194861743087144e-01  1.0277087854392717e+00  1.1022219110955547e+00  1.1542625131256561e+00  1.1731284564228208e+00  1.1542625131256561e+00  1.1022219110955547e+00  1.0277087854392717e+00  9.4194861743087144e-01  8.5332082604130199e-01  7.6692656632831635e-01  6.8545019250962547e-01  6.1017360868043391e-01  5.4166524326216303e-01  4.8012404620231008e-01  4.2550689534476721e-01  3.7755701785089252e-01  3.3585593279663983e-01  2.9992537626881338e-01  2.6934098704935244e-01  2.4377052852642631e-01  2.2295428771438569e-01  2.0667273363668182e-01  1.9473475673783686e-01  1.8695904795239759e-01  1.8317017850892545e-01  1.8317115855792787e-01  1.8670227511375567e-01  1.9334896744837238e-01  2.0241736086804338e-01  2.1278529926496323e-01  2.2279257962898141e-01  2.3030563528176407e-01  2.3324774238711934e-01  2.3061631081554074e-01
   4.4999999999999997e-03  2.0274273713685681e-01  2.0148533426671331e-01  1.9591767588379416e-01  1.8701491074553725e-01  1.7644802240112004e-01  1.6593895694784735e-01  1.5688330416520824e-01  1.5027189359467971e-01  1.4675351767588379e-01  1.4674175708785436e-01  1.5051592579628978e-01  1.5828673433671683e-01  1.7024039201960095e-01  1.8655820791039548e-01  2.0743129156457821e-01  2.3307133356667831e-01  2.6372530626531321e-01  2.9968722436121803e-01  3.4130598529926492e-01  3.8894910745537276e-01  4.4291942597129852e-01  5.0336296814840742e-01  5.7018760938046886e-01  6.4298368918445914e-01  7.2086230311515564e-01  8.0214168708435407e-01  8.8381603080154003e-01  9.6091354567728371e-01  1.0261407070353517e+00  1.0706251312565627e+00  1.0865313265663281e+00  1.0706251312565627e+00  1.0261407070353517e+00  9.6091354567728371e-01  8.8381603080154003e-01  8.0214070703535167e-01  7.2086230311515564e-01  6.4298368918445914e-01  5.7018760938046886e-01  5.0336296814840742e-01  4.4291942597129852e-01  3.8894910745537276e-01  3.4130598529926492e-01  2.9968722436121803e-01  2.6372530626531321e-01  2.3307133356667831e-01  2.0743129156457821e-01  1.8655820791039548e-01  1.7024039201960095e-01  1.5828673433671683e-01  1.5051592579628978e-01  1.4674175708785436e-01  1.4675351767588379e-01  1.5027189359467971e-01  1.5688330416520824e-01  1.6593895694784735e-01  1.7644802240112004e-01  1.8701491074553725e-01  1.9591767588379416e-01  2.0148533426671331e-01  2.0274273713685681e-01
   4.0000000000000001e-03  1.7910003500175006e-01  1.7479467973398669e-01  1.6702779138956944e-01  1.5677157857892893e-01  1.4546279313965696e-01  1.3456464823241163e-01  1.2529142457122855e-01  1.1853300665033251e-01  1.1489506475323766e-01  1.1478529926496324e-01  1.1848596429821490e-01  1.2621169058452922e-01  1.3815064753237660e-01  1.5448120406020299e-01  1.7539250962548125e-01  2.0108645432271610e-01  2.3179334966748336e-01  2.6777584879243960e-01  3.0932306615330762e-01  3.5671823591179558e-01  4.1016814840742033e-01  4.6971494574728734e-01  5.3514007700385013e-01  6.0585747287364367e-01  6.8073517675883788e-01  7.5782485124256205e-01  8.3396877843892181e-01  9.0441764088204402e-01  9.6278543927196347e-01  1.0018844942247112e+00  1.0157129856492824e+00  1.0018844942247112e+00  9.6278543927196347e-01  9.0441764088204402e-01  8.3396877843892181e-01  7.5782485124256205e-01  6.8073517675883788e-01  6.0585747287364367e-01  5.3514007700385013e-01  4.6971494574728734e-01  4.1016814840742033e-01  3.5671823591179558e-01  3.0932306615330762e-01  2.6777584879243960e-01  2.3179334966748336e-01  2.0108645432271610e-01  1.7539250962548125e-01  1.5448120406020299e-01  1.3815064753237660e-01  1.2621169058452922e-01  1.1848596429821490e-01  1.1478529926496324e-01  1.1489506475323766e-01  1.1853300665033251e-01  1.2529142457122855e-01  1.3456464823241163e-01  1.4546279313965696e-01  1.5677157857892893e-01  1.6702779138956944e-01  1.7479467973398669e-01  1.7910003500175006e-01
   3.5000000000000001e-03  1.5916583829191458e-01  1.5245152257612879e-01  1.4285782289114454e-01  1.3136184809240459e-01  1.1926020301015050e-01  1.0785145257262863e-01  9.8228351417570858e-02  9.1209534476723836e-02  8.7369016450822526e-02  8.7101267063353166e-02  9.0685404270213502e-02  9.8336156807840372e-02  1.1023689184459222e-01  1.2656352817640881e-01  1.4749639481974097e-01  1.7323150157507874e-01  2.0398151907595380e-01  2.3998067903395168e-01  2.8147203360168005e-01  3.2867119355967794e-01  3.8170654532726633e-01  4.4052810640532020e-01  5.0480560028001398e-01  5.7380399019950989e-01  6.4621491074553716e-01  7.1991361568078394e-01  7.9168848442422113e-01  8.5703423171158544e-01  9.1030087504375212e-01  9.4549639481974090e-01  9.5784403220160996e-01  9.4549639481974090e-01  9.1030087504375212e-01  8.5703423171158544e-01  7.9168848442422113e-01  7.1991361568078394e-01  6.4621491074553716e-01  5.7380399019950989e-01  5.0480560028001398e-01  4.4052810640532020e-01  3.8170654532726633e-01  3.2867119355967794e-01  2.8147203360168005e-01  2.3998067903395168e-01  2.0398151907595380e-01  1.7323150157507874e-01  1.4749639481974097e-01  1.2656352817640881e-01  1.1023689184459222e-01  9.8336156807840372e-02  9.0685404270213502e-02  8.7101267063353166e-02  8.7369016450822526e-02  9.1209534476723836e-02  9.8228351417570858e-02  1.0785145257262863e-01  1.1926020301015050e-01  1.3136184809240459e-01  1.4285782289114454e-01  1.5245152257612879e-01  1.5916583829191458e-01
   3.0000000000000001e-03  1.4253930696534825e-01  1.3391879593979697e-01  1.2282562128106403e-01  1.1023983199159956e-01  9.7371788589429464e-02  8.5416562828141390e-02  7.5386251312565614e-02  6.8051662583129141e-02  6.3962996149807494e-02  6.3503745187259361e-02  6.6947343367168358e-02  7.4503717185859283e-02  8.6351823591179544e-02  1.0266111305565277e-01  1.2360574028701435e-01  1.4937122856142804e-01  1.8015652782639127e-01  2.1617136856842839e-01  2.5762156107805384e-01  3.0467175358767934e-01  3.5738172908645427e-01  4.1562408120406014e-01  4.7897248862443120e-01  5.4657528876443817e-01  6.1698788939446969e-01  6.8797675883794185e-01  7.5632635631781586e-01  8.1776954847742378e-01  8.6722576128806428e-01  8.9956345817290861e-01  9.1084186209310458e-01  8.9956345817290861e-01  8.6722576128806428e-01  8.1776954847742378e-01  7.5632635631781586e-01  6.8797675883794185e-01  6.1698788939446969e-01  5.4657528876443817e-01  4.7897248862443120e-01  4.1562408120406014e-01  3.5738172908645427e-01  3.0467175358767934e-01  2.5762156107805384e-01  2.1617136856842839e-01  1.8015652782639127e-01  1.4937122856142804e-01  1.2360574028701435e-01  1.0266111305565277e-01  8.6351823591179544e-02  7.4503717185859283e-02  6.6947343367168358e-02  6.3503745187259361e-02  6.3962996149807494e-02  6.8051662583129141e-02  7.5386251312565614e-02  8.5416562828141390e-02  9.7371788589429464e-02  1.1023983199159956e-01  1.2282562128106403e-01  1.3391879593979697e-01  1.4253930696534825e-01
   2.5000000000000001e-03  1.2891368568428418e-01  1.1879467973398669e-01  1.0649114455722786e-01  9.2981169058452912e-02  7.9421505075253751e-02  6.6940777038851942e-02  5.6499530976548820e-02  4.8837409870493516e-02  4.4488442422121098e-02  4.3827693384669228e-02  4.7122716135806784e-02  5.4577850892544619e-02  6.6366370318515916e-02  8.2651256562828138e-02  1.0359901995099753e-01  1.2938704935246761e-01  1.6020077003850189e-01  1.9623129156457819e-01  2.3765502275113751e-01  2.8459250962548122e-01  3.3705257262863136e-01  3.9484116205810282e-01  4.5745355267763382e-01  5.2394301715085745e-01  5.9276891844592228e-01  6.6162618130906536e-01  7.2732572628631420e-01  7.8580329016450812e-01  8.3242128106405311e-01  8.6266559327966386e-01  8.7316583829191452e-01  8.6266559327966386e-01  8.3242128106405311e-01  7.8580329016450812e-01  7.2732572628631420e-01  6.6162618130906536e-01  5.9276891844592228e-01  5.2394301715085745e-01  4.5745355267763382e-01  3.9484116205810282e-01  3.3705257262863136e-01  2.8459250962548122e-01  2.3765502275113751e-01  1.9623129156457819e-01  1.6020077003850189e-01  1.2938704935246761e-01  1.0359901995099753e-01  8.2651256562828138e-02  6.6366370318515916e-02  5.4577850892544619e-02  4.7122716135806784e-02  4.3827693384669228e-02  4.4488442422121098e-02  4.8837409870493516e-02  5.6499530976548820e-02  6.6940777038851942e-02  7.9421505075253751e-02  9.2981169058452912e-02  1.0649114455722786e-01  1.1879467973398669e-01  1.2891368568428418e-01
   2.0000000000000000e-03  1.1805180259012950e-01  1.0677829891494572e-01  9.3520686034301706e-02  7.9257738886944346e-02  6.5109849492474614e-02  5.2163010150507519e-02  4.1345131256562827e-02  3.3376842842142103e-02  2.8782079103955194e-02  2.7929828491424568e-02  3.1082842142107100e-02  3.8440070003500172e-02  5.0168904445222255e-02  6.6426545327266356e-02  8.7372838641932085e-02  1.1317605880294013e-01  1.4401330066503323e-01  1.8005950297514872e-01  2.2146657332866643e-01  2.6832467623381168e-01  3.2059656982849138e-01  3.7803822191109554e-01  4.4008120406020296e-01  5.0570822541127047e-01  5.7330514525726284e-01  6.4052670633531672e-01  7.0421715085754277e-01  7.6048078403920194e-01  8.0500931046552326e-01  8.3373062653132646e-01  8.4367028351417561e-01  8.3373062653132646e-01  8.0500931046552326e-01  7.6048078403920194e-01  7.0421715085754277e-01  6.4052670633531672e-01  5.7330514525726284e-01  5.0570822541127047e-01  4.4008120406020296e-01  3.7803822191109554e-01  3.2059656982849138e-01  2.6832467623381168e-01  2.2146657332866643e-01  1.8005950297514872e-01  1.4401330066503323e-01  1.1317605880294013e-01  8.7372838641932085e-02  6.6426545327266356e-02  5.0168904445222255e-02  3.8440070003500172e-02  3.1082842142107100e-02  2.7929828491424568e-02  2.8782079103955194e-02  3.3376842842142103e-02  4.1345131256562827e-02  5.2163010150507519e-02  6.5109849492474614e-02  7.9257738886944346e-02  9.3520686034301706e-02  1.0677829891494572e-01  1.1805180259012950e-01
   1.5000000000000000e-03  1.0977528876443821e-01  9.7643360168008383e-02  8.3666391319565978e-02  6.8821295064753235e-02  5.4204746237311863e-02  4.0875883794189709e-02  2.9742625131256559e-02  2.1514035701785086e-02  1.6708267413370666e-02  1.5690780539026949e-02  1.8720504025201257e-02  2.5991977598879938e-02  3.7667693384669229e-02  5.3899362968148401e-02  7.4841540077003846e-02  1.0065691284564228e-01  1.3151179558977946e-01  1.6757171858592929e-01  2.0896996849842489e-01  2.5577220861043048e-01  3.0790983549177459e-01  3.6509667483374164e-01  4.2671823591179553e-01  4.9170234511725586e-01  5.5838781939096949e-01  6.2440294014700726e-01  6.8662527126356310e-01  7.4128848442422113e-01  7.8432439621981087e-01  8.1196765838291907e-01  8.2151137556877829e-01  8.1196765838291907e-01  7.8432439621981087e-01  7.4128848442422113e-01  6.8662527126356310e-01  6.2440294014700726e-01  5.5838781939096949e-01  4.9170234511725586e-01  4.2671823591179553e-01  3.6509667483374164e-01  3.0790983549177459e-01  2.5577220861043048e-01  2.0896996849842489e-01  1.6757171858592929e-01  1.3151179558977946e-01  1.0065691284564228e-01  7.4841540077003846e-02  5.3899362968148401e-02  3.7667693384669229e-02  2.5991977598879938e-02  1.8720504025201257e-02  1.5690780539026949e-02  1.6708267413370666e-02  2.1514035701785086e-02  2.9742625131256559e-02  4.0875883794189709e-02  5.4204746237311863e-02  6.8821295064753235e-02  8.3666391319565978e-02  9.7643360168008383e-02  1.0977528876443821e-01
   1.0000000000000000e-03  1.0395281764088203e-01  9.1227469373468664e-02  7.6748323416170799e-02  6.1489744487224357e-02  4.6533706685334263e-02  3.2922884144207208e-02  2.1553041652082602e-02  1.3127266363318164e-02  8.1606916345817286e-03  7.0165432271613575e-03  9.9513195659782974e-03  1.7156345817290863e-02  2.8790213510675532e-02  4.5001008050402518e-02  6.5938676933846682e-02  9.1761008050402507e-02  1.2263059152957645e-01  1.5870129506475322e-01  2.0009464473223657e-01  2.4686062303115153e-01  2.9890808540427022e-01  3.5592145607280362e-01  4.1725292264613223e-01  4.8179502975148752e-01  5.4785229261463064e-01  6.1303927196359820e-01  6.7426195309765480e-01  7.2784417220861031e-01  7.6987945397269852e-01  7.9680336016800823e-01  8.0608442422121096e-01  7.9680336016800823e-01  7.6987945397269852e-01  7.2784417220861031e-01  6.7426195309765480e-01  6.1303927196359820e-01  5.4785229261463064e-01  4.8179502975148752e-01  4.1725292264613223e-01  3.5592145607280362e-01  2.9890808540427022e-01  2.4686062303115153e-01  2.0009464473223657e-01  1.5870031501575077e-01  1.2263059152957645e-01  9.1761008050402507e-02  6.5938676933846682e-02  4.5000910045502267e-02  2.8790213510675532e-02  1.7156345817290863e-02  9.9513195659782974e-03  7.0165432271613575e-03  8.1606916345817286e-03  1.3127266363318164e-02  2.1553041652082602e-02  3.2922884144207208e-02  4.6533706685334263e-02  6.1489744487224357e-02  7.6748323416170799e-02  9.1227469373468664e-02  1.0395281764088203e-01
   5.0000000000000001e-04  1.0049324466223311e-01  8.7420469023451172e-02  7.2644564228211403e-02  5.7139012950647522e-02  4.1977654882744131e-02  2.8194147707385368e-02  1.6678277913895694e-02  8.1298788939446961e-03  3.0628001400070000e-03  1.8392481624081203e-03  4.7142905145257262e-03  1.1877311865593279e-02  2.3484718235911792e-02  3.9681792089604477e-02  6.0616226811340559e-02  8.6442772138606919e-02  1.1731970598529924e-01  1.5339726986349314e-01  1.9479061953097651e-01  2.4153601680084003e-01  2.9353055652782634e-01  3.5044396219810986e-01  4.1160588029401463e-01  4.7588925446272307e-01  5.4157899894994743e-01  6.0628281414070695e-01  6.6692432621631070e-01  7.1988127406370306e-01  7.6134028701435053e-01  7.8785257262863140e-01  7.9698466923346156e-01  7.8785257262863140e-01  7.6134028701435053e-01  7.1988127406370306e-01  6.6692432621631070e-01  6.0628281414070695e-01  5.4157899894994743e-01  4.7588925446272307e-01  4.1160588029401463e-01  3.5044396219810986e-01  2.9353055652782634e-01  2.4153601680084003e-01  1.9479061953097651e-01  1.5339726986349314e-01  1.1731970598529924e-01  8.6442772138606919e-02  6.0616226811340559e-02  3.9681792089604477e-02  2.3484718235911792e-02  1.1877311865593279e-02  4.7142905145257262e-03  1.8392481624081203e-03  3.0628001400070000e-03  8.1298886944347198e-03  1.6678277913895694e-02  2.8194147707385368e-02  4.1977654882744131e-02  5.7139012950647522e-02  7.2644564228211403e-02  8.7420469023451172e-02  1.0049324466223311e-01
   0.0000000000000000e+00  9.9346587329366451e-02  8.6158361918095894e-02  7.1284354217710871e-02  5.5696674833741681e-02  4.0466713335666780e-02  2.6625089254462719e-02  1.5059824991249561e-02  6.4698718935946795e-03  1.3686188309415470e-03  1.1804102205110254e-04  2.9727238361918094e-03  1.0121456072803639e-02  2.1719649982499121e-02  3.7912019600980042e-02  5.8845278263913184e-02  8.4673195659782971e-02  1.1555365768288413e-01  1.5163318165908293e-01  1.9302555127756385e-01  2.3976506825341265e-01  2.9174294714735732e-01  3.4862205110255512e-01  4.0972908645432266e-01  4.7392719635981789e-01  5.3949541477073848e-01  6.0404144207210353e-01  6.6449184459222954e-01  7.1724396219810982e-01  7.5851480574028685e-01  7.8489380469023440e-01  7.9397591879593976e-01  7.8489380469023440e-01  7.5851480574028685e-01  7.1724396219810982e-01  6.6449184459222954e-01  6.0404144207210353e-01  5.3949541477073848e-01  4.7392719635981789e-01  4.0972908645432266e-01  3.4862205110255512e-01  2.9174294714735732e-01  2.3976506825341265e-01  1.9302555127756385e-01  1.5163318165908293e-01  1.1555365768288413e-01  8.4673195659782971e-02  5.8845278263913184e-02  3.7912019600980042e-02  2.1719649982499121e-02  1.0121456072803639e-02  2.9727238361918094e-03  1.1804102205110254e-04  1.3686188309415470e-03  6.4698718935946795e-03  1.5059824991249561e-02  2.6625089254462719e-02  4.0466713335666780e-02  5.5696674833741681e-02  7.1284354217710871e-02  8.6158361918095894e-02  9.9346587329366451e-02
  -5.0000000000000001e-04  1.0049324466223311e-01  8.7420469023451172e-02  7.2644564228211403e-02  5.7139012950647522e-02  4.1977654882744131e-02  2.8194147707385368e-02  1.6678277913895694e-02  8.1298788939446961e-03  3.0628001400070000e-03  1.8392481624081203e-03  4.7142905145257262e-03  1.1877311865593279e-02  2.3484718235911792e-02  3.9681792089604477e-02  6.0616226811340559e-02  8.6442772138606919e-02  1.1731970598529924e-01  1.5339726986349314e-01  1.9479061953097651e-01  2.4153601680084003e-01  2.9353055652782634e-01  3.5044396219810986e-01  4.1160588029401463e-01  4.7588925446272307e-01  5.4157899894994743e-01  6.0628281414070695e-01  6.6692432621631070e-01  7.1988127406370306e-01  7.6134028701435053e-01  7.8785257262863140e-01  7.9698466923346156e-01  7.8785257262863140e-01  7.6134028701435053e-01  7.1988127406370306e-01  6.6692432621631070e-01  6.0628281414070695e-01  5.4157899894994743e-01  4.7588925446272307e-01  4.1160588029401463e-01  3.5044396219810986e-01  2.9353055652782634e-01  2.4153601680084003e-01  1.9479061953097651e-01  1.5339726986349314e-01  1.1731970598529924e-01  8.6442772138606919e-02  6.0616226811340559e-02  3.9681792089604477e-02  2.3484718235911792e-02  1.1877311865593279e-02  4.7142905145257262e-03  1.8392481624081203e-03  3.0628001400070000e-03  8.1298886944347198e-03  1.6678277913895694e-02  2.8194147707385368e-02  4.1977654882744131e-02  5.7139012950647522e-02  7.2644564228211403e-02  8.7420469023451172e-02  1.0049324466223311e-01
  -1.0000000000000000e-03  1.0395281764088203e-01  9.1227469373468664e-02  7.6748323416170799e-02  6.1489744487224357e-02  4.6533706685334263e-02  3.2922884144207208e-02  2.1553041652082602e-02  1.3127266363318164e-02  8.1606916345817286e-03  7.0165432271613575e-03  9.9513195659782974e-03  1.7156345817290863e-02  2.8790213510675532e-02  4.5001008050402518e-02  6.5938676933846682e-02  9.1761008050402507e-02  1.2263059152957645e-01  1.5870031501575077e-01  2.0009464473223657e-01  2.4686062303115153e-01  2.9890808540427022e-01  3.5592145607280362e-01  4.1725292264613223e-01  4.8179502975148752e-01  5.4785229261463064e-01  6.1303927196359820e-01  6.7426195309765480e-01  7.2784417220861031e-01  7.6987945397269852e-01  7.9680336016800823e-01  8.0608442422121096e-01  7.9680336016800823e-01  7.6987945397269852e-01  7.2784417220861031e-01  6.7426195309765480e-01  6.1303927196359820e-01  5.4785229261463064e-01  4.8179502975148752e-01  4.1725292264613223e-01  3.5592145607280362e-01  2.9890808540427022e-01  2.4686062303115153e-01  2.0009464473223657e-01  1.5870031501575077e-01  1.2263059152957645e-01  9.1761008050402507e-02  6.5938676933846682e-02  4.5000910045502267e-02  2.8790213510675532e-02  1.7156345817290863e-02  9.9513195659782974e-03  7.0165432271613575e-03  8.1606916345817286e-03  1.3127266363318164e-02  2.1553041652082602e-02  3.2922884144207208e-02  4.6533706685334263e-02  6.1489744487224357e-02  7.6748323416170799e-02  9.1227469373468664e-02  1.0395281764088203e-01
  -1.5000000000000000e-03  1.0977528876443821e-01  9.7643360168008383e-02  8.3666391319565978e-02  6.8821295064753235e-02  5.4204746237311863e-02  4.0875883794189709e-02  2.9742625131256559e-02  2.1514035701785086e-02  1.6708267413370666e-02  1.5690780539026949e-02  1.8720504025201257e-02  2.5991977598879938e-02  3.7667693384669229e-02  5.3899362968148401e-02  7.4841540077003846e-02  1.0065691284564228e-01  1.3151179558977946e-01  1.6757171858592929e-01  2.0896996849842489e-01  2.5577220861043048e-01  3.0790983549177459e-01  3.6509667483374164e-01  4.2671823591179553e-01  4.9170234511725586e-01  5.5838781939096949e-01  6.2440294014700726e-01  6.8662527126356310e-01  7.4128848442422113e-01  7.8432439621981087e-01  8.1196765838291907e-01  8.2151137556877829e-01  8.1196765838291907e-01  7.8432439621981087e-01  7.4128848442422113e-01  6.8662527126356310e-01  6.2440294014700726e-01  5.5838781939096949e-01  4.9170234511725586e-01  4.2671823591179553e-01  3.6509667483374164e-01  3.0790983549177459e-01  2.5577220861043048e-01  2.0896996849842489e-01  1.6757171858592929e-01  1.3151179558977946e-01  1.0065691284564228e-01  7.4841540077003846e-02  5.3899362968148401e-02  3.7667693384669229e-02  2.5991977598879938e-02  1.8720504025201257e-02  1.5690780539026949e-02  1.6708267413370666e-02  2.1514035701785086e-02  2.9742625131256559e-02  4.0875883794189709e-02  5.4204746237311863e-02  6.8821197059852984e-02  8.3666391319565978e-02  9.7643360168008383e-02  1.0977528876443821e-01
  -2.0000000000000000e-03  1.1805180259012950e-01  1.0677829891494572e-01  9.3520686034301706e-02  7.9257738886944346e-02  6.5109849492474614e-02  5.2163010150507519e-02  4.1345131256562827e-02  3.3376842842142103e-02  2.8782079103955194e-02  2.7929828491424568e-02  3.1082842142107100e-02  3.8440070003500172e-02  5.0168904445222255e-02  6.6426545327266356e-02  8.7372838641932085e-02  1.1317605880294013e-01  1.4401330066503323e-01  1.8005950297514872e-01  2.2146657332866643e-01  2.6832467623381168e-01  3.2059656982849138e-01  3.7803822191109554e-01  4.4008120406020296e-01  5.0570822541127047e-01  5.7330514525726284e-01  6.4052670633531672e-01  7.0421715085754277e-01  7.6048078403920194e-01  8.0500931046552326e-01  8.3373062653132646e-01  8.4367028351417561e-01  8.3373062653132646e-01  8.0500931046552326e-01  7.6048078403920194e-01  7.0421715085754277e-01  6.4052670633531672e-01  5.7330514525726284e-01  5.0570822541127047e-01  4.4008120406020296e-01  3.7803822191109554e-01  3.2059656982849138e-01  2.6832467623381168e-01  2.2146657332866643e-01  1.8005950297514872e-01  1.4401330066503323e-01  1.1317605880294013e-01  8.7372838641932085e-02  6.6426545327266356e-02  5.0168904445222255e-02  3.8440070003500172e-02  3.1082842142107100e-02  2.7929828491424568e-02  2.8782079103955194e-02  3.3376842842142103e-02  4.1345131256562827e-02  5.2163010150507519e-02  6.5109849492474614e-02  7.9257738886944346e-02  9.3520686034301706e-02  1.0677829891494572e-01  1.1805180259012950e-01
  -2.5000000000000001e-03  1.2891368568428418e-01  1.1879467973398669e-01  1.0649114455722786e-01  9.2981169058452912e-02  7.9421505075253751e-02  6.6940777038851942e-02  5.6499530976548820e-02  4.8837409870493516e-02  4.4488442422121098e-02  4.3827693384669228e-02  4.7122716135806784e-02  5.4577850892544619e-02  6.6366370318515916e-02  8.2651256562828138e-02  1.0359901995099753e-01  1.2938704935246761e-01  1.6020077003850189e-01  1.9623129156457819e-01  2.3765502275113751e-01  2.8459250962548122e-01  3.3705257262863136e-01  3.9484116205810282e-01  4.5745355267763382e-01  5.2394301715085745e-01  5.9276891844592228e-01  6.6162618130906536e-01  7.2732572628631420e-01  7.8580329016450812e-01  8.3242128106405311e-01  8.6266559327966386e-01  8.7316583829191452e-01  8.6266559327966386e-01  8.3242128106405311e-01  7.8580329016450812e-01  7.2732572628631420e-01  6.6162618130906536e-01  5.9276891844592228e-01  5.2394301715085745e-01  4.5745355267763382e-01  3.9484116205810282e-01  3.3705257262863136e-01  2.8459250962548122e-01  2.3765502275113751e-01  1.9623129156457819e-01  1.6020077003850189e-01  1.2938704935246761e-01  1.0359901995099753e-01  8.2651256562828138e-02  6.6366370318515916e-02  5.4577850892544619e-02  4.7122716135806784e-02  4.3827693384669228e-02  4.4488442422121098e-02  4.8837409870493516e-02  5.6499530976548820e-02  6.6940777038851942e-02  7.9421505075253751e-02  9.2981169058452912e-02  1.0649114455722786e-01  1.1879565978298914e-01  1.2891368568428418e-01
  -3.0000000000000001e-03  1.4253930696534825e-01  1.3391879593979697e-01  1.2282562128106403e-01  1.1023983199159956e-01  9.7371788589429464e-02  8.5416562828141390e-02  7.5386251312565614e-02  6.8051662583129141e-02  6.3962996149807494e-02  6.3503745187259361e-02  6.6947343367168358e-02  7.4503717185859283e-02  8.6351823591179544e-02  1.0266111305565277e-01  1.2360574028701435e-01  1.4937122856142804e-01  1.8015652782639127e-01  2.1617136856842839e-01  2.5762156107805384e-01  3.0467175358767934e-01  3.5738172908645427e-01  4.1562408120406014e-01  4.7897248862443120e-01  5.4657528876443817e-01  6.1698788939446969e-01  6.8797675883794185e-01  7.5632635631781586e-01  8.1776954847742378e-01  8.6722576128806428e-01  8.9956345817290861e-01  9.1084186209310458e-01  8.9956345817290861e-01  8.6722576128806428e-01  8.1776954847742378e-01  7.5632635631781586e-01  6.8797675883794185e-01  6.1698788939446969e-01  5.4657528876443817e-01  4.7897248862443120e-01  4.1562408120406014e-01  3.5738172908645427e-01  3.0467175358767934e-01  2.5762156107805384e-01  2.1617136856842839e-01  1.8015652782639127e-01  1.4937122856142804e-01  1.2360574028701435e-01  1.0266111305565277e-01  8.6351823591179544e-02  7.4503717185859283e-02  6.6947343367168358e-02  6.3503745187259361e-02  6.3962996149807494e-02  6.8051662583129141e-02  7.5386251312565614e-02  8.5416562828141390e-02  9.7371788589429464e-02  1.1023983199159956e-01  1.2282562128106403e-01  1.3391879593979697e-01  1.4253930696534825e-01
  -3.5000000000000001e-03  1.5916583829191458e-01  1.5245152257612879e-01  1.4285782289114454e-01  1.3136184809240459e-01  1.1926020301015050e-01  1.0785145257262863e-01  9.8228351417570858e-02  9.1209534476723836e-02  8.7369016450822526e-02  8.7101267063353166e-02  9.0685404270213502e-02  9.8336156807840372e-02  1.1023689184459222e-01  1.2656352817640881e-01  1.4749639481974097e-01  1.7323150157507874e-01  2.0398151907595380e-01  2.3998067903395168e-01  2.8147203360168005e-01  3.2867119355967794e-01  3.8170654532726633e-01  4.4052810640532020e-01  5.0480560028001398e-01  5.7380399019950989e-01  6.4621491074553716e-01  7.1991361568078394e-01  7.9168848442422113e-01  8.5703423171158544e-01  9.1030087504375212e-01  9.4549639481974090e-01  9.5784403220160996e-01  9.4549639481974090e-01  9.1030087504375212e-01  8.5703423171158544e-01  7.9168848442422113e-01  7.1991361568078394e-01  6.4621491074553716e-01  5.7380399019950989e-01  5.0480560028001398e-01  4.4052810640532020e-01  3.8170654532726633e-01  3.2867119355967794e-01  2.8147203360168005e-01  2.3998067903395168e-01  2.0398151907595380e-01  1.7323150157507874e-01  1.4749639481974097e-01  1.2656352817640881e-01  1.1023689184459222e-01  9.8336156807840372e-02  9.0685404270213502e-02  8.7101267063353166e-02  8.7369016450822526e-02  9.1209534476723836e-02  9.8228351417570858e-02  1.0785145257262863e-01  1.1926020301015050e-01  1.3136184809240459e-01  1.4285782289114454e-01  1.5245152257612879e-01  1.5916583829191458e-01
  -4.0000000000000001e-03  1.7910003500175006e-01  1.7479467973398669e-01  1.6702779138956944e-01  1.5677157857892893e-01  1.4546279313965696e-01  1.3456464823241163e-01  1.2529142457122855e-01  1.1853300665033251e-01  1.1489506475323766e-01  1.1478529926496324e-01  1.1848596429821490e-01  1.2621169058452922e-01  1.3815064753237660e-01  1.5448120406020299e-01  1.7539250962548125e-01  2.0108645432271610e-01  2.3179334966748336e-01  2.6777584879243960e-01  3.0932306615330762e-01  3.5671823591179558e-01  4.1016814840742033e-01  4.6971494574728734e-01  5.3514007700385013e-01  6.0585747287364367e-01  6.8073517675883788e-01  7.5782485124256205e-01  8.3396877843892181e-01  9.0441764088204402e-01  9.6278543927196347e-01  1.0018844942247112e+00  1.0157129856492824e+00  1.0018844942247112e+00  9.6278543927196347e-01  9.0441764088204402e-01  8.3396877843892181e-01  7.5782485124256205e-01  6.8073517675883788e-01  6.0585747287364367e-01  5.3514007700385013e-01  4.6971494574728734e-01  4.1016814840742033e-01  3.5671823591179558e-01  3.0932306615330762e-01  2.6777584879243960e-01  2.3179334966748336e-01  2.0108645432271610e-01  1.7539250962548125e-01  1.5448120406020299e-01  1.3815064753237660e-01  1.2621169058452922e-01  1.1848596429821490e-01  1.1478529926496324e-01  1.1489506475323766e-01  1.1853300665033251e-01  1.2529142457122855e-01  1.3456464823241163e-01  1.4546279313965696e-01  1.5677157857892893e-01  1.6702779138956944e-01  1.7479467973398669e-01  1.7910003500175006e-01
  -4.4999999999999997e-03  2.0274273713685681e-01  2.0148533426671331e-01  1.9591767588379416e-01  1.8701491074553725e-01  1.7644802240112004e-01  1.6593895694784735e-01  1.5688330416520824e-01  1.5027189359467971e-01  1.4675351767588379e-01  1.4674175708785436e-01  1.5051592579628978e-01  1.5828673433671683e-01  1.7024039201960095e-01  1.8655820791039548e-01  2.0743129156457821e-01  2.3307133356667831e-01  2.6372530626531321e-01  2.9968722436121803e-01  3.4130598529926492e-01  3.8894910745537276e-01  4.4291942597129852e-01  5.0336296814840742e-01  5.7018760938046886e-01  6.4298368918445914e-01  7.2086230311515564e-01  8.0214070703535167e-01  8.8381603080154003e-01  9.6091354567728371e-01  1.0261407070353517e+00  1.0706251312565627e+00  1.0865313265663281e+00  1.0706251312565627e+00  1.0261407070353517e+00  9.6091354567728371e-01  8.8381603080154003e-01  8.0214168708435407e-01  7.2086230311515564e-01  6.4298368918445914e-01  5.7018760938046886e-01  5.0336296814840742e-01  4.4291942597129852e-01  3.8894910745537276e-01  3.4130598529926492e-01  2.9968722436121803e-01  2.6372530626531321e-01  2.3307133356667831e-01  2.0743129156457821e-01  1.8655820791039548e-01  1.7024039201960095e-01  1.5828673433671683e-01  1.5051592579628978e-01  1.4674175708785436e-01  1.4675351767588379e-01  1.5027189359467971e-01  1.5688330416520824e-01  1.6593895694784735e-01  1.7644802240112004e-01  1.8701491074553725e-01  1.9591767588379416e-01  2.0148533426671331e-01  2.0274273713685681e-01
  -5.0000000000000001e-03  2.3061631081554074e-01  2.3324774238711934e-01  2.3030563528176407e-01  2.2279257962898141e-01  2.1278529926496323e-01  2.0241736086804338e-01  1.9334896744837238e-01  1.8670227511375567e-01  1.8317115855792787e-01  1.8317017850892545e-01  1.8695904795239759e-01  1.9473475673783686e-01  2.0667273363668182e-01  2.2295428771438569e-01  2.4377052852642631e-01  2.6934098704935244e-01  2.9992537626881338e-01  3.3585593279663983e-01  3.7755701785089252e-01  4.2550689534476721e-01  4.8012404620231008e-01  5.4166524326216303e-01  6.1017360868043391e-01  6.8545019250962547e-01  7.6692656632831635e-01  8.5332082604130199e-01  9.4194861743087144e-01  1.0277087854392717e+00  1.1022219110955547e+00  1.1542625131256561e+00  1.1731284564228208e+00  1.1542625131256561e+00  1.1022219110955547e+00  1.0277087854392717e+00  9.4194861743087144e-01  8.5332082604130199e-01  7.6692656632831635e-01  6.8545019250962547e-01  6.1017360868043391e-01  5.4166524326216303e-01  4.8012404620231008e-01  4.2550689534476721e-01  3.7755701785089252e-01  3.3585593279663983e-01  2.9992537626881338e-01  2.6934098704935244e-01  2.4377052852642631e-01  2.2295428771438569e-01  2.0667273363668182e-01  1.9473475673783686e-01  1.8695904795239759e-01  1.8317017850892545e-01  1.8317115855792787e-01  1.8670227511375567e-01  1.9334896744837238e-01  2.0241736086804338e-01  2.1278529926496323e-01  2.2279257962898141e-01  2.3030563528176407e-01  2.3324774238711934e-01  2.3061631081554074e-01
