# Author : 
# file created by CK Thu 8 Jan 2015 20:40:55EPU105ESMv2, LV, This simulation is to study the impact of having only 14 channels instead of 26, residual kick map after correction
# Undulator Length [m]
2.8
# Number of Horizontal Points
61
# Number of Vertical Points
21
# Horizontal Kick [micro-rad]
START
 	-0.03	-0.029	-0.028	-0.027	-0.026	-0.025	-0.024	-0.023	-0.022	-0.021	-0.02	-0.019	-0.018	-0.017	-0.016	-0.015	-0.014	-0.013	-0.012	-0.011	-0.01	-0.009	-0.008	-0.007	-0.006	-0.005	-0.004	-0.003	-0.002	-0.001	0.	0.001	0.002	0.003	0.004	0.005	0.006	0.007	0.008	0.009	0.01	0.011	0.012	0.013	0.014	0.015	0.016	0.017	0.018	0.019	0.02	0.021	0.022	0.023	0.024	0.025	0.026	0.027	0.028	0.029	0.03
0.005	-15.35539	-8.42901	-1.843662	2.192591	2.914974	0.718048	-3.60473	-9.12567	-14.42857	-17.00192	-14.66507	-9.20766	-4.4982	-1.587483	0.2055596	0.608269	0.0440732	-0.871183	-2.360542	-3.67445	-3.79679	-1.942311	3.66338	12.87355	23.34267	34.5702	44.9428	45.8842	30.86852	11.35751	0.002295632	-11.35373	-30.86768	-45.8871	-44.9445	-34.5688	-23.34022	-12.87115	-3.66205	1.942174	3.7957	3.67445	2.359759	0.870535	-0.0435304	-0.607716	-0.2053682	1.587669	4.49823	9.20738	14.66479	17.00166	14.42859	9.12568	3.60451	-0.71832	-2.915013	-2.19278	1.843581	8.42894	15.35548
0.0045	-9.25376	-3.7534	1.051936	3.76285	3.88068	1.696693	-2.121206	-6.7031	-10.8128	-12.75223	-11.39735	-7.82434	-4.27756	-1.755723	-0.2077393	0.319931	0.0796838	-0.57127	-1.512425	-2.221716	-1.954236	0.0446113	4.70455	11.84892	20.14323	28.58539	35.0655	34.5469	24.39377	10.72641	0.001409873	-10.72606	-24.39473	-34.5506	-35.0675	-28.58535	-20.14176	-11.84713	-4.70304	-0.0452444	1.954478	2.221085	1.512237	0.57064	-0.0795107	-0.319645	0.2083071	1.755715	4.27759	7.82432	11.39711	12.75246	10.81259	6.70289	2.121231	-1.697104	-3.88045	-3.76292	-1.051998	3.75317	9.25347
0.004	-4.51095	0.036103	3.68188	5.50138	5.19125	3.019139	-0.422268	-4.34092	-7.71408	-9.3809	-8.72011	-6.40068	-3.79639	-1.735622	-0.406785	0.1579963	0.1121552	-0.3046287	-0.886209	-1.227799	-0.7708	1.076922	4.82655	10.30388	16.62166	22.71638	26.72532	25.71641	18.65524	8.92322	0.000869329	-8.92103	-18.65349	-25.71683	-26.72867	-22.71447	-16.62069	-10.30238	-4.8264	-1.078079	0.770055	1.226952	0.885521	0.3042493	-0.1119238	-0.1578651	0.406896	1.735466	3.79635	6.40069	8.72011	9.38071	7.71409	4.34086	0.422118	-3.019209	-5.19102	-5.50136	-3.68177	-0.0360894	4.51109
0.0035	-0.780577	3.117812	5.99906	7.22689	6.63179	4.48233	1.321631	-2.14085	-5.06895	-6.64576	-6.4983	-5.05346	-3.19519	-1.577065	-0.463158	0.0833477	0.148573	-0.0974016	-0.451454	-0.591781	-0.09978	1.45414	4.36099	8.45264	13.08752	17.32723	19.75795	18.67789	13.73346	6.85047	0.000537461	-6.84985	-13.73268	-18.67997	-19.75876	-17.32727	-13.08699	-8.45271	-4.36088	-1.454402	0.0994373	0.591162	0.451475	0.0970483	-0.1488558	-0.0832609	0.463261	1.577053	3.19512	5.05356	6.49804	6.64577	5.06906	2.140843	-1.321691	-4.48231	-6.63177	-7.22702	-5.99929	-3.117762	0.780688
0.003	2.164269	5.61728	7.9919	8.83151	8.05673	5.94084	2.988692	-0.1650036	-2.830981	-4.40909	-4.65224	-3.83929	-2.564231	-1.336914	-0.428917	0.0667416	0.186173	0.0488158	-0.1728212	-0.2265606	0.1989916	1.405264	3.55344	6.49925	9.7564	12.58979	14.0026	13.03705	9.62333	4.89899	0.000332405	-4.89633	-9.62356	-13.03764	-14.00416	-12.58789	-9.75599	-6.49879	-3.55458	-1.404808	-0.1988176	0.2261171	0.1724495	-0.0489083	-0.1863535	-0.0665971	0.428922	1.337058	2.564327	3.83939	4.65218	4.40918	2.831152	0.1649509	-2.98874	-5.9407	-8.05685	-8.83149	-7.99177	-5.61698	-2.164366
0.0025	4.47672	7.62195	9.66018	10.2499	9.36876	7.29267	4.49504	1.54761	-0.969211	-2.590286	-3.13455	-2.786939	-1.96315	-1.063572	-0.3434	0.0847189	0.2205856	0.1429494	-0.0130962	-0.053162	0.2502087	1.104389	2.598725	4.61017	6.78019	8.56908	9.33115	8.55082	6.28339	3.21593	0.0002051181	-3.21569	-6.28244	-8.55121	-9.33251	-8.56917	-6.7799	-4.61147	-2.599228	-1.103981	-0.2502418	0.0533688	0.01275599	-0.1427275	-0.220799	-0.0848278	0.343659	1.063689	1.963232	2.786967	3.134445	2.590368	0.969229	-1.547588	-4.49507	-7.29262	-9.36879	-10.24989	-9.66025	-7.62233	-4.47685
0.002	6.26024	9.19467	11.01144	11.44284	10.50341	8.46795	5.78344	2.971919	0.53676	-1.141963	-1.916557	-1.911963	-1.431533	-0.795653	-0.2375795	0.1197799	0.249013	0.1964711	0.0633146	-0.00544573	0.1567906	0.6909	1.644848	2.918276	4.25429	5.2915	5.63858	5.0538	3.65257	1.852719	0.0001254522	-1.852573	-3.65266	-5.05509	-5.63982	-5.29251	-4.25413	-2.918026	-1.644667	-0.690809	-0.1564925	0.00537263	-0.0631099	-0.1965176	-0.2490717	-0.1197254	0.2376036	0.795717	1.431573	1.912083	1.916603	1.141936	-0.536738	-2.971891	-5.78348	-8.46795	-10.50339	-11.44288	-11.01153	-9.19488	-6.26032
0.0015	7.58649	10.37944	12.05289	12.38709	11.41876	9.4197	6.81606	4.09216	1.699016	-0.0355035	-0.981392	-1.224049	-0.995683	-0.561322	-0.1337745	0.1588271	0.2704374	0.2224987	0.0873643	-0.02644097	0.002038454	0.2679087	0.798464	1.515339	2.243778	2.755349	2.845259	2.439136	1.674713	0.81124	0.0000748921	-0.811152	-1.673702	-2.439284	-2.845395	-2.756319	-2.242815	-1.515191	-0.798324	-0.2678559	-0.001735732	0.02669527	-0.0874203	-0.2225274	-0.2704354	-0.1588005	0.133795	0.561439	0.995671	1.224095	0.981454	0.035529	-1.698972	-4.09216	-6.81604	-9.41969	-11.41874	-12.38715	-12.05287	-10.37952	-7.58658
0.001	8.50368	11.20624	12.79151	13.06889	12.08808	10.11779	7.5682	4.89825	2.525074	0.745587	-0.318834	-0.729005	-0.67344	-0.380913	-0.0487439	0.1926749	0.2851643	0.232259	0.0857145	-0.0724518	-0.1525155	-0.0858638	0.141475	0.470879	0.78549	0.953679	0.889702	0.623737	0.2991653	0.0822419	0.0000417824	-0.0821941	-0.2991942	-0.622803	-0.889777	-0.953697	-0.785433	-0.472025	-0.1417808	0.0862572	0.152522	0.0727204	-0.0857207	-0.232253	-0.2852479	-0.1927306	0.0487802	0.380958	0.673436	0.729063	0.318863	-0.745547	-2.525055	-4.89823	-7.56819	-10.1178	-12.08819	-13.06879	-12.79158	-11.20641	-8.50368
0.0005	9.04238	11.695	13.23257	13.48049	12.49554	10.54326	8.02488	5.38407	3.019244	1.210992	0.0767895	-0.430618	-0.47588	-0.2675916	0.00647101	0.2153044	0.293377	0.2347726	0.0765804	-0.1130106	-0.2619822	-0.318272	-0.2740981	-0.171984	-0.0966033	-0.1231398	-0.265394	-0.446006	-0.511634	-0.350402	0.00001838354	0.350423	0.510573	0.444955	0.265368	0.1231321	0.0966273	0.1720369	0.2733723	0.31865	0.2623136	0.1130114	-0.0768461	-0.2345344	-0.2935608	-0.215188	-0.00650692	0.2676282	0.475957	0.430633	-0.0767584	-1.210961	-3.019212	-5.38404	-8.02483	-10.54324	-12.4954	-13.48048	-13.23256	-11.695	-9.04237
0.	9.22015	11.85644	13.37922	13.61817	12.6321	10.68611	8.17794	5.54636	3.18374	1.365622	0.2083743	-0.330918	-0.409418	-0.2290073	0.02560088	0.2232521	0.2963086	0.2345426	0.0725499	-0.1286262	-0.3019441	-0.399599	-0.41438	-0.389624	-0.393104	-0.481497	-0.648917	-0.798879	-0.778879	-0.49271	-5.69852e-10	0.49271	0.778879	0.798878	0.647944	0.481507	0.39224	0.388805	0.415927	0.399967	0.3013088	0.1286444	-0.0725259	-0.2347551	-0.2960783	-0.223223	-0.02549791	0.2289789	0.409359	0.330951	-0.2083412	-1.365589	-3.18371	-5.54632	-8.17793	-10.68614	-12.6322	-13.61816	-13.37913	-11.85652	-9.21995
-0.0005	9.04228	11.69492	13.2325	13.48049	12.49548	10.54327	8.02488	5.38408	3.019243	1.210995	0.0767872	-0.430599	-0.475903	-0.2676016	0.00646581	0.2153944	0.2935811	0.2343232	0.076867	-0.1126983	-0.2622957	-0.317927	-0.2733622	-0.1720259	-0.0966276	-0.1231325	-0.2653591	-0.444949	-0.510573	-0.350423	-0.0000184591	0.350402	0.511635	0.444995	0.2654038	0.1231415	0.096605	0.1711758	0.2737248	0.318636	0.2623156	0.1130306	-0.0768286	-0.2345165	-0.2935538	-0.215275	-0.00651014	0.2676215	0.475933	0.430632	-0.0767574	-1.21096	-3.019212	-5.38405	-8.02483	-10.54324	-12.49546	-13.48048	-13.23256	-11.695	-9.04237
-0.001	8.50368	11.20633	12.79144	13.06882	12.08815	10.11774	7.56823	4.89828	2.525089	0.745604	-0.318824	-0.729047	-0.673397	-0.380918	-0.048736	0.1925789	0.2848634	0.2322642	0.085502	-0.0724177	-0.1524984	-0.0851786	0.1410174	0.470796	0.785434	0.953692	0.889789	0.623826	0.2991925	0.0811254	-0.0000410665	-0.0822412	-0.299163	-0.623734	-0.8897	-0.952736	-0.785477	-0.471273	-0.1410803	0.0855196	0.1525224	0.0724587	-0.0854292	-0.2319919	-0.2850462	-0.1926454	0.0488346	0.380938	0.673445	0.729046	0.318884	-0.745553	-2.525053	-4.89821	-7.56819	-10.11775	-12.08818	-13.06887	-12.7915	-11.20623	-8.50367
-0.0015	7.58659	10.37963	12.05299	12.38704	11.41878	9.41972	6.81606	4.0922	1.699002	-0.0355153	-0.981416	-1.224085	-0.995679	-0.561367	-0.1337633	0.1587191	0.2704461	0.2223201	0.0874198	-0.0263978	0.002064203	0.2678334	0.798342	1.515177	2.24368	2.756342	2.84539	2.439284	1.673702	0.811154	-0.000073184	-0.811237	-1.674704	-2.439133	-2.845268	-2.755341	-2.243761	-1.515306	-0.798445	-0.2686125	-0.001714207	0.02616278	-0.0876244	-0.2224984	-0.2704131	-0.1588161	0.1337849	0.561294	0.99571	1.224102	0.981419	0.0355384	-1.698982	-4.0922	-6.81605	-9.41978	-11.41881	-12.38693	-12.05291	-10.37942	-7.58668
-0.002	6.26054	9.19496	11.01165	11.44277	10.50343	8.46785	5.78351	2.971915	0.536767	-1.141878	-1.916541	-1.911959	-1.431516	-0.795578	-0.2375747	0.1197295	0.2492765	0.1965412	0.0632067	-0.00537255	0.1564403	0.690151	1.644685	2.91718	4.25501	5.2906	5.63981	5.05508	3.65158	1.852575	-0.0001222876	-1.852716	-3.65257	-5.05379	-5.63859	-5.2915	-4.25517	-2.916989	-1.644064	-0.690148	-0.1564236	0.00516757	-0.0630516	-0.1964213	-0.2490381	-0.1196748	0.2375416	0.795656	1.431473	1.912053	1.916559	1.141924	-0.536702	-2.971873	-5.78347	-8.46794	-10.50347	-11.44273	-11.01146	-9.19487	-6.26052
-0.0025	4.47666	7.62197	9.66029	10.24993	9.36876	7.29268	4.4951	1.547611	-0.969135	-2.590272	-3.13447	-2.786903	-1.963157	-1.063657	-0.343627	0.0847079	0.2206234	0.1425132	-0.0129946	-0.0533508	0.25026	1.104355	2.598909	4.61022	6.77902	8.56917	9.33251	8.55015	6.28244	3.2157	-0.0002000233	-3.21592	-6.28338	-8.54973	-9.33115	-8.5691	-6.78018	-4.61017	-2.599386	-1.103662	-0.2498692	0.0538294	0.01311651	-0.1426299	-0.2207239	-0.0846652	0.34363	1.063604	1.963123	2.786897	3.134524	2.590385	0.969185	-1.547574	-4.49506	-7.29264	-9.36884	-10.24983	-9.66033	-7.62212	-4.47676
-0.003	2.164192	5.61709	7.99178	8.83158	8.05674	5.94083	2.988821	-0.1649261	-2.831048	-4.40907	-4.65214	-3.83943	-2.564238	-1.336827	-0.428814	0.0665402	0.1862068	0.0489384	-0.1724191	-0.2261647	0.1991683	1.404394	3.55382	6.49916	9.75692	12.58788	14.00414	13.03767	9.62355	4.89634	-0.00032499	-4.89898	-9.62223	-13.03704	-14.00255	-12.58878	-9.75638	-6.49918	-3.55344	-1.405191	-0.1993078	0.226576	0.1720397	-0.0490282	-0.1861476	-0.066689	0.4291	1.336873	2.564245	3.83932	4.65227	4.40905	2.831098	0.1649556	-2.988653	-5.94071	-8.05677	-8.83161	-7.99176	-5.61728	-2.164381
-0.0035	-0.780627	3.118014	5.99922	7.22704	6.63179	4.48228	1.321595	-2.140747	-5.06885	-6.64574	-6.49827	-5.05342	-3.19513	-1.577193	-0.463243	0.0832931	0.148784	-0.0974912	-0.45118	-0.591517	-0.0995013	1.454788	4.36098	8.45352	13.08686	17.32631	19.75677	18.67889	13.73269	6.84986	-0.000527066	-6.85161	-13.73232	-18.6779	-19.75794	-17.32722	-13.08653	-8.45248	-4.36018	-1.455215	0.099874	0.592092	0.451734	0.0975749	-0.1488379	-0.0833166	0.463354	1.577129	3.19497	5.05332	6.49825	6.6458	5.0689	2.140806	-1.321673	-4.48218	-6.63182	-7.22693	-5.99917	-3.11785	0.780809
-0.004	-4.51102	0.036106	3.68195	5.50146	5.19122	3.018858	-0.422262	-4.34104	-7.71386	-9.38088	-8.71987	-6.40045	-3.79654	-1.735737	-0.406888	0.1576082	0.1123692	-0.304418	-0.885959	-1.227121	-0.770556	1.076998	4.82624	10.3031	16.62165	22.7155	26.72655	25.71799	18.65467	8.92105	-0.000854872	-8.922	-18.65521	-25.71637	-26.72524	-22.71637	-16.62251	-10.30387	-4.82717	-1.077641	0.770811	1.22761	0.886034	0.3042401	-0.1122335	-0.1580662	0.406792	1.735409	3.79633	6.40072	8.72005	9.38095	7.71402	4.34087	0.422314	-3.019056	-5.19109	-5.50143	-3.68166	-0.0359723	4.51098
-0.0045	-9.25338	-3.75318	1.052302	3.76266	3.88048	1.696908	-2.121001	-6.70309	-10.81279	-12.7522	-11.3973	-7.82406	-4.27757	-1.755507	-0.2078945	0.319948	0.0791093	-0.570835	-1.512205	-2.220839	-1.95479	0.0454773	4.70244	11.84832	20.14187	28.58528	35.0676	34.5495	24.39356	10.72608	-0.001390705	-10.7264	-24.39252	-34.5469	-35.0655	-28.58437	-20.14436	-11.84824	-4.70294	-0.0442876	1.954796	2.221507	1.512944	0.570606	-0.0796537	-0.319671	0.2075437	1.755705	4.27709	7.82414	11.39717	12.7525	10.81262	6.70293	2.121231	-1.696587	-3.88064	-3.7629	-1.052158	3.75311	9.25341
-0.005	-15.35547	-8.4287	-1.842852	2.192682	2.914812	0.718045	-3.6045	-9.12566	-14.42856	-17.00162	-14.66449	-9.20784	-4.49818	-1.587627	0.2054822	0.607494	0.0439713	-0.870992	-2.359727	-3.67442	-3.79635	-1.942282	3.66207	12.87229	23.33928	34.5698	44.9456	45.8896	30.86898	11.35372	-0.002269903	-11.3588	-30.86851	-45.8841	-44.9417	-34.5688	-23.34278	-12.87488	-3.66316	1.943424	3.79728	3.67471	2.360297	0.870718	-0.0435807	-0.607979	-0.2059262	1.587444	4.49852	9.20772	14.66511	17.00196	14.42863	9.12596	3.60456	-0.718476	-2.914991	-2.192231	1.843301	8.42874	15.35543
# Vertical Kick [micro-rad]
START
 	-0.03	-0.029	-0.028	-0.027	-0.026	-0.025	-0.024	-0.023	-0.022	-0.021	-0.02	-0.019	-0.018	-0.017	-0.016	-0.015	-0.014	-0.013	-0.012	-0.011	-0.01	-0.009	-0.008	-0.007	-0.006	-0.005	-0.004	-0.003	-0.002	-0.001	0.	0.001	0.002	0.003	0.004	0.005	0.006	0.007	0.008	0.009	0.01	0.011	0.012	0.013	0.014	0.015	0.016	0.017	0.018	0.019	0.02	0.021	0.022	0.023	0.024	0.025	0.026	0.027	0.028	0.029	0.03
0.005	-81.8157	-94.1454	-102.3084	-106.5503	-108.5009	-109.8127	-111.7482	-115.3684	-121.6443	-130.599	-139.4132	-144.3173	-145.3742	-145.0941	-144.2507	-143.2222	-142.9388	-143.2633	-144.4397	-147.1834	-151.1273	-156.0098	-160.5614	-161.5854	-157.9057	-149.4796	-133.1307	-108.3483	-87.3651	-82.0492	-83.7323	-82.0441	-87.3621	-108.3485	-133.1321	-149.4813	-157.9073	-161.5836	-160.5596	-156.008	-151.1261	-147.1828	-144.4392	-143.2642	-142.9394	-143.2224	-144.2506	-145.0941	-145.374	-144.3171	-139.4131	-130.5992	-121.644	-115.3686	-111.7478	-109.8127	-108.5006	-106.5501	-102.3087	-94.1453	-81.8158
0.0045	-69.5033	-79.1615	-86.1194	-90.4947	-93.2685	-95.5579	-98.3041	-102.2901	-108.0633	-115.3315	-122.2412	-126.6227	-128.3028	-128.5578	-128.1633	-127.5985	-127.4107	-127.7163	-128.706	-130.6672	-133.3953	-136.4313	-138.5907	-137.8818	-133.1706	-123.8791	-108.7344	-89.0404	-72.3554	-65.1904	-64.2548	-65.1881	-72.3504	-89.0397	-108.7348	-123.8814	-133.1699	-137.8797	-138.5901	-136.4297	-133.3945	-130.6672	-128.7061	-127.7166	-127.4104	-127.5983	-128.1628	-128.5575	-128.3028	-126.6224	-122.2409	-115.3319	-108.063	-102.29	-98.3038	-95.5578	-93.2689	-90.4947	-86.1193	-79.1615	-69.5034
0.004	-58.8214	-66.4873	-72.3677	-76.5428	-79.6351	-82.4021	-85.521	-89.5323	-94.7144	-100.7102	-106.2887	-110.1356	-112.0262	-112.6338	-112.5789	-112.3134	-112.2232	-112.4845	-113.2359	-114.5771	-116.3173	-117.9645	-118.5299	-116.6554	-111.3896	-102.1946	-88.7799	-72.8708	-59.3206	-52.096	-50.2691	-52.0934	-59.3201	-72.8692	-88.7808	-102.1949	-111.3913	-116.6552	-118.5291	-117.9629	-116.3165	-114.5766	-113.235	-112.4845	-112.2236	-112.3133	-112.5786	-112.6338	-112.026	-110.1353	-106.2888	-100.7099	-94.7141	-89.5324	-85.5207	-82.402	-79.6351	-76.5427	-72.3677	-66.4872	-58.8212
0.0035	-49.3768	-55.4953	-60.4174	-64.2142	-67.2995	-70.1914	-73.363	-77.1683	-81.7251	-86.7019	-91.2705	-94.5975	-96.4766	-97.2737	-97.4467	-97.376	-97.3598	-97.5646	-98.0886	-98.9418	-99.928	-100.5875	-100.1315	-97.5873	-92.2206	-83.6713	-72.1279	-59.2157	-48.1852	-41.6506	-39.6817	-41.6497	-48.1842	-59.2153	-72.1285	-83.6731	-92.2212	-97.5869	-100.1302	-100.587	-99.9272	-98.9415	-98.0884	-97.5649	-97.3595	-97.3762	-97.4467	-97.2734	-96.4762	-94.5973	-91.2706	-86.7019	-81.7249	-77.1682	-73.3628	-70.1914	-67.2994	-64.2141	-60.4173	-55.4949	-49.3766
0.003	-40.8795	-45.7498	-49.8134	-53.1371	-56.0068	-58.7791	-61.7763	-65.2195	-69.1371	-73.25	-76.9922	-79.8186	-81.5591	-82.4185	-82.7228	-82.7726	-82.8012	-82.9506	-83.2833	-83.7695	-84.2153	-84.2214	-83.173	-80.3653	-75.2631	-67.6806	-57.9892	-47.5702	-38.6674	-33.1028	-31.29837	-33.1023	-38.6667	-47.57	-57.9905	-67.6802	-75.2653	-80.3653	-83.1743	-84.2217	-84.215	-83.769	-83.2835	-82.9506	-82.8015	-82.7724	-82.7228	-82.4184	-81.559	-79.8183	-76.9921	-73.2499	-69.1368	-65.2194	-61.7763	-58.779	-56.0067	-53.137	-49.8133	-45.7498	-40.8792
0.0025	-33.1085	-36.9359	-40.2193	-43.0207	-45.5415	-48.0274	-50.6933	-53.6703	-56.9417	-60.2845	-63.3085	-65.6491	-67.1751	-68.0031	-68.3596	-68.4735	-68.5249	-68.6249	-68.8121	-69.0389	-69.1299	-68.7567	-67.4472	-64.6942	-60.1282	-53.6836	-45.7779	-37.5073	-30.45308	-25.92194	-24.40045	-25.9216	-30.45268	-37.5071	-45.7781	-53.684	-60.1276	-64.6932	-67.4471	-68.7557	-69.1296	-69.0388	-68.812	-68.6246	-68.525	-68.4736	-68.3597	-68.003	-67.1751	-65.649	-63.3085	-60.2846	-56.9416	-53.6702	-50.6932	-48.0273	-45.5414	-43.0207	-40.2193	-36.9358	-33.1085
0.002	-25.89026	-28.81605	-31.37933	-33.6333	-35.7206	-37.8085	-40.0369	-42.4791	-45.1001	-47.7298	-50.0993	-51.9643	-53.2279	-53.9567	-54.3057	-54.4413	-54.4981	-54.5588	-54.6463	-54.7088	-54.5994	-54.0599	-52.7406	-50.2856	-46.4497	-41.2391	-35.0327	-28.66739	-23.25577	-19.72951	-18.5233	-19.72929	-23.25659	-28.66731	-35.0328	-41.2394	-46.4499	-50.2861	-52.742	-54.0597	-54.5991	-54.7087	-54.6463	-54.5588	-54.4981	-54.4411	-54.3057	-53.9566	-53.2278	-51.9643	-50.0992	-47.7297	-45.1001	-42.479	-40.0369	-37.8085	-35.7206	-33.6333	-31.37936	-28.81586	-25.89036
0.0015	-19.08329	-21.20417	-23.09128	-24.78648	-26.38724	-28.00426	-29.72496	-31.58769	-33.5556	-35.5059	-37.2591	-38.6546	-39.6246	-40.2071	-40.5041	-40.6303	-40.6812	-40.7141	-40.7417	-40.7185	-40.5306	-39.9899	-38.8502	-36.8678	-33.8955	-29.96302	-25.38226	-20.74832	-16.82165	-14.2421	-13.35359	-14.24196	-16.82043	-20.74826	-25.38136	-29.9632	-33.8947	-36.8683	-38.8486	-39.989	-40.5304	-40.7178	-40.7411	-40.7141	-40.6811	-40.6302	-40.5039	-40.2071	-39.6245	-38.6545	-37.259	-35.5059	-33.5555	-31.58758	-29.72491	-28.00422	-26.38728	-24.78638	-23.09126	-21.20416	-19.08308
0.001	-12.5673	-13.94838	-15.19043	-16.32181	-17.40393	-18.50381	-19.67235	-20.92749	-22.2404	-23.53158	-24.69048	-25.61967	-26.27622	-26.68062	-26.89458	-26.99002	-27.02714	-27.04291	-27.04234	-26.99341	-26.81859	-26.39395	-25.56372	-24.17992	-22.155	-19.52556	-16.50775	-13.48331	-10.92565	-9.24234	-8.65822	-9.24225	-10.92554	-13.48328	-16.50782	-19.5257	-22.15511	-24.17953	-25.56404	-26.39344	-26.81845	-26.99329	-27.04253	-27.0431	-27.02711	-26.98998	-26.89452	-26.68055	-26.27611	-25.61959	-24.69042	-23.53151	-22.24036	-20.92744	-19.67229	-18.50371	-17.40384	-16.32171	-15.19033	-13.94845	-12.56719
0.0005	-6.23802	-6.9194	-7.53539	-8.10136	-8.64656	-9.20261	-9.79288	-10.4242	-11.08094	-11.72405	-12.30083	-12.76513	-13.09623	-13.30306	-13.41477	-13.46565	-13.48531	-13.49105	-13.48509	-13.45053	-13.34783	-13.11725	-12.68181	-11.97124	-10.9464	-9.63037	-8.13101	-6.63928	-5.38034	-4.54824	-4.25955	-4.54818	-5.37921	-6.63926	-8.13303	-9.63048	-10.94649	-11.97126	-12.68175	-13.11678	-13.34803	-13.45071	-13.48501	-13.49124	-13.48518	-13.4657	-13.41466	-13.30302	-13.09614	-12.76505	-12.30076	-11.72399	-11.08088	-10.42413	-9.79283	-9.20254	-8.64652	-8.10139	-7.53537	-6.9192	-6.238
0.	-0.00001094273	-0.00001411146	-0.0000979529	-0.00002234223	-0.00002716175	-0.0000320598	-0.0000552092	-0.0000412033	-0.0000464395	-0.0000479931	-0.0000498383	-0.0000497316	-0.0000693511	-0.0001006223	-0.0000361576	-0.0000311458	-0.00003075498	-0.000270495	-0.0000496887	-0.0000638395	-0.0000713804	-0.0000629033	-0.0000348543	5.61906e-6	0.000040383	0.0000500657	0.00002887879	-8.80583e-6	-0.0000351773	-0.00003066558	-2.187623e-10	0.00003032845	0.0000341025	6.37909e-6	-0.0000332869	-0.0000572439	-0.0000504048	-0.00001910537	0.00001756661	0.0000417749	0.0000463108	0.0000352822	0.0000179251	2.782529e-6	-5.68288e-6	-6.58346e-6	-2.619008e-6	3.25121e-6	0.00003049044	0.00001161927	0.00001717925	0.00001364318	0.00001198379	0.0000129677	0.00001297649	0.00001299134	-0.0000472389	0.00001287619	0.00001253132	0.00001202101	0.000011174
-0.0005	6.23781	6.91919	7.53536	8.10146	8.6465	9.20255	9.79281	10.4241	11.08085	11.72396	12.30073	12.76504	13.09614	13.30298	13.41463	13.46567	13.48505	13.49097	13.48499	13.4501	13.34833	13.11677	12.68173	11.97084	10.94648	9.63047	8.13107	6.63824	5.37921	4.54818	4.25955	4.54824	5.38034	6.63927	8.13296	9.63036	10.94638	11.9704	12.68179	13.11723	13.34812	13.45078	13.48532	13.49124	13.48527	13.4656	13.41465	13.30308	13.09618	12.7651	12.30079	11.72402	11.08091	10.42415	9.79286	9.20259	8.64655	8.10135	7.53539	6.91922	6.23793
-0.001	12.56719	13.94854	15.19039	16.32183	17.40383	18.5037	19.67225	20.9274	22.24032	23.53148	24.6904	25.61958	26.27608	26.68059	26.89436	26.98987	27.02719	27.04309	27.0425	26.99299	26.81778	26.39415	25.56286	24.17911	22.15334	19.52664	16.50783	13.48226	10.92659	9.24225	8.65822	9.24234	10.92565	13.4833	16.50775	19.52648	22.15499	24.17866	25.56408	26.39427	26.81888	26.99338	27.04257	27.0431	27.02709	26.99006	26.89446	26.68062	26.27612	25.61963	24.69046	23.53155	22.24037	20.92745	19.67231	18.50374	17.4038	16.32173	15.19035	13.94848	12.56731
-0.0015	19.08327	21.20396	23.09138	24.78644	26.38728	28.00414	29.72487	31.58754	33.5555	35.5058	37.259	38.6545	39.6245	40.207	40.5039	40.6301	40.6811	40.7141	40.7416	40.7181	40.5308	39.9887	38.849	36.867	33.8938	29.96415	25.38137	20.74724	16.82043	14.24197	13.3525	14.2421	16.82165	20.74831	25.38126	29.96206	33.8955	36.8678	38.849	39.9891	40.5309	40.7182	40.7411	40.7143	40.6811	40.6302	40.5038	40.207	39.6245	38.6546	37.2591	35.5059	33.5555	31.58761	29.72494	28.00416	26.38729	24.78647	23.09127	21.20399	19.08311
-0.002	25.89044	28.81585	31.37919	33.6332	35.7205	37.8084	40.0369	42.479	45.1	47.7296	50.0992	51.9643	53.2278	53.9566	54.3056	54.4413	54.498	54.5586	54.646	54.7086	54.5991	54.0589	52.7408	50.2856	46.4499	41.2384	35.0318	28.66731	23.25552	19.7293	18.52219	19.7295	23.25684	28.66738	35.0317	41.2391	46.4497	50.286	52.7405	54.0606	54.5999	54.709	54.6459	54.559	54.4981	54.4413	54.3057	53.9567	53.2278	51.9642	50.0993	47.7297	45.1001	42.479	40.0369	37.8085	35.7207	33.6333	31.37933	28.81588	25.89049
-0.0025	33.1086	36.9358	40.2192	43.0206	45.5414	48.0272	50.6932	53.6703	56.9415	60.2845	63.3084	65.6489	67.1751	68.0028	68.3596	68.4735	68.5251	68.6249	68.8121	69.0387	69.1303	68.7557	67.447	64.6929	60.1284	53.685	45.7771	37.5071	30.45268	25.92049	24.39933	25.92194	30.45307	37.5062	45.7779	53.6846	60.1281	64.6938	67.448	68.7559	69.1302	69.0391	68.8121	68.6246	68.525	68.4735	68.3596	68.003	67.175	65.649	63.3085	60.2845	56.9415	53.6703	50.6932	48.0273	45.5415	43.0207	40.2194	36.9359	33.1086
-0.003	40.8794	45.7495	49.8134	53.1369	56.0066	58.7789	61.7762	65.2193	69.1368	73.2498	76.9922	79.8184	81.559	82.4184	82.7228	82.7725	82.8015	82.9509	83.2833	83.7688	84.2147	84.2216	83.1735	80.3653	75.2644	67.6812	57.9905	47.5689	38.6645	33.1023	31.29722	33.1028	38.6674	47.5702	57.9891	67.6806	75.264	80.3653	83.173	84.2221	84.2149	83.7692	83.2833	82.9507	82.8014	82.7725	82.7227	82.4186	81.559	79.8184	76.9922	73.2499	69.1369	65.2194	61.7763	58.7791	56.0067	53.1371	49.8134	45.7498	40.8796
-0.0035	49.3766	55.4952	60.4176	64.2141	67.2993	70.1914	73.3628	77.1681	81.7248	86.7018	91.2703	94.5972	96.4763	97.2735	97.4469	97.3762	97.3597	97.565	98.0885	98.9416	99.9275	100.587	100.1302	97.5857	92.2213	83.6742	72.1295	59.2154	48.1842	41.6509	39.6817	41.6506	48.1852	59.2156	72.1279	83.6713	92.2206	97.5873	100.1306	100.5875	99.9279	98.9421	98.0883	97.5646	97.3594	97.3758	97.4466	97.2735	96.4763	94.5975	91.2705	86.7019	81.7248	77.1681	73.3628	70.1914	67.2994	64.2141	60.4174	55.4954	49.3765
-0.004	58.8216	66.4871	72.3675	76.5427	79.6347	82.402	85.5205	89.5321	94.7143	100.7098	106.2887	110.1355	112.0262	112.6337	112.5785	112.3132	112.2237	112.4844	113.235	114.5765	116.3167	117.9636	118.5291	116.6552	111.3896	102.195	88.7808	72.8692	59.3201	52.0946	50.2691	52.096	59.3206	72.8708	88.7787	102.1935	111.3895	116.6552	118.5298	117.9637	116.3174	114.5765	113.2356	112.4846	112.2233	112.313	112.5788	112.6337	112.0261	110.1355	106.2889	100.71	94.714	89.5324	85.5206	82.402	79.6348	76.5428	72.3675	66.4871	58.8216
-0.0045	69.5034	79.1612	86.1191	90.4949	93.2688	95.5576	98.3038	102.2898	108.063	115.3314	122.2407	126.6221	128.3028	128.5577	128.1632	127.5987	127.4106	127.7163	128.7056	130.6672	133.394	136.4301	138.5897	137.8808	133.1709	123.8804	108.7348	89.0397	72.3516	65.1868	64.2548	65.1904	72.3553	89.0403	108.7343	123.8781	133.1696	137.882	138.5923	136.431	133.3946	130.6674	128.7058	127.7158	127.4102	127.5981	128.1628	128.5575	128.3029	126.6225	122.2412	115.3317	108.0633	102.29	98.3039	95.5577	93.269	90.4947	86.1194	79.1614	69.5034
-0.005	81.8157	94.1451	102.3087	106.55	108.5006	109.8129	111.7478	115.3683	121.6442	130.5987	139.4133	144.3171	145.374	145.0943	144.2503	143.2224	142.9388	143.2642	144.4394	147.1828	151.1257	156.0084	160.5596	161.5838	157.9074	149.4822	133.1309	108.3473	87.3621	82.0454	83.7323	82.0492	87.3651	108.3481	133.1307	149.4785	157.9066	161.5842	160.5603	156.0098	151.127	147.1825	144.439	143.2637	142.939	143.2221	144.2505	145.0942	145.3742	144.3172	139.4131	130.5987	121.644	115.3686	111.7478	109.8129	108.5009	106.55	102.3086	94.1451	81.8162
# Longitudinally Integrated Squared Transverse Magnetic Field [T2m]
START
 	-0.03	-0.029	-0.028	-0.027	-0.026	-0.025	-0.024	-0.023	-0.022	-0.021	-0.02	-0.019	-0.018	-0.017	-0.016	-0.015	-0.014	-0.013	-0.012	-0.011	-0.01	-0.009	-0.008	-0.007	-0.006	-0.005	-0.004	-0.003	-0.002	-0.001	0.	0.001	0.002	0.003	0.004	0.005	0.006	0.007	0.008	0.009	0.01	0.011	0.012	0.013	0.014	0.015	0.016	0.017	0.018	0.019	0.02	0.021	0.022	0.023	0.024	0.025	0.026	0.027	0.028	0.029	0.03
0.005	0.230616	0.2332478	0.2303054	0.2227928	0.2127859	0.202418	0.1933495	0.1867021	0.1831713	0.1831704	0.1869595	0.1947344	0.2066728	0.222954	0.2437709	0.269341	0.2999251	0.335856	0.377558	0.425507	0.480125	0.541665	0.610174	0.68545	0.766927	0.853321	0.941949	1.02771	1.102222	1.154261	1.17313	1.154261	1.102222	1.02771	0.941949	0.853321	0.766927	0.68545	0.610173	0.541665	0.480125	0.425507	0.377557	0.335856	0.299925	0.2693409	0.2437708	0.2229539	0.2066726	0.1947343	0.1869593	0.1831702	0.1831711	0.1867019	0.1933493	0.2024178	0.2127857	0.2227926	0.2303053	0.2332477	0.2306159
0.0045	0.2027432	0.2014853	0.1959174	0.1870152	0.1764481	0.1659389	0.156884	0.1502724	0.1467532	0.1467416	0.1505159	0.1582873	0.1702409	0.1865585	0.2074314	0.2330717	0.2637253	0.2996873	0.341306	0.388949	0.44292	0.503363	0.570188	0.642984	0.720862	0.802141	0.883816	0.960913	1.026139	1.070627	1.086529	1.070627	1.026139	0.960913	0.883816	0.802141	0.720862	0.642984	0.570187	0.503363	0.44292	0.388949	0.341306	0.2996872	0.2637252	0.2330717	0.2074314	0.1865584	0.1702408	0.1582872	0.1505158	0.1467415	0.1467531	0.1502722	0.1568838	0.1659387	0.176448	0.1870151	0.1959172	0.2014852	0.2027431
0.004	0.1791003	0.1747949	0.1670275	0.1567717	0.1454631	0.1345652	0.125292	0.118533	0.1148955	0.1147857	0.1184859	0.126212	0.1381506	0.1544817	0.1753923	0.2010864	0.2317937	0.2677763	0.3093235	0.356718	0.410168	0.469715	0.535141	0.605857	0.680735	0.757825	0.833969	0.904417	0.962786	1.001886	1.015713	1.001886	0.962786	0.904417	0.833969	0.757825	0.680735	0.605857	0.535141	0.469715	0.410168	0.356718	0.3093235	0.2677762	0.2317936	0.2010864	0.1753923	0.1544817	0.1381505	0.1262119	0.1184859	0.1147856	0.1148954	0.1185328	0.1252919	0.1345651	0.145463	0.1567715	0.1670273	0.1747948	0.1791002
0.0035	0.1591655	0.1524515	0.1428579	0.131362	0.1192601	0.1078516	0.0982286	0.0912097	0.0873692	0.0871014	0.0906855	0.098336	0.1102368	0.1265635	0.1474968	0.1732316	0.2039816	0.2399809	0.281472	0.328672	0.381707	0.440528	0.504805	0.573805	0.646215	0.719914	0.791688	0.857035	0.910301	0.945496	0.957844	0.945496	0.910301	0.857035	0.791688	0.719914	0.646215	0.573804	0.504805	0.440528	0.381707	0.328672	0.2814719	0.2399809	0.2039816	0.1732316	0.1474968	0.1265635	0.1102367	0.0983359	0.0906854	0.0871013	0.087369	0.0912095	0.0982284	0.1078515	0.1192599	0.1313618	0.1428578	0.1524514	0.1591654
0.003	0.1425393	0.1339189	0.122826	0.1102401	0.0973719	0.0854167	0.0753863	0.0680518	0.0639631	0.0635038	0.0669474	0.0745037	0.0863519	0.1026615	0.1236062	0.1493712	0.1801562	0.2161714	0.2576218	0.3046716	0.357382	0.415624	0.478973	0.546576	0.616988	0.687977	0.756327	0.817769	0.867225	0.899564	0.910842	0.899564	0.867225	0.817769	0.756327	0.687977	0.616988	0.546576	0.478973	0.415624	0.357382	0.3046716	0.2576218	0.2161714	0.1801563	0.1493713	0.1236062	0.1026615	0.0863519	0.0745037	0.0669473	0.0635037	0.063963	0.0680517	0.0753862	0.0854165	0.0973718	0.1102399	0.1228258	0.1339188	0.1425392
0.0025	0.1289137	0.1187953	0.1064912	0.0929813	0.0794216	0.0669409	0.0564996	0.0488375	0.0444886	0.0438277	0.0471227	0.0545779	0.0663663	0.0826513	0.1035993	0.1293867	0.1602005	0.1962314	0.2376548	0.2845929	0.337053	0.394841	0.457453	0.523943	0.592768	0.661626	0.727326	0.785804	0.832421	0.862665	0.873166	0.862665	0.832421	0.785804	0.727326	0.661626	0.592768	0.523943	0.457453	0.394841	0.337053	0.2845929	0.2376549	0.1962315	0.1602006	0.1293867	0.1035993	0.0826513	0.0663663	0.0545779	0.0471227	0.0438277	0.0444885	0.0488374	0.0564995	0.0669408	0.0794215	0.0929812	0.106491	0.1187951	0.1289136
0.002	0.1180522	0.1067785	0.0935208	0.0792579	0.0651099	0.0521631	0.0413452	0.0333769	0.02878216	0.02792988	0.03108282	0.0384401	0.0501689	0.0664265	0.0873728	0.1131764	0.1440137	0.1800599	0.2214669	0.2683243	0.320597	0.378038	0.440081	0.505708	0.573305	0.640527	0.704217	0.760481	0.80501	0.833731	0.84367	0.833731	0.80501	0.760481	0.704217	0.640527	0.573305	0.505708	0.440081	0.378038	0.320597	0.2683244	0.221467	0.18006	0.1440138	0.1131764	0.0873729	0.0664266	0.0501689	0.0384401	0.0310828	0.02792984	0.0287821	0.0333768	0.0413451	0.052163	0.0651098	0.0792577	0.0935207	0.1067783	0.1180521
0.0015	0.1097755	0.0976435	0.0836665	0.0688214	0.0542048	0.040876	0.02974267	0.02151406	0.01670836	0.01569084	0.0187205	0.02599198	0.0376676	0.0538993	0.0748415	0.1006564	0.1315122	0.167572	0.2089703	0.2557719	0.3079094	0.365096	0.426718	0.491703	0.558388	0.624403	0.686626	0.741289	0.784325	0.811967	0.821511	0.811967	0.784325	0.741289	0.686626	0.624403	0.558388	0.491703	0.426718	0.365096	0.3079095	0.255772	0.2089704	0.1675721	0.1315123	0.1006565	0.0748416	0.0538994	0.0376677	0.025992	0.0187205	0.01569081	0.01670831	0.02151398	0.02974258	0.0408759	0.0542047	0.0688212	0.0836664	0.0976434	0.1097754
0.001	0.1039525	0.0912276	0.0767485	0.0614898	0.0465338	0.0329229	0.02155312	0.01312731	0.00816073	0.00701656	0.00995129	0.01715631	0.02879021	0.0450009	0.0659386	0.0917609	0.1226301	0.1587007	0.200095	0.2468605	0.2989076	0.355921	0.417253	0.481795	0.547852	0.61304	0.674262	0.727844	0.769879	0.796803	0.806084	0.796803	0.769879	0.727844	0.674262	0.61304	0.547852	0.481795	0.417253	0.355921	0.2989076	0.2468606	0.2000951	0.1587008	0.1226302	0.091761	0.0659387	0.045001	0.02879026	0.01715634	0.0099513	0.00701655	0.00816069	0.01312725	0.02155304	0.0329228	0.0465337	0.0614897	0.0767483	0.0912275	0.1039524
0.0005	0.1004935	0.0874205	0.0726447	0.0571391	0.0419778	0.02819427	0.01667837	0.00812993	0.003062828	0.001839258	0.00471428	0.01187732	0.02348466	0.0396817	0.0606161	0.0864427	0.11732	0.1533975	0.1947904	0.2415358	0.2935308	0.350443	0.411606	0.475889	0.541579	0.606283	0.666924	0.719881	0.76134	0.787853	0.796984	0.787853	0.76134	0.719881	0.666924	0.606283	0.541579	0.475889	0.411606	0.350444	0.2935309	0.241536	0.1947905	0.1533977	0.1173201	0.0864428	0.0606162	0.0396818	0.02348472	0.01187736	0.0047143	0.001839252	0.003062799	0.00812988	0.0166783	0.02819418	0.0419777	0.057139	0.0726446	0.0874204	0.1004934
0.	0.0993462	0.0861585	0.0712844	0.0556967	0.0404668	0.02662519	0.01505992	0.00646991	0.00136864	0.0001180374	0.0029727	0.0101214	0.02171962	0.037912	0.0588452	0.0846731	0.1155531	0.1516331	0.1930256	0.2397646	0.2917427	0.348622	0.409729	0.473927	0.539495	0.604041	0.664492	0.717244	0.758515	0.784894	0.793976	0.784894	0.758515	0.717244	0.664492	0.604041	0.539495	0.473927	0.409729	0.348622	0.2917428	0.2397648	0.1930257	0.1516332	0.1155532	0.0846732	0.0588453	0.0379121	0.02171969	0.01012145	0.002972729	0.0001180419	0.001368621	0.00646987	0.01505987	0.02662511	0.0404667	0.0556967	0.0712843	0.0861584	0.0993461
-0.0005	0.1004935	0.0874205	0.0726446	0.0571391	0.0419778	0.02819425	0.01667835	0.00812991	0.003062806	0.001839235	0.00471426	0.0118773	0.02348463	0.0396817	0.0606161	0.0864427	0.1173199	0.1533975	0.1947904	0.2415358	0.2935308	0.350443	0.411606	0.475889	0.541579	0.606283	0.666924	0.719881	0.76134	0.787853	0.796984	0.787853	0.76134	0.719881	0.666924	0.606283	0.541579	0.475889	0.411606	0.350444	0.2935309	0.2415359	0.1947905	0.1533977	0.11732	0.0864428	0.0606162	0.0396818	0.02348472	0.01187736	0.0047143	0.00183925	0.003062797	0.00812988	0.0166783	0.02819418	0.0419777	0.057139	0.0726446	0.0874204	0.1004934
-0.001	0.1039525	0.0912275	0.0767484	0.0614898	0.0465338	0.0329229	0.02155308	0.01312727	0.00816069	0.00701652	0.00995125	0.01715626	0.02879016	0.0450009	0.0659386	0.0917609	0.12263	0.1587007	0.200095	0.2468605	0.2989075	0.355921	0.417253	0.481795	0.547852	0.61304	0.674262	0.727844	0.769879	0.796803	0.806084	0.796803	0.769879	0.727844	0.674262	0.61304	0.547852	0.481795	0.417253	0.355921	0.2989076	0.2468606	0.2000951	0.1587008	0.1226302	0.091761	0.0659387	0.045001	0.02879026	0.01715633	0.00995129	0.00701654	0.00816069	0.01312725	0.02155304	0.0329228	0.0465337	0.0614897	0.0767484	0.0912275	0.1039524
-0.0015	0.1097755	0.0976434	0.0836665	0.0688213	0.0542048	0.0408759	0.0297426	0.02151399	0.01670829	0.01569077	0.01872043	0.02599191	0.0376676	0.0538993	0.0748414	0.1006563	0.1315121	0.1675719	0.2089702	0.2557719	0.3079093	0.365096	0.426718	0.491703	0.558388	0.624403	0.686625	0.741289	0.784325	0.811967	0.821511	0.811967	0.784325	0.741289	0.686626	0.624403	0.558388	0.491703	0.426718	0.365096	0.3079095	0.255772	0.2089704	0.1675721	0.1315123	0.1006565	0.0748416	0.0538994	0.0376677	0.02599199	0.01872049	0.01569081	0.0167083	0.02151398	0.02974258	0.0408759	0.0542047	0.0688212	0.0836664	0.0976434	0.1097754
-0.002	0.1180522	0.1067784	0.0935207	0.0792578	0.0651098	0.052163	0.0413451	0.0333768	0.02878207	0.02792978	0.03108273	0.03844	0.0501688	0.0664264	0.0873727	0.1131763	0.1440136	0.1800598	0.2214668	0.2683242	0.320597	0.378038	0.440081	0.505708	0.573305	0.640527	0.704217	0.760481	0.80501	0.833731	0.84367	0.833731	0.80501	0.760481	0.704217	0.640527	0.573305	0.505708	0.440081	0.378038	0.320597	0.2683244	0.221467	0.1800599	0.1440138	0.1131764	0.0873728	0.0664266	0.0501689	0.0384401	0.03108279	0.02792983	0.0287821	0.0333768	0.0413451	0.052163	0.0651098	0.0792577	0.0935207	0.1067784	0.1180521
-0.0025	0.1289137	0.1187952	0.1064911	0.0929812	0.0794215	0.0669408	0.0564995	0.0488374	0.0444884	0.0438276	0.0471226	0.0545778	0.0663662	0.0826512	0.1035992	0.1293866	0.1602004	0.1962313	0.2376547	0.2845928	0.337052	0.394841	0.457453	0.523943	0.592768	0.661626	0.727326	0.785803	0.832421	0.862665	0.873166	0.862665	0.832421	0.785804	0.727326	0.661626	0.592768	0.523943	0.457453	0.394841	0.337053	0.2845929	0.2376549	0.1962315	0.1602005	0.1293867	0.1035993	0.0826513	0.0663663	0.0545779	0.0471227	0.0438277	0.0444885	0.0488374	0.0564995	0.0669408	0.0794215	0.0929812	0.106491	0.1187952	0.1289136
-0.003	0.1425392	0.1339188	0.1228259	0.11024	0.0973718	0.0854165	0.0753862	0.0680516	0.063963	0.0635036	0.0669472	0.0745036	0.0863517	0.1026613	0.123606	0.1493711	0.1801561	0.2161712	0.2576216	0.3046714	0.357382	0.415624	0.478973	0.546575	0.616988	0.687977	0.756327	0.817769	0.867225	0.899564	0.910842	0.899564	0.867225	0.817769	0.756327	0.687977	0.616988	0.546576	0.478973	0.415624	0.357382	0.3046716	0.2576218	0.2161714	0.1801562	0.1493712	0.1236062	0.1026615	0.0863519	0.0745037	0.0669473	0.0635037	0.063963	0.0680517	0.0753862	0.0854165	0.0973718	0.1102399	0.1228259	0.1339188	0.1425392
-0.0035	0.1591654	0.1524514	0.1428578	0.1313618	0.1192599	0.1078514	0.0982284	0.0912095	0.087369	0.0871012	0.0906853	0.0983358	0.1102366	0.1265633	0.1474967	0.1732314	0.2039814	0.2399807	0.2814717	0.328671	0.381707	0.440528	0.504805	0.573804	0.646215	0.719913	0.791688	0.857035	0.910301	0.945496	0.957844	0.945496	0.910301	0.857035	0.791688	0.719914	0.646215	0.573804	0.504805	0.440528	0.381707	0.328671	0.2814719	0.2399808	0.2039816	0.1732315	0.1474968	0.1265634	0.1102367	0.0983359	0.0906854	0.0871013	0.087369	0.0912095	0.0982284	0.1078515	0.1192599	0.1313618	0.1428578	0.1524514	0.1591654
-0.004	0.1791002	0.1747948	0.1670273	0.1567715	0.1454629	0.134565	0.1252918	0.1185328	0.1148953	0.1147855	0.1184857	0.1262118	0.1381504	0.1544815	0.1753921	0.2010862	0.2317934	0.267776	0.3093233	0.356718	0.410168	0.469715	0.53514	0.605857	0.680735	0.757824	0.833969	0.904417	0.962786	1.001885	1.015713	1.001886	0.962786	0.904417	0.833969	0.757825	0.680735	0.605857	0.535141	0.469715	0.410168	0.356718	0.3093234	0.2677762	0.2317936	0.2010863	0.1753923	0.1544816	0.1381505	0.1262119	0.1184858	0.1147856	0.1148954	0.1185328	0.1252919	0.134565	0.145463	0.1567715	0.1670273	0.1747948	0.1791002
-0.0045	0.2027432	0.2014852	0.1959172	0.187015	0.1764479	0.1659386	0.1568837	0.1502721	0.146753	0.1467414	0.1505157	0.158287	0.1702407	0.1865582	0.2074312	0.2330715	0.263725	0.299687	0.341306	0.388949	0.442919	0.503363	0.570187	0.642984	0.720862	0.802141	0.883816	0.960913	1.026139	1.070627	1.086529	1.070627	1.026139	0.960913	0.883816	0.802141	0.720862	0.642984	0.570187	0.503363	0.44292	0.388949	0.341306	0.2996872	0.2637252	0.2330716	0.2074313	0.1865584	0.1702408	0.1582872	0.1505158	0.1467415	0.1467531	0.1502722	0.1568838	0.1659387	0.176448	0.1870151	0.1959173	0.2014852	0.2027432
-0.005	0.2306159	0.2332477	0.2303052	0.2227926	0.2127857	0.2024177	0.1933492	0.1867018	0.183171	0.1831701	0.1869591	0.1947341	0.2066724	0.2229537	0.2437706	0.2693407	0.2999248	0.335856	0.377557	0.425507	0.480124	0.541665	0.610173	0.68545	0.766926	0.853321	0.941949	1.02771	1.102222	1.154261	1.17313	1.154261	1.102222	1.02771	0.941949	0.853321	0.766926	0.68545	0.610173	0.541665	0.480124	0.425507	0.377557	0.335856	0.2999249	0.2693409	0.2437708	0.2229538	0.2066726	0.1947343	0.1869593	0.1831702	0.1831711	0.1867019	0.1933493	0.2024178	0.2127858	0.2227926	0.2303053	0.2332477	0.230616