# Auto-generated by pyeletra.utils.kickmap.generate_Radia_kickmap_file()
# Undulator Length [m]
2.8
# Number of Horizontal Points
61
# Number of Vertical Points
21
# Horizontal Kick [micro-rad]
START
                          -2.9999999999999999e-02 -2.9000000000000001e-02 -2.8000000000000001e-02 -2.7000000000000000e-02 -2.5999999999999999e-02 -2.5000000000000001e-02 -2.4000000000000000e-02 -2.3000000000000000e-02 -2.1999999999999999e-02 -2.1000000000000001e-02 -2.0000000000000000e-02 -1.9000000000000000e-02 -1.7999999999999999e-02 -1.7000000000000001e-02 -1.6000000000000000e-02 -1.4999999999999999e-02 -1.4000000000000000e-02 -1.2999999999999999e-02 -1.2000000000000000e-02 -1.0999999999999999e-02 -1.0000000000000000e-02 -8.9999999999999993e-03 -8.0000000000000002e-03 -7.0000000000000001e-03 -6.0000000000000001e-03 -5.0000000000000001e-03 -4.0000000000000001e-03 -3.0000000000000001e-03 -2.0000000000000000e-03 -1.0000000000000000e-03  0.0000000000000000e+00  1.0000000000000000e-03  2.0000000000000000e-03  3.0000000000000001e-03  4.0000000000000001e-03  5.0000000000000001e-03  6.0000000000000001e-03  7.0000000000000001e-03  8.0000000000000002e-03  8.9999999999999993e-03  1.0000000000000000e-02  1.0999999999999999e-02  1.2000000000000000e-02  1.2999999999999999e-02  1.4000000000000000e-02  1.4999999999999999e-02  1.6000000000000000e-02  1.7000000000000001e-02  1.7999999999999999e-02  1.9000000000000000e-02  2.0000000000000000e-02  2.1000000000000001e-02  2.1999999999999999e-02  2.3000000000000000e-02  2.4000000000000000e-02  2.5000000000000001e-02  2.5999999999999999e-02  2.7000000000000000e-02  2.8000000000000001e-02  2.9000000000000001e-02  2.9999999999999999e-02
   5.0000000000000001e-03 -4.2514819740987043e+01 -4.1816240812040597e+01 -3.5194049702485117e+01 -2.8247570178508923e+01 -2.2886280714035699e+01 -1.8523161358067902e+01 -1.3741855092754635e+01 -8.9834819740987033e+00 -5.5679327966398313e+00 -3.3427315365768284e+00 -2.2959539376968845e+00 -2.1278422121106053e+00 -2.3350245712285611e+00 -2.7093611480574027e+00 -2.8530588729436466e+00 -3.1571984599229959e+00 -3.5282058102905141e+00 -3.5333412670633528e+00 -2.8239514175708780e+00 -1.1095595379768988e+00  4.3819558977948891e-01  1.8129955897794889e+00  4.6016926846342310e+00  1.0517150857542875e+01  2.0256231011550572e+01  3.1318739936996845e+01  4.1248204410220502e+01  4.6312607630381514e+01  3.8237885894294713e+01  1.8554395519775987e+01  8.5242114105705277e-04 -1.8553680084004199e+01 -3.8238865943297156e+01 -4.6314175708785434e+01 -4.1248498424921245e+01 -3.1318249912495620e+01 -2.0255192159607976e+01 -1.0517160658032902e+01 -4.6018298914945737e+00 -1.8133640882044100e+00 -4.3787413370668532e-01  1.1096614630731534e+00  2.8237436471823587e+00  3.5333412670633528e+00  3.5280588029401470e+00  3.1567966398319913e+00  2.8525139656982845e+00  2.7094238711935592e+00  2.3350676933846688e+00  2.1281009450472519e+00  2.2962224711235555e+00  3.3427511375568777e+00  5.5679621981099050e+00  8.9834721736086784e+00  1.3741815890794538e+01  1.8522779138956945e+01  2.2886339516975845e+01  2.8247648582429118e+01  3.5194147707385369e+01  4.1816240812040597e+01  4.2514819740987043e+01
   4.4999999999999997e-03 -3.1140273013650678e+01 -3.1522982149107456e+01 -2.7703074553727681e+01 -2.3008855442772138e+01 -1.8941720686034298e+01 -1.5359141757087853e+01 -1.1638963948197409e+01 -8.0184767238361907e+00 -5.1934658732936647e+00 -3.2908477423871187e+00 -2.2809072453622679e+00 -1.9587935596779837e+00 -2.0047774588729435e+00 -2.1917649282464122e+00 -2.3246086104305212e+00 -2.5006900945047250e+00 -2.6421229261463068e+00 -2.4762839341967093e+00 -1.7573523276163805e+00 -4.4102499124956240e-01  9.7834959747987382e-01  2.5909633881694085e+00  5.3796555827791384e+00  1.0408826041302063e+01  1.7838107105355263e+01  2.6087934196709831e+01  3.2975708785439267e+01  3.5306559327966397e+01  2.8905682884144202e+01  1.5061089254462720e+01  4.8299460973048652e-04 -1.5060677633881692e+01 -2.8906231711585576e+01 -3.5307343367168350e+01 -3.2976100805040247e+01 -2.6086767938396914e+01 -1.7837842492124604e+01 -1.0407845992299613e+01 -5.3799005950297509e+00 -2.5910319915995799e+00 -9.7836331816590816e-01  4.4105047252362611e-01  1.7571543577178859e+00  2.4762858942947141e+00  2.6420964648232408e+00  2.5007420371018547e+00  2.3250447322366115e+00  2.1918227511375563e+00  2.0047656982849142e+00  1.9588053202660130e+00  2.2809160658032899e+00  3.2908575428771436e+00  5.1934756737836887e+00  8.0184865243262156e+00  1.1638924746237310e+01  1.5359082954147706e+01  1.8941789289464474e+01  2.3008796639831989e+01  2.7703133356667831e+01  3.1523080154007697e+01  3.1140273013650678e+01
   4.0000000000000001e-03 -2.2645316065803289e+01 -2.3363182359117953e+01 -2.1186405320266012e+01 -1.8071858592929644e+01 -1.5098752537626879e+01 -1.2329937696884842e+01 -9.5116205810290495e+00 -6.7874763738186905e+00 -4.5568358417920898e+00 -2.9902618130906542e+00 -2.0879453972698636e+00 -1.7164254812740634e+00 -1.6632509625481271e+00 -1.7441412670633529e+00 -1.8309177458872941e+00 -1.9172610430521524e+00 -1.9261314665733285e+00 -1.6833978298914944e+00 -1.0338056702835141e+00  1.3629149457472872e-02  1.2570392719635981e+00  2.8217894294714734e+00  5.3221953097654877e+00  9.3813034651732572e+00  1.4948079803990199e+01  2.0911971998599928e+01  2.5521093454672730e+01  2.6433568078403916e+01  2.1474128106405320e+01  1.1554424921246062e+01  2.7442420721036047e-04 -1.1554189709485474e+01 -2.1474490724536224e+01 -2.6434126706335313e+01 -2.5521318865943293e+01 -2.0911883794189706e+01 -1.4947971998599927e+01 -9.3809800490024475e+00 -5.3229891494574719e+00 -2.8218188309415466e+00 -1.2570970948547426e+00 -1.3615154357717884e-02  1.0338213510675534e+00  1.6833576478823939e+00  1.9261148057402868e+00  1.9172375218760935e+00  1.8308266013300663e+00  1.7438746937346865e+00  1.6632343017150855e+00  1.7164205810290514e+00  2.0879502975148756e+00  2.9902716135806786e+00  4.5568456422821138e+00  6.7874665733286648e+00  9.5115911795589767e+00  1.2329908295414768e+01  1.5098752537626879e+01  1.8071897794889740e+01  2.1186444522226111e+01  2.3363486174308711e+01  2.2645325866293312e+01
   3.5000000000000001e-03 -1.6165153657682882e+01 -1.6887635981799090e+01 -1.5659752187609380e+01 -1.3631903395169756e+01 -1.1539204760238011e+01 -9.5086804340216986e+00 -7.4497640882044092e+00 -5.4553839691984596e+00 -3.7662499124956241e+00 -2.5329229261463069e+00 -1.7785488274413717e+00 -1.4224862443122155e+00 -1.3233964298214909e+00 -1.3444449422471123e+00 -1.3897045852292611e+00 -1.4176820441022049e+00 -1.3596435421771087e+00 -1.1024963248162407e+00 -5.5506349317465864e-01  2.7221282464123203e-01  1.3037699684984247e+00  2.6593776688834438e+00  4.7259530976548820e+00  7.8445180259012943e+00  1.1894854742737136e+01  1.6066492124606228e+01  1.9048154007700383e+01  1.9254081904095202e+01  1.5520516625831290e+01  8.4638011900595025e+00  1.5574203710185506e-04 -8.4636737836891847e+00 -1.5520722436121803e+01 -1.9254385719285963e+01 -1.9048340217010846e+01 -1.6066550927546373e+01 -1.1894756737836891e+01 -7.8444788239411967e+00 -4.7257668883444168e+00 -2.6597500875043747e+00 -1.3036896044802240e+00 -2.7220469023451166e-01  5.5525166258312908e-01  1.1025835491774587e+00  1.3596327616380817e+00  1.4175771788589426e+00  1.3896183409170457e+00  1.3444998249912494e+00  1.3234013300665031e+00  1.4224774238711935e+00  1.7785556877843889e+00  2.5329297864893241e+00  3.7662499124956241e+00  5.4553741687084356e+00  7.4497444872243603e+00  9.5086608330416507e+00  1.1539204760238011e+01  1.3631922996149806e+01  1.5659781589079451e+01  1.6887655582779136e+01  1.6165134056702833e+01
   3.0000000000000001e-03 -1.1166580329016449e+01 -1.1759725586279313e+01 -1.1070349317465872e+01 -9.7787623381169055e+00 -8.3691578578928922e+00 -6.9632775638781936e+00 -5.5324354217710878e+00 -4.1342779138956942e+00 -2.9165278263913192e+00 -1.9959021351067550e+00 -1.4060077003850191e+00 -1.1034479523976199e+00 -9.9668141407070343e-01 -9.8918795939796977e-01 -1.0066808540427021e+00 -1.0027547777388870e+00 -9.2090304515225752e-01 -6.8817276863843180e-01 -2.5475981799089953e-01  3.7338984949247461e-01  1.1733254462723135e+00  2.2437937696884838e+00  3.8209366468323411e+00  6.0902989149457465e+00  8.9189261463073155e+00  1.1720925446272313e+01  1.3578196709835490e+01  1.3464373818690932e+01  1.0766896744837240e+01  5.8987091354567722e+00  8.7923430171508554e-05 -5.8986405320266009e+00 -1.0766994749737485e+01 -1.3464560028001397e+01 -1.3577304865243260e+01 -1.1721003850192508e+01 -8.9179166958347906e+00 -6.0902793139656977e+00 -3.8209072453622679e+00 -2.2437878893944694e+00 -1.1736557227861393e+00 -3.7338396919845990e-01  2.5476540427021349e-01  6.8802380119005946e-01  9.2089520476023790e-01  1.0025930696534826e+00  1.0066730136506825e+00  9.8908995449772485e-01  9.9679117955897778e-01  1.1035283164158207e+00  1.4060929646482323e+00  1.9959070353517676e+00  2.9166023101155054e+00  4.1342681134056694e+00  5.5325138256912831e+00  6.9632677633881679e+00  8.3692166608330414e+00  9.7788407420371009e+00  1.1070310115505773e+01  1.1759735386769336e+01  1.1166609730486522e+01
   2.5000000000000001e-03 -7.3111851592579624e+00 -7.7334882744137206e+00 -7.3421841092054594e+00 -6.5438361918095902e+00 -5.6484438221911084e+00 -4.7460343017150848e+00 -3.8229359467973394e+00 -2.9064607630381518e+00 -2.0850032901645079e+00 -1.4427291564578228e+00 -1.0156071403570177e+00 -7.8481834091704583e-01 -6.9480770038501916e-01 -6.7968750437521874e-01 -6.8424473223661175e-01 -6.6788085404270203e-01 -5.8825677283864186e-01 -4.0231207560378013e-01 -8.3186069303465157e-02  3.6270535526776332e-01  9.3094070703535159e-01  1.6946321316065802e+00  2.7958681134056702e+00  4.3354133706685332e+00  6.1947329366468313e+00  7.9740315015750776e+00  9.0671095554777725e+00  8.8551641582079093e+00  7.0230997549877490e+00  3.8462709135456770e+00  4.9109275463773177e-05 -3.8462317115855789e+00 -7.0231683584179203e+00 -8.8552719635981774e+00 -9.0671879593979696e+00 -7.9740217010850536e+00 -6.1946447322366112e+00 -4.3352761638081905e+00 -2.7967334966748334e+00 -1.6945645082254110e+00 -9.3099558977948893e-01 -3.6258088904445218e-01  8.3250556527826383e-02  4.0213468673433667e-01  5.8825187259362954e-01  6.6782107105355260e-01  6.8437311865593264e-01  6.7980609030451511e-01  6.9483122156107802e-01  7.8483500175008736e-01  1.0155512775638780e+00  1.4427320966048300e+00  2.0850052502625132e+00  2.9064617430871538e+00  3.8229261463073150e+00  4.7460245012250608e+00  5.6485026251312558e+00  6.5438459922996142e+00  7.3421449072453608e+00  7.7334784739236948e+00  7.3111949597479864e+00
   2.0000000000000000e-03 -4.3772026601330065e+00 -4.6336520826041294e+00 -4.4001554077703879e+00 -3.9273895694784735e+00 -3.4081302065103252e+00 -2.8951686384319211e+00 -2.3692547427371364e+00 -1.8323505775288762e+00 -1.3316856842842140e+00 -9.2489380469023430e-01 -6.4525838291914595e-01 -4.9036457822891139e-01 -4.2914189709485467e-01 -4.1954035701785081e-01 -4.2231781589079448e-01 -4.0656254812740633e-01 -3.4414224711235558e-01 -2.1121447672383614e-01  1.2783631781589078e-03  2.8462387119355964e-01  6.3846860343017142e-01  1.1120037801890092e+00  1.7914188309415469e+00  2.7298177108855439e+00  3.8445068253412664e+00  4.8807028351417561e+00  5.4712215610780532e+00  5.2692922646132292e+00  4.1380707035351767e+00  2.2553828491424568e+00  2.6904373818690929e-05 -2.2553642282114099e+00 -4.1381197059852992e+00 -5.2693608680434014e+00 -5.4712705635281758e+00 -4.8807126356317818e+00 -3.8444872243612176e+00 -2.7297755687784386e+00 -1.7914149107455370e+00 -1.1120380819040951e+00 -6.3846370318515910e-01 -2.8430427721386065e-01 -1.2761384669233459e-03  2.1121398669933494e-01  3.4408834441722080e-01  4.0664389219460967e-01  4.2231389569478467e-01  4.1948841442072099e-01  4.2914091704585228e-01  4.9038123906195308e-01  6.4526034301715074e-01  9.2494574728736434e-01  1.3316827441372068e+00  1.8323339166958346e+00  2.3692488624431216e+00  2.8951647182359110e+00  3.4081400070003496e+00  3.9273993699684975e+00  4.4001750087504368e+00  4.6336814840742031e+00  4.3771928596429817e+00
   1.5000000000000000e-03 -2.2172442422121104e+00 -2.3335172558627928e+00 -2.1798857542877141e+00 -1.9166877143857191e+00 -1.6619092754637730e+00 -1.4360109205460272e+00 -1.2070234511725584e+00 -9.5631123556177788e-01 -7.0239817990899545e-01 -4.8254672733636672e-01 -3.2602702135106754e-01 -2.4005967098354913e-01 -2.1052403220161003e-01 -2.1245433671683583e-01 -2.2008441022051101e-01 -2.1207211760588027e-01 -1.7200624431221559e-01 -8.9585495274763727e-02  3.1189863493174656e-02  1.7898037101855091e-01  3.5158081904095201e-01  5.7707833391669572e-01  9.1166412320616019e-01  1.3854688134406719e+00  1.9520361218060900e+00  2.4669999299964998e+00  2.7339897794889740e+00  2.5912534826741331e+00  2.0010689534476724e+00  1.0754940147007350e+00  1.4309460273013648e-05 -1.0754842142107104e+00 -2.0010944347217361e+00 -2.5913015050752533e+00 -2.7340231011550578e+00 -2.4679339166958347e+00 -1.9520126006300311e+00 -1.3854560728036400e+00 -9.1162884144207201e-01 -5.7669905495274765e-01 -3.5161120056002798e-01 -1.7897762688134405e-01 -3.1188393419670980e-02  8.9566580329016432e-02  1.7202241512075600e-01  2.1203124956247810e-01  2.2010048302415119e-01  2.1241229261463071e-01  2.1056107805390267e-01  2.4001115855792787e-01  3.2602800140006993e-01  4.8251046552327614e-01  7.0238347917395860e-01  9.5629653482674115e-01  1.2070205110255512e+00  1.4360089604480222e+00  1.6619729786489321e+00  1.9166926146307313e+00  2.1798916345817285e+00  2.3335231361568076e+00  2.2172589429471468e+00
   1.0000000000000000e-03 -7.3486328316415817e-01 -7.4651312565628269e-01 -6.2982751137556869e-01 -4.9551571578578923e-01 -4.1473811690584522e-01 -3.8465159257962894e-01 -3.6098144907245355e-01 -3.0983259362968141e-01 -2.3043519775988797e-01 -1.4586147707385369e-01 -8.1397283864193204e-02 -4.9723080154007691e-02 -4.7766902345117247e-02 -6.1973006650332514e-02 -7.6438039901995089e-02 -7.7925558277913878e-02 -5.8020665033251657e-02 -1.7309478473923695e-02  3.3881666083304160e-02  7.9585761288064397e-02  1.1404183409170458e-01  1.5267213160658030e-01  2.3229386069303462e-01  3.7676317815890792e-01  5.6847644382219109e-01  7.4081316065803282e-01  8.1049170458522923e-01  7.3398809940497012e-01  5.2803472173608679e-01  2.6597040252012594e-01  7.1527504375218757e-06 -2.6596648232411613e-01 -5.2805138256912831e-01 -7.3401456072803628e-01 -8.1050444522226095e-01 -7.4081512075603773e-01 -5.6846370318515915e-01 -3.7716793839691981e-01 -2.3228121806090302e-01 -1.5265939096954845e-01 -1.1403830591529575e-01 -7.9856940847042340e-02 -3.3874609730486525e-02  1.7539809590479519e-02  5.8019194959747979e-02  7.7847252362618122e-02  7.6513797689884477e-02  6.1912537626881342e-02  4.7761022051102553e-02  4.9708477423871189e-02  8.1381701085054242e-02  1.4585540077003847e-01  2.3043813790689532e-01  3.0983131956597826e-01  3.6095988799439971e-01  3.8459964998249907e-01  4.1473909695484767e-01  4.9551865593279659e-01  6.2991179558977939e-01  7.4651606580329000e-01  7.3485740287014334e-01
   5.0000000000000001e-04  1.3224526426321315e-01  1.8422912145607279e-01  2.8562783339166953e-01  3.5081344067203357e-01  3.3299026951347560e-01  2.4945775288764432e-01  1.5268448022401118e-01  8.6038109905495264e-02  6.1447896394819734e-02  6.4294154707735376e-02  7.1999691984599226e-02  6.9114035701785079e-02  5.2726440322016094e-02  2.9381163458172904e-02  9.3478739936996846e-03  5.0701855092754634e-04  6.1161134056702824e-03  2.0158177108855441e-02  2.7701849492474621e-02  1.0386333916695833e-02 -4.1586713335666776e-02 -1.1865443472173606e-01 -1.9362563528176407e-01 -2.4629817290864539e-01 -2.7334536926846337e-01 -2.9497936296814836e-01 -3.2714721736086805e-01 -3.5741799089954496e-01 -3.3234147707385364e-01 -2.0559948197409866e-01  2.9394786139306959e-06  2.0666352117605877e-01  3.3233363668183402e-01  3.5740427021351062e-01  3.2713839691984592e-01  2.9497652082604126e-01  2.7335007350367518e-01  2.4630856142807139e-01  1.9363190759537974e-01  1.1865943297164858e-01  4.1590045502275109e-02 -1.0097729086454321e-02 -2.7967834791739584e-02 -1.9921759887994397e-02 -6.1137220861043045e-03 -4.2535792789639472e-04 -9.2743213160658023e-03 -2.9384672033601678e-02 -5.2706447322366110e-02 -6.9129226461323065e-02 -7.2000966048302403e-02 -6.4291116555827782e-02 -6.1443976198809931e-02 -8.6067119355967794e-02 -1.5266752537626879e-01 -2.4950842142107099e-01 -3.3299026951347560e-01 -3.5088204410220503e-01 -2.8562724536226808e-01 -1.8422755337766886e-01 -1.3233944697234859e-01
   0.0000000000000000e+00  4.1749303465173254e-01  4.9083598179908994e-01  5.8836751837591872e-01  6.3179642982149098e-01  5.8209128456422821e-01  4.6133258662933141e-01  3.2486370318515922e-01  2.1930772138606927e-01  1.6016911445572277e-01  1.3568709835491774e-01  1.2422581729086453e-01  1.0950793139656981e-01  8.6582527126356307e-02  5.9897654882744129e-02  3.7679355967798381e-02  2.6467605180259011e-02  2.6801860693034647e-02  3.1607070353517674e-02  2.4316917045852291e-02 -1.4550483724186207e-02 -9.5840168008400409e-02 -2.1168450822541127e-01 -3.4014364718235907e-01 -4.5638235911795583e-01 -5.5497430871543574e-01 -6.4035715785789282e-01 -7.0560294014700731e-01 -7.1653538676933848e-01 -6.1543157157857886e-01 -3.6311109555477772e-01  6.1493076653832687e-10  3.6311109555477772e-01  6.1543157157857886e-01  7.1653538676933848e-01  7.0560294014700731e-01  6.4035715785789282e-01  5.5497430871543574e-01  4.5638235911795583e-01  3.4014364718235907e-01  2.1168450822541127e-01  9.5840168008400409e-02  1.4840940847042350e-02 -2.4316917045852291e-02 -3.1607070353517674e-02 -2.6801860693034647e-02 -2.6381880294014698e-02 -3.7679355967798381e-02 -5.9897654882744129e-02 -8.6561260063003131e-02 -1.0949362268113405e-01 -1.2422650332516623e-01 -1.3568778438921944e-01 -1.6017519075953796e-01 -2.1930772138606927e-01 -3.2484606230311514e-01 -4.6133258662933141e-01 -5.8209226461323060e-01 -6.3179642982149098e-01 -5.8836751837591872e-01 -4.9083598179908994e-01 -4.1749303465173254e-01
  -5.0000000000000001e-04  1.3224536226811337e-01  1.8422863143157156e-01  2.8562606930346512e-01  3.5088008400420012e-01  3.3299124956247811e-01  2.4945971298564923e-01  1.5268536226811338e-01  8.6038697934896727e-02  6.1444858242912133e-02  6.4290920546027294e-02  7.2003416170808535e-02  6.9113545677283852e-02  5.2706447322366110e-02  2.9383094154707731e-02  9.3455610780539024e-03  5.0798683934196701e-04  6.1137318865943291e-03  2.0155276163808189e-02  2.7702917745887290e-02  1.0385324466223310e-02 -4.1587105355267759e-02 -1.1865659082954147e-01 -1.9363318165908294e-01 -2.4630738536926841e-01 -2.7335134756737833e-01 -2.9497642282114100e-01 -3.2713839691984592e-01 -3.5740427021351062e-01 -3.3233363668183402e-01 -2.0560075603780187e-01 -2.9429225061253057e-06  2.0666224711235559e-01  3.3234147707385364e-01  3.5741701085054245e-01  3.2714917745887295e-01  2.9497838291914591e-01  2.7334409520476022e-01  2.4629934896744837e-01  1.9362563528176407e-01  1.1865433671683583e-01  4.1582303115155754e-02 -1.0097248862443122e-02 -2.7969794889744486e-02 -1.9921612880644032e-02 -6.1161134056702824e-03 -4.2127700385019248e-04 -9.2766342317115846e-03 -2.9381173258662928e-02 -5.2705075253762682e-02 -6.9129814490724528e-02 -7.2004690234511712e-02 -6.4294644732236603e-02 -6.1447014350717533e-02 -8.6063493174658723e-02 -1.5266380119005948e-01 -2.4950930346517322e-01 -3.3299026951347560e-01 -3.5088302415120753e-01 -2.8562793139656978e-01 -1.8422912145607279e-01 -1.3233944697234859e-01
  -1.0000000000000000e-03 -7.3486132306615315e-01 -7.4660035001750080e-01 -6.2983633181659071e-01 -4.9552355617780885e-01 -4.1473321666083302e-01 -3.8459964998249907e-01 -3.6097948897444865e-01 -3.0983131956597826e-01 -2.3043196359817988e-01 -1.4585569478473923e-01 -8.1386111305565265e-02 -4.9711613580679027e-02 -4.7761022051102553e-02 -6.1972320616030786e-02 -7.6442548127406362e-02 -7.7948393419670969e-02 -5.8025369268463411e-02 -1.7539819390969547e-02  3.3886762338116903e-02  7.9559985999299962e-02  1.1404418620931046e-01  1.5265939096954845e-01  2.3227582779138956e-01  3.7674651732586623e-01  5.6846370318515915e-01  7.4081512075603773e-01  8.1050444522226095e-01  7.3401456072803628e-01  5.2805040252012592e-01  2.6596658032901638e-01 -7.1777416870843535e-06 -2.6597020651032544e-01 -5.2803472173608679e-01 -7.3398711935596761e-01 -8.1049170458522923e-01 -7.4081316065803282e-01 -5.6847252362618128e-01 -3.7717479873993698e-01 -2.3229386069303462e-01 -1.5266644732236612e-01 -1.1405349667483373e-01 -7.9870857542877122e-02 -3.3881666083304160e-02  1.7540093804690231e-02  5.8020665033251657e-02  7.7849310465523264e-02  7.6528106405320262e-02  6.1894406720336012e-02  4.7766902345117247e-02  4.9707301365068249e-02  8.1384053202660123e-02  1.4586079103955196e-01  2.3043941197059850e-01  3.0984464823241159e-01  3.6096184809240461e-01  3.8465159257962894e-01  4.1473223661183056e-01  4.9552061603080144e-01  6.2991277563878179e-01  7.4651312565628269e-01  7.3486328316415817e-01
  -1.5000000000000000e-03 -2.2172589429471468e+00 -2.3335231361568076e+00 -2.1799582779138955e+00 -1.9167631781589078e+00 -1.6619102555127756e+00 -1.4360089604480222e+00 -1.2070205110255512e+00 -9.5631515575778769e-01 -7.0238053902695119e-01 -4.8251046552327614e-01 -3.2603290164508225e-01 -2.4004575428771435e-01 -2.1056107805390267e-01 -2.1247207560378017e-01 -2.2010048302415119e-01 -2.1203134756737835e-01 -1.7202241512075600e-01 -8.9566482324116195e-02  3.1188491424571228e-02  1.7897762688134405e-01  3.5161120056002798e-01  5.7705187259362956e-01  9.1162884144207201e-01  1.3854560728036400e+00  1.9520126006300311e+00  2.4669871893594677e+00  2.7340231011550578e+00  2.5913015050752533e+00  2.0010944347217361e+00  1.0754851942597130e+00 -1.4361108855442770e-05 -1.0754930346517324e+00 -2.0010689534476724e+00 -2.5912525026251312e+00 -2.7339897794889740e+00 -2.4679466573328663e+00 -1.9520645432271611e+00 -1.3854688134406719e+00 -9.1166412320616019e-01 -5.7706167308365419e-01 -3.5158081904095201e-01 -1.7896253412670632e-01 -3.1208092404620229e-02  8.9585495274763727e-02  1.7204348617430870e-01  2.1207211760588027e-01  2.2015575778788934e-01  2.1239455372768637e-01  2.1052256212810638e-01  2.4000929646482322e-01  3.2602604130206503e-01  4.8254574728736432e-01  7.0240014000700024e-01  9.5631711585579271e-01  1.2070234511725584e+00  1.4360109205460272e+00  1.6619092754637730e+00  1.9166720336016798e+00  2.1798563528176409e+00  2.3335241162058100e+00  2.2172560028001396e+00
  -2.0000000000000000e-03 -4.3772026601330065e+00 -4.6336618830941543e+00 -4.4001554077703879e+00 -3.9273993699684975e+00 -3.4081106055302759e+00 -2.8951647182359110e+00 -2.3692488624431216e+00 -1.8323221561078051e+00 -1.3316827441372068e+00 -9.2494672733636663e-01 -6.4526132306615325e-01 -4.9036751837591869e-01 -4.2914287714385718e-01 -4.1948841442072099e-01 -4.2226391319565976e-01 -4.0664389219460967e-01 -3.4406384319215955e-01 -2.1118938746937344e-01  1.2761433671683582e-03  2.8459652782639128e-01  6.3841764088204411e-01  1.1120380819040951e+00  1.7914149107455370e+00  2.7297755687784386e+00  3.8444676233811688e+00  4.8816632831641575e+00  5.4712705635281758e+00  5.2693608680434014e+00  4.1381099054952735e+00  2.2553612880644027e+00 -2.6997615680784037e-05 -2.2553828491424568e+00 -4.1380707035351767e+00 -5.2692922646132292e+00 -5.4712509625481269e+00 -4.8807028351417561e+00 -3.8445460273013645e+00 -2.7298177108855439e+00 -1.7914188309415469e+00 -1.1120037801890092e+00 -6.3846860343017142e-01 -2.8433171858592926e-01 -1.2783935596779837e-03  2.1121447672383614e-01  3.4414224711235558e-01  4.0664879243962193e-01  4.2231781589079448e-01  4.1954035701785081e-01  4.2913993699684977e-01  4.9037829891494561e-01  6.4525740287014344e-01  9.2486832341617065e-01  1.3316807840392018e+00  1.8323368568428418e+00  2.3692910045502273e+00  2.8951686384319211e+00  3.4081302065103252e+00  3.9273895694784735e+00  4.4001652082604128e+00  4.6336324816240806e+00  4.3772124606230305e+00
  -2.5000000000000001e-03 -7.3111949597479864e+00 -7.7334784739236948e+00 -7.3421449072453608e+00 -6.5438459922996142e+00 -5.6484928246412318e+00 -4.7460245012250608e+00 -3.8229261463073150e+00 -2.9064558627931394e+00 -2.0850052502625132e+00 -1.4427948197409870e+00 -1.0155561778088904e+00 -7.8480658032901640e-01 -6.9483122156107802e-01 -6.7968554427721373e-01 -6.8423885194259704e-01 -6.6799845992299611e-01 -5.8825187259362954e-01 -4.0213468673433667e-01 -8.3250458522926132e-02  3.6258088904445218e-01  9.3099558977948893e-01  1.6945645082254110e+00  2.7959465173258660e+00  4.3352761638081905e+00  6.1946447322366112e+00  7.9740217010850536e+00  9.0671879593979696e+00  8.8552719635981774e+00  7.0231781589079443e+00  3.8462317115855789e+00 -4.9260203010150505e-05 -3.8462709135456770e+00 -7.0230997549877490e+00 -8.8551641582079093e+00 -9.0671095554777725e+00 -7.9740315015750776e+00 -6.1947035351767576e+00 -4.3353839691984595e+00 -2.7966550927546376e+00 -1.6946321316065802e+00 -9.3094070703535159e-01 -3.6264459222961143e-01  8.3186069303465157e-02  4.0219740987049346e-01  5.8825677283864186e-01  6.6776520826041297e-01  6.8431627581379051e-01  6.7974434721736077e-01  6.9482926146307311e-01  7.8483108155407755e-01  1.0155512775638780e+00  1.4427281764088202e+00  2.0850042702135103e+00  2.9064607630381518e+00  3.8228771438571925e+00  4.7460343017150848e+00  5.6485614280714032e+00  6.5438361918095902e+00  7.3421351067553369e+00  7.7336548827441360e+00  7.3111851592579624e+00
  -3.0000000000000001e-03 -1.1166658732936646e+01 -1.1759735386769336e+01 -1.1070221911095553e+01 -9.7788407420371009e+00 -8.3692166608330414e+00 -6.9631991599579965e+00 -5.5325138256912831e+00 -4.1342681134056694e+00 -2.9165268463423168e+00 -1.9959070353517676e+00 -1.4060175008750435e+00 -1.1035283164158207e+00 -9.9683626181309049e-01 -9.8903311165558261e-01 -1.0067484774238711e+00 -1.0025930696534826e+00 -9.2089520476023790e-01 -6.8809730486524312e-01 -2.5476540427021349e-01  3.7338396919845990e-01  1.1733234861743085e+00  2.2437878893944694e+00  3.8209758487924388e+00  6.0902793139656977e+00  8.9188183409170438e+00  1.1721003850192508e+01  1.3577304865243260e+01  1.3464560028001397e+01  1.0766994749737485e+01  5.8986405320266009e+00 -8.8169814490724529e-05 -5.8987091354567722e+00 -1.0766906545327267e+01 -1.3464364018200909e+01 -1.3577128456422820e+01 -1.1720925446272313e+01 -8.9179656982849131e+00 -6.0902989149457465e+00 -3.8210052502625125e+00 -2.2437937696884838e+00 -1.1736576828841438e+00 -3.7338984949247461e-01  2.5475981799089953e-01  6.8809828491424563e-01  9.2090304515225752e-01  1.0026038501925096e+00  1.0066828141407069e+00  9.8924480224011180e-01  9.9663535176758822e-01  1.1034469723486173e+00  1.4060870843542177e+00  1.9959011550577523e+00  2.9166032901645078e+00  4.1342779138956942e+00  5.5324550227511367e+00  6.9632775638781936e+00  8.3692166608330414e+00  9.7789681484074187e+00  1.1070290514525725e+01  1.1759696184809240e+01  1.1166648932446620e+01
  -3.5000000000000001e-03 -1.6165134056702833e+01 -1.6887655582779136e+01 -1.5659781589079451e+01 -1.3631922996149806e+01 -1.1539204760238011e+01 -9.5087196359817980e+00 -7.4497444872243603e+00 -5.4553741687084356e+00 -3.7662597129856490e+00 -2.5329307665383265e+00 -1.7787428771438569e+00 -1.4225832691634581e+00 -1.3234013300665031e+00 -1.3444998249912494e+00 -1.3896183409170457e+00 -1.4175771788589426e+00 -1.3596317815890793e+00 -1.1024963248162407e+00 -5.5498704935246757e-01  2.7211991599579977e-01  1.3036896044802240e+00  2.6597500875043747e+00  4.7257668883444168e+00  7.8444788239411967e+00  1.1894756737836891e+01  1.6066550927546373e+01  1.9048291214560727e+01  1.9254405320266013e+01  1.5520712635631780e+01  8.4636835841792077e+00 -1.5611631781589077e-04 -8.4638109905495273e+00 -1.5520516625831290e+01 -1.9254081904095202e+01 -1.9048154007700383e+01 -1.6066560728036400e+01 -1.1894923346167307e+01 -7.8445964298214896e+00 -4.7258746937346858e+00 -2.6597442072103603e+00 -1.3036866643332163e+00 -2.7221292264613228e-01  5.5532810640532027e-01  1.1025835491774587e+00  1.3596435421771087e+00  1.4175928596429819e+00  1.3896291214560725e+00  1.3445027651382566e+00  1.3233964298214909e+00  1.4224695834791738e+00  1.7784586629331463e+00  2.5330101505075251e+00  3.7662499124956241e+00  5.4552957647882385e+00  7.4497640882044092e+00  9.5087588379418957e+00  1.1539204760238011e+01  1.3631903395169756e+01  1.5659752187609380e+01  1.6887635981799090e+01  1.6165124256212810e+01
  -4.0000000000000001e-03 -2.2645325866293312e+01 -2.3363486174308711e+01 -2.1186444522226111e+01 -1.8071976198809939e+01 -1.5098752537626879e+01 -1.2329849492474622e+01 -9.5115911795589767e+00 -6.7874665733286648e+00 -4.5568456422821138e+00 -2.9902725936296815e+00 -2.0879591179558976e+00 -1.7164205810290514e+00 -1.6632588029401467e+00 -1.7437727686384317e+00 -1.8309020651032550e+00 -1.9172375218760935e+00 -1.9261148057402868e+00 -1.6833576478823939e+00 -1.0338213510675534e+00  1.3615154357717884e-02  1.2567619180959047e+00  2.8220060203010147e+00  5.3229891494574719e+00  9.3809800490024475e+00  1.4947971998599927e+01  2.0911883794189706e+01  2.5521387469373465e+01  2.6434126706335313e+01  2.1474490724536224e+01  1.1554199509975497e+01 -2.7490041302065101e-04 -1.1554424921246062e+01 -2.1474128106405320e+01 -2.6433568078403916e+01 -2.5521152257612879e+01 -2.0911971998599928e+01 -1.4948168008400419e+01 -9.3812152607630370e+00 -5.3229989499474968e+00 -2.8217894294714734e+00 -1.2570892544627230e+00 -1.3629296464823240e-02  1.0338066503325165e+00  1.6833566678333913e+00  1.9261314665733285e+00  1.9172610430521524e+00  1.8308432621631079e+00  1.7440805040252010e+00  1.6632049002450120e+00  1.7164107805390267e+00  2.0879395169758483e+00  2.9902608330416514e+00  4.5567378368918439e+00  6.7874763738186905e+00  9.5116205810290495e+00  1.2329937696884842e+01  1.5098752537626879e+01  1.8071858592929644e+01  2.1186405320266012e+01  2.3363456772838639e+01  2.2645316065803289e+01
  -4.4999999999999997e-03 -3.1140273013650678e+01 -3.1523080154007697e+01 -2.7703309765488271e+01 -2.3008875043752184e+01 -1.8941710885544275e+01 -1.5359082954147706e+01 -1.1638924746237310e+01 -8.0184865243262156e+00 -5.1934756737836887e+00 -3.2908575428771436e+00 -2.2806896744837237e+00 -1.9585759887994398e+00 -2.0047901995099755e+00 -2.1918227511375563e+00 -2.3250447322366115e+00 -2.5004264613230656e+00 -2.6420994049702484e+00 -2.4762858942947141e+00 -1.7573778088904444e+00 -4.4105047252362611e-01  9.7836331816590816e-01  2.5910319915995799e+00  5.3799005950297509e+00  1.0407845992299613e+01  1.7837842492124604e+01  2.6086767938396914e+01  3.2976198809940492e+01  3.5307343367168350e+01  2.8906231711585576e+01  1.5060677633881692e+01 -4.8349149457472867e-04 -1.5061079453972697e+01 -2.8905663283164156e+01 -3.5306559327966397e+01 -3.2975708785439267e+01 -2.6087934196709831e+01 -1.7838293314665730e+01 -1.0408140007000348e+01 -5.3796555827791384e+00 -2.5909633881694085e+00 -9.7834959747987382e-01  4.4102499124956240e-01  1.7573513475673781e+00  2.4762839341967093e+00  2.6421229261463068e+00  2.5007773188659432e+00  2.3250672733636679e+00  2.1918227511375563e+00  2.0047990199509975e+00  1.9588072803640180e+00  2.2809033251662578e+00  3.2908379418970943e+00  5.1934560728036390e+00  8.0184963248162404e+00  1.1638963948197409e+01  1.5359131956597828e+01  1.8941789289464474e+01  2.3009022051102551e+01  2.7703250962548122e+01  3.1522982149107456e+01  3.1140273013650678e+01
  -5.0000000000000001e-03 -4.2514721736086798e+01 -4.1816240812040597e+01 -3.5194343717185859e+01 -2.8247374168708433e+01 -2.2886270913545676e+01 -1.8523024151207558e+01 -1.3741815890794538e+01 -8.9834721736086784e+00 -5.5679621981099050e+00 -3.3430059502975142e+00 -2.2959627581379065e+00 -2.1278588729436470e+00 -2.3350461323066152e+00 -2.7096806440322010e+00 -2.8525139656982845e+00 -3.1568848442422119e+00 -3.5280588029401470e+00 -3.5333412670633528e+00 -2.8237436471823587e+00 -1.1093615680784037e+00  4.3820735036751834e-01  1.8133640882044100e+00  4.6018298914945737e+00  1.0517160658032902e+01  2.0255192159607976e+01  3.1318249912495620e+01  4.1248498424921245e+01  4.6314175708785434e+01  3.8238865943297156e+01  1.8553680084004199e+01 -8.5308365418270912e-04 -1.8554395519775987e+01 -3.8237885894294713e+01 -4.6312607630381514e+01 -4.1248204410220502e+01 -3.1318837941897090e+01 -2.0256231011550572e+01 -1.0517376268813440e+01 -4.6016926846342310e+00 -1.8132337416870843e+00 -4.3819558977948891e-01  1.1095595379768988e+00  2.8239514175708780e+00  3.5333412670633528e+00  3.5280980049002446e+00  3.1570122506125302e+00  2.8528021001050052e+00  2.7094189709485468e+00  2.3350245712285611e+00  2.1280989849492471e+00  2.2959529576478821e+00  3.3427315365768284e+00  5.5679327966398313e+00  8.9834819740987033e+00  1.3741874693734685e+01  1.8522916345817286e+01  2.2886280714035699e+01  2.8247570178508923e+01  3.5194049702485117e+01  4.1816240812040597e+01  4.2514819740987043e+01
# Vertical Kick [micro-rad]
START
                          -2.9999999999999999e-02 -2.9000000000000001e-02 -2.8000000000000001e-02 -2.7000000000000000e-02 -2.5999999999999999e-02 -2.5000000000000001e-02 -2.4000000000000000e-02 -2.3000000000000000e-02 -2.1999999999999999e-02 -2.1000000000000001e-02 -2.0000000000000000e-02 -1.9000000000000000e-02 -1.7999999999999999e-02 -1.7000000000000001e-02 -1.6000000000000000e-02 -1.4999999999999999e-02 -1.4000000000000000e-02 -1.2999999999999999e-02 -1.2000000000000000e-02 -1.0999999999999999e-02 -1.0000000000000000e-02 -8.9999999999999993e-03 -8.0000000000000002e-03 -7.0000000000000001e-03 -6.0000000000000001e-03 -5.0000000000000001e-03 -4.0000000000000001e-03 -3.0000000000000001e-03 -2.0000000000000000e-03 -1.0000000000000000e-03  0.0000000000000000e+00  1.0000000000000000e-03  2.0000000000000000e-03  3.0000000000000001e-03  4.0000000000000001e-03  5.0000000000000001e-03  6.0000000000000001e-03  7.0000000000000001e-03  8.0000000000000002e-03  8.9999999999999993e-03  1.0000000000000000e-02  1.0999999999999999e-02  1.2000000000000000e-02  1.2999999999999999e-02  1.4000000000000000e-02  1.4999999999999999e-02  1.6000000000000000e-02  1.7000000000000001e-02  1.7999999999999999e-02  1.9000000000000000e-02  2.0000000000000000e-02  2.1000000000000001e-02  2.1999999999999999e-02  2.3000000000000000e-02  2.4000000000000000e-02  2.5000000000000001e-02  2.5999999999999999e-02  2.7000000000000000e-02  2.8000000000000001e-02  2.9000000000000001e-02  2.9999999999999999e-02
   5.0000000000000001e-03 -5.5637283864193201e+01 -8.1131886594329714e+01 -1.0058674133706684e+02 -1.1357474273713683e+02 -1.2257453272663632e+02 -1.2967038151907593e+02 -1.3506280714035699e+02 -1.3778283514175709e+02 -1.3864478823941195e+02 -1.3873250262513125e+02 -1.3844623031151556e+02 -1.3849542877143855e+02 -1.3892037801890092e+02 -1.3983241162058101e+02 -1.4096574028701431e+02 -1.4211494574728735e+02 -1.4380484424221211e+02 -1.4597398669933497e+02 -1.4855337766888340e+02 -1.5066293314665731e+02 -1.5194816940847042e+02 -1.5371764788239412e+02 -1.5620315015750788e+02 -1.5832329016450822e+02 -1.5702688134406719e+02 -1.4978480924046201e+02 -1.3628189009450469e+02 -1.1519662583129156e+02 -9.1006664333216648e+01 -7.7331942597129839e+01 -7.5121834091704571e+01 -7.7330374518725932e+01 -9.1005488274413707e+01 -1.1519691984599228e+02 -1.3628296814840741e+02 -1.4978598529926492e+02 -1.5702678333916694e+02 -1.5832329016450822e+02 -1.5620275813790687e+02 -1.5371764788239412e+02 -1.5194816940847042e+02 -1.5066322716135804e+02 -1.4855386769338466e+02 -1.4597388869443472e+02 -1.4380504025201256e+02 -1.4211514175708783e+02 -1.4096574028701431e+02 -1.3983250962548126e+02 -1.3892037801890092e+02 -1.3849542877143855e+02 -1.3844623031151556e+02 -1.3873250262513125e+02 -1.3864478823941195e+02 -1.3778283514175709e+02 -1.3506280714035699e+02 -1.2967067553377666e+02 -1.2257463073153657e+02 -1.1357484074203708e+02 -1.0058674133706684e+02 -8.1131788589429462e+01 -5.5637283864193201e+01
   4.4999999999999997e-03 -4.8198123906195299e+01 -6.7545957297864888e+01 -8.3769002450122500e+01 -9.5803906195309750e+01 -1.0475929996499825e+02 -1.1178331116555826e+02 -1.1706361918095904e+02 -1.2027915995799789e+02 -1.2186850542527125e+02 -1.2255071753587679e+02 -1.2281307665383267e+02 -1.2312669233461672e+02 -1.2366601330066501e+02 -1.2449346867343365e+02 -1.2549517675883793e+02 -1.2660841442072102e+02 -1.2803399369968497e+02 -1.2975750787539374e+02 -1.3159725586279311e+02 -1.3305282464123206e+02 -1.3396240812040602e+02 -1.3484621631081552e+02 -1.3571003150157506e+02 -1.3555087154357719e+02 -1.3234385719285964e+02 -1.2439908995449771e+02 -1.1124467623381167e+02 -9.3177864893244660e+01 -7.4299768988449401e+01 -6.2285250262513117e+01 -5.8977878893944691e+01 -6.2284368218410918e+01 -7.4300259012950633e+01 -9.3178060903045136e+01 -1.1124546027301363e+02 -1.2439957997899894e+02 -1.3234385719285964e+02 -1.3555087154357719e+02 -1.3570993349667481e+02 -1.3484621631081552e+02 -1.3396231011550577e+02 -1.3305253062653131e+02 -1.3159725586279311e+02 -1.2975750787539374e+02 -1.2803360168008396e+02 -1.2660851242562127e+02 -1.2549498074903744e+02 -1.2449346867343365e+02 -1.2366601330066501e+02 -1.2312669233461672e+02 -1.2281307665383267e+02 -1.2255071753587679e+02 -1.2186850542527125e+02 -1.2027896394819740e+02 -1.1706361918095904e+02 -1.1178331116555826e+02 -1.0475929996499825e+02 -9.5804200210010478e+01 -8.3769100455022738e+01 -6.7546055302765126e+01 -4.8198123906195299e+01
   4.0000000000000001e-03 -4.1547217360868039e+01 -5.6466209310465516e+01 -6.9819082954147689e+01 -8.0502205110255503e+01 -8.8880350017500859e+01 -9.5529982499124941e+01 -1.0058801540077003e+02 -1.0397379068953447e+02 -1.0596358417920895e+02 -1.0705183059152957e+02 -1.0767269163458171e+02 -1.0819015750787538e+02 -1.0879857192859642e+02 -1.0956791039551976e+02 -1.1046151907595379e+02 -1.1146410920546026e+02 -1.1264653832691633e+02 -1.1397695484774238e+02 -1.1527375568778437e+02 -1.1622459922996148e+02 -1.1671021351067552e+02 -1.1688554427721385e+02 -1.1659290164508224e+02 -1.1500483024151207e+02 -1.1074720336016800e+02 -1.0270315715785787e+02 -9.0626797339866982e+01 -7.5419964998249895e+01 -6.0379838991949590e+01 -5.0272789639481964e+01 -4.7020497024851238e+01 -5.0272299614980739e+01 -6.0379446972348610e+01 -7.5420063003150148e+01 -9.0627189359467963e+01 -1.0270354917745887e+02 -1.1074739936996849e+02 -1.1500561428071403e+02 -1.1659280364018200e+02 -1.1688534826741335e+02 -1.1671031151557577e+02 -1.1622489324466223e+02 -1.1527355967798388e+02 -1.1397685684284212e+02 -1.1264673433671682e+02 -1.1146391319565977e+02 -1.1046122506125306e+02 -1.0956781239061951e+02 -1.0879857192859642e+02 -1.0819015750787538e+02 -1.0767269163458171e+02 -1.0705163458172908e+02 -1.0596358417920895e+02 -1.0397379068953447e+02 -1.0058811340567027e+02 -9.5529982499124941e+01 -8.8880350017500859e+01 -8.0502303115155740e+01 -6.9818984949247465e+01 -5.6466209310465516e+01 -4.1547119355967794e+01
   3.5000000000000001e-03 -3.5447980399019947e+01 -4.7058620931046541e+01 -5.7935694784739226e+01 -6.7129828491424561e+01 -7.4637787889394460e+01 -8.0702331116555825e+01 -8.5399313965698269e+01 -8.8725404270213502e+01 -9.0870927546377303e+01 -9.2184193209660478e+01 -9.3016352817640865e+01 -9.3661421071053539e+01 -9.4300707035351749e+01 -9.5013692684634222e+01 -9.5804004200210002e+01 -9.6671151557577872e+01 -9.7631109555477764e+01 -9.8633503675183746e+01 -9.9523388169408463e+01 -1.0008544627231360e+02 -1.0020364018200908e+02 -9.9858270913545653e+01 -9.8817360868043380e+01 -9.6428491424571206e+01 -9.1757675883794178e+01 -8.4095750787539359e+01 -7.3433797689884486e+01 -6.0810864543227154e+01 -4.8769492474623732e+01 -4.0495820791039549e+01 -3.7669359467973393e+01 -4.0495526776338806e+01 -4.8769198459922990e+01 -6.0810864543227154e+01 -7.3434091704585228e+01 -8.4095946797339863e+01 -9.1757871893594668e+01 -9.6428491424571206e+01 -9.8817262863143156e+01 -9.9857486874343707e+01 -1.0020354217710884e+02 -1.0008534826741335e+02 -9.9523388169408463e+01 -9.8633405670283508e+01 -9.7631109555477764e+01 -9.6671053552677620e+01 -9.5804200210010478e+01 -9.5013594679733970e+01 -9.4300707035351749e+01 -9.3661421071053539e+01 -9.3016450822541117e+01 -9.2184193209660478e+01 -9.0870927546377303e+01 -8.8725404270213502e+01 -8.5399215960798031e+01 -8.0702429121456063e+01 -7.4637787889394460e+01 -6.7129926496324799e+01 -5.7935694784739226e+01 -4.7058522926146303e+01 -3.5447882394119702e+01
   3.0000000000000001e-03 -2.9757570878543923e+01 -3.8803570178508920e+01 -4.7554721736086798e+01 -5.5255750787539370e+01 -6.1745831291564571e+01 -6.7084452222611134e+01 -7.1295526776338804e+01 -7.4392089604480205e+01 -7.6507819390969530e+01 -7.7890864543227153e+01 -7.8813580679033947e+01 -7.9511571578578923e+01 -8.0144291214560724e+01 -8.0791711585579279e+01 -8.1477255862793143e+01 -8.2203766188309402e+01 -8.2964676233811673e+01 -8.3702065103255151e+01 -8.4288526426321312e+01 -8.4564018200910027e+01 -8.4410738536926829e+01 -8.3730780539026938e+01 -8.2280798039901981e+01 -7.9562142107105345e+01 -7.4942583129156446e+01 -6.8001778088904430e+01 -5.8886440322016092e+01 -4.8574658732936641e+01 -3.8994581729086455e+01 -3.2365530276513823e+01 -3.0043196359817987e+01 -3.2365334266713333e+01 -3.8994483724186203e+01 -4.8574658732936641e+01 -5.8886636331816582e+01 -6.8001974098704935e+01 -7.4942583129156446e+01 -7.9562142107105345e+01 -8.2280798039901981e+01 -8.3730682534126686e+01 -8.4410738536926829e+01 -8.4564116205810279e+01 -8.4288918445922292e+01 -8.3701771088554409e+01 -8.2964676233811673e+01 -8.2203864193209654e+01 -8.1477353867693367e+01 -8.0791809590479502e+01 -8.0144291214560724e+01 -7.9511571578578923e+01 -7.8813580679033947e+01 -7.7890864543227153e+01 -7.6507819390969530e+01 -7.4392089604480205e+01 -7.1295526776338804e+01 -6.7084452222611134e+01 -6.1745831291564571e+01 -5.5255750787539370e+01 -4.7554721736086798e+01 -3.8803570178508920e+01 -2.9757551277563877e+01
   2.5000000000000001e-03 -2.4379091354567723e+01 -3.1362156107805387e+01 -3.8272383619180950e+01 -4.4534700735036743e+01 -4.9943689184459217e+01 -5.4467105355267755e+01 -5.8094070703535166e+01 -6.0833797689884491e+01 -6.2778900945047241e+01 -6.4105397269863488e+01 -6.5018508925446270e+01 -6.5703465173258650e+01 -6.6293062653132651e+01 -6.6861785089254454e+01 -6.7439033951697567e+01 -6.8029023451172549e+01 -6.8615484774238695e+01 -6.9143045152257613e+01 -6.9509093454672723e+01 -6.9588967448372415e+01 -6.9268981449072456e+01 -6.8428785439271948e+01 -6.6843850192509620e+01 -6.4143815190759540e+01 -5.9909807490374511e+01 -5.3916611830591528e+01 -4.6381897094854736e+01 -3.8143899194959744e+01 -3.0640683234161706e+01 -2.5451754987749386e+01 -2.3615505775288764e+01 -2.5451656982849141e+01 -3.0640585229261461e+01 -3.8143899194959744e+01 -4.6381995099754981e+01 -5.3916709835491766e+01 -5.9909905495274757e+01 -6.4143913195659778e+01 -6.6843850192509620e+01 -6.8428785439271948e+01 -6.9268883444172204e+01 -6.9588967448372415e+01 -6.9509583479173955e+01 -6.9143045152257613e+01 -6.8615484774238695e+01 -6.8029121456072801e+01 -6.7439033951697567e+01 -6.6861785089254454e+01 -6.6293062653132651e+01 -6.5703465173258650e+01 -6.5018508925446270e+01 -6.4105397269863488e+01 -6.2778802940146996e+01 -6.0833797689884491e+01 -5.8094070703535166e+01 -5.4467105355267755e+01 -4.9943591179558972e+01 -4.4534700735036743e+01 -3.8272481624081202e+01 -3.1362156107805387e+01 -2.4379081554077700e+01
   2.0000000000000000e-03 -1.9239655582779136e+01 -2.4501969898494920e+01 -2.9792098004900240e+01 -3.4689324466223304e+01 -3.8999187959397965e+01 -4.2654182709135455e+01 -4.5625299264963239e+01 -4.7913811690584524e+01 -4.9582051102555120e+01 -5.0752817640882036e+01 -5.1575862793139649e+01 -5.2191431571578576e+01 -5.2705369268463421e+01 -5.3180889044452215e+01 -5.3646608330416512e+01 -5.4106545327266353e+01 -5.4543255162758129e+01 -5.4908225411270557e+01 -5.5121190059502965e+01 -5.5083948197409867e+01 -5.4697416870843533e+01 -5.3843402170108504e+01 -5.2339712985649278e+01 -4.9915561778088900e+01 -4.6304473223661184e+01 -4.1400308015400761e+01 -3.5430927546377312e+01 -2.9068586629331463e+01 -2.3365279663983195e+01 -1.9429873293664681e+01 -1.8036537626881341e+01 -1.9429814490724535e+01 -2.3365230661533072e+01 -2.9068606230311513e+01 -3.5431025551277557e+01 -4.1400406020301013e+01 -4.6304571228561421e+01 -4.9915561778088900e+01 -5.2339712985649278e+01 -5.3844088204410212e+01 -5.4697318865943288e+01 -5.5084046202310105e+01 -5.5121190059502965e+01 -5.4908225411270557e+01 -5.4543255162758129e+01 -5.4106643332166605e+01 -5.3646706335316757e+01 -5.3180889044452215e+01 -5.2705271263563169e+01 -5.2191431571578576e+01 -5.1575862793139649e+01 -5.0752719635981791e+01 -4.9582051102555120e+01 -4.7913811690584524e+01 -4.5625299264963239e+01 -4.2654280714035693e+01 -3.8999187959397965e+01 -3.4689324466223304e+01 -2.9792078403920193e+01 -2.4501960098004897e+01 -1.9239635981799086e+01
   1.5000000000000000e-03 -1.4280539026951345e+01 -1.8054002100105002e+01 -2.1888649632481624e+01 -2.5492250612530622e+01 -2.8707712985649280e+01 -3.1464375218760935e+01 -3.3729366468323406e+01 -3.5498844942247104e+01 -3.6812404620231007e+01 -3.7752271613580675e+01 -3.8422625131256559e+01 -3.8923822191109551e+01 -3.9334266713335658e+01 -3.9703549177458868e+01 -4.0055190759537972e+01 -4.0392523626181301e+01 -4.0700357017850891e+01 -4.0940371018550927e+01 -4.1052978648932445e+01 -4.0965068253412667e+01 -4.0596961848092398e+01 -3.9851536576828835e+01 -3.8588547427371360e+01 -3.6629037451872584e+01 -3.3802086104305211e+01 -3.0069941897094850e+01 -2.5634690934546725e+01 -2.0994501925096252e+01 -1.6885127056352818e+01 -1.4059665383269161e+01 -1.3056291214560726e+01 -1.4059635981799088e+01 -1.6885107455372768e+01 -2.0994511725586278e+01 -2.5634759537976898e+01 -3.0070020301015045e+01 -3.3802086104305211e+01 -3.6629037451872584e+01 -3.8588547427371360e+01 -3.9851536576828835e+01 -4.0596961848092398e+01 -4.0965362268113402e+01 -4.1053272663633180e+01 -4.0940665033251655e+01 -4.0700357017850891e+01 -4.0392523626181301e+01 -4.0055190759537972e+01 -3.9703549177458868e+01 -3.9334266713335658e+01 -3.8923822191109551e+01 -3.8422625131256559e+01 -3.7752271613580675e+01 -3.6812404620231007e+01 -3.5498844942247104e+01 -3.3729366468323406e+01 -3.1464375218760935e+01 -2.8707722786139303e+01 -2.5492260413020645e+01 -2.1888639831991597e+01 -1.8053992299614979e+01 -1.4280529226461320e+01
   1.0000000000000000e-03 -9.4506517325866266e+00 -1.1889248862443122e+01 -1.4384414420721034e+01 -1.6752722436121804e+01 -1.8886044102205108e+01 -2.0729290864543223e+01 -2.2255462373118654e+01 -2.3459138956947843e+01 -2.4363430171508572e+01 -2.5018700735036749e+01 -2.5490466923346165e+01 -2.5843362968148405e+01 -2.6129145257262859e+01 -2.6381498074903742e+01 -2.6616954847742385e+01 -2.6838161708085401e+01 -2.7033681484074201e+01 -2.7177640882044098e+01 -2.7230357717885891e+01 -2.7142829541477070e+01 -2.6859722786139304e+01 -2.6312453622681129e+01 -2.5409789289464470e+01 -2.4036074203710182e+01 -2.2099546377318863e+01 -1.9589160658032899e+01 -1.6656697234861742e+01 -1.3625484074203708e+01 -1.0960887644382218e+01 -9.1368204410220493e+00 -8.4908897444872231e+00 -9.1368008400420013e+00 -1.0960877843892193e+01 -1.3625503675183758e+01 -1.6656746237311864e+01 -1.9589219460973045e+01 -2.2099595379768985e+01 -2.4036103605180259e+01 -2.5409799089954497e+01 -2.6312453622681129e+01 -2.6859722786139304e+01 -2.7142829541477070e+01 -2.7230357717885891e+01 -2.7177650682534125e+01 -2.7033779488974446e+01 -2.6838161708085401e+01 -2.6616974448722431e+01 -2.6381429471473570e+01 -2.6129115855792787e+01 -2.5843362968148405e+01 -2.5490466923346165e+01 -2.5018710535526775e+01 -2.4363430171508572e+01 -2.3459129156457820e+01 -2.2255472173608677e+01 -2.0729290864543223e+01 -1.8886053902695135e+01 -1.6752722436121804e+01 -1.4384414420721034e+01 -1.1889239061953097e+01 -9.4506419320966035e+00
   5.0000000000000001e-04 -4.7046468323416164e+00 -5.9017276863843184e+00 -7.1313265663283163e+00 -8.3052782639131948e+00 -9.3683668183409150e+00 -1.0291318165908294e+01 -1.1058931746587328e+01 -1.1667757787889393e+01 -1.2128273013650682e+01 -1.2464371018550926e+01 -1.2707638781939094e+01 -1.2889722086104303e+01 -1.3036268813440671e+01 -1.3164341617080852e+01 -1.3282408120406018e+01 -1.3391742387119354e+01 -1.3486532726636330e+01 -1.3553969898494923e+01 -1.3573374868743436e+01 -1.3520883444172206e+01 -1.3367495974798739e+01 -1.3079312565628280e+01 -1.2609682884144204e+01 -1.1903439971998598e+01 -1.0919705985299263e+01 -9.6582163108155399e+00 -8.2017458872943632e+00 -6.7030941547077347e+00 -5.3954637731886592e+00 -4.4990815540777032e+00 -4.1827021351067550e+00 -4.4990717535876783e+00 -5.3954637731886592e+00 -6.7031137556877836e+00 -8.2017948897444857e+00 -9.6582751137556855e+00 -1.0919764788239412e+01 -1.1903469373468672e+01 -1.2609702485124256e+01 -1.3079322366118305e+01 -1.3367495974798739e+01 -1.3520883444172206e+01 -1.3573374868743436e+01 -1.3553969898494923e+01 -1.3486522926146305e+01 -1.3391742387119354e+01 -1.3282555127756385e+01 -1.3164282814140707e+01 -1.3036229611480573e+01 -1.2889722086104303e+01 -1.2707648582429121e+01 -1.2464371018550926e+01 -1.2128273013650682e+01 -1.1667757787889393e+01 -1.1058931746587328e+01 -1.0291318165908294e+01 -9.3684354217710872e+00 -8.3052782639131948e+00 -7.1314049702485116e+00 -5.9018158907945386e+00 -4.7046370318515924e+00
   0.0000000000000000e+00 -4.7579712985649276e-06 -3.5138382919145955e-06 -1.8008047602380117e-06 -1.1456126006300314e-07  8.3686286314315699e-07  7.1892082604130203e-07  2.1588646832341614e-07 -2.9797841092054596e-07 -5.4280308015400760e-07 -1.1813216660833039e-07  4.9086832341617080e-07  1.2340649632481623e-06  1.7469843892194607e-06  1.8103406370318514e-06  1.4501471473573676e-06  5.3847322366118298e-07 -8.5816422821141044e-08 -5.2424291214560731e-07 -2.2627136156807836e-07  5.6522758137906884e-07  2.0463178158907942e-06  4.6762058102905136e-06  9.6437115855792779e-06  1.6664233811690581e-05  2.3807311165558277e-05  2.6558132306615329e-05  2.1367763388169407e-05  1.0007388169408469e-05 -6.7205292264613229e-07 -3.9558501925096253e-06 -1.8104964648232410e-10  3.9684242212110599e-06  7.0772180609030443e-07 -9.9198893944697229e-06 -2.1234790339516973e-05 -2.6270556527826387e-05 -2.3573030451522573e-05 -1.6346472523626180e-05 -9.0380413020651011e-06 -4.1848582429121447e-06 -1.3927486174308714e-06  1.7839537976898842e-07  9.0663941197059849e-07  1.1368539026951347e-06  7.8076387819390961e-07  8.6500007000349996e-09 -7.4573986699334963e-07 -1.3391095554777737e-06 -1.3537514875743787e-06 -9.2052768638431915e-07 -3.3479943997199856e-07  1.9631008750437518e-07  3.8923430171508568e-07  1.4972973048652432e-07 -6.6033741687084341e-07 -1.2879362968148408e-06 -1.3799677983899193e-06 -7.1309051452572622e-05  1.0915452572628629e-06  2.8124926846342315e-06  4.1380217010850538e-06
  -5.0000000000000001e-04  4.7046370318515924e+00  5.9017276863843184e+00  7.1313167658382906e+00  8.3052782639131948e+00  9.3683766188309399e+00  1.0291327966398319e+01  1.1058931746587328e+01  1.1667767588379418e+01  1.2128273013650682e+01  1.2464371018550926e+01  1.2707648582429121e+01  1.2889722086104303e+01  1.3036278613930694e+01  1.3164341617080852e+01  1.3282486524326215e+01  1.3391742387119354e+01  1.3486522926146305e+01  1.3553969898494923e+01  1.3573639481974096e+01  1.3520883444172206e+01  1.3367495974798739e+01  1.3079322366118305e+01  1.2609702485124256e+01  1.1903469373468672e+01  1.0919764788239412e+01  9.6582751137556855e+00  8.2017948897444857e+00  6.7031137556877836e+00  5.3954637731886592e+00  4.4990717535876783e+00  4.1827021351067550e+00  4.4990815540777032e+00  5.3954637731886592e+00  6.7030941547077347e+00  8.2017458872943632e+00  9.6582163108155399e+00  1.0919715785789290e+01  1.1903439971998598e+01  1.2609682884144204e+01  1.3079312565628280e+01  1.3367495974798739e+01  1.3520883444172206e+01  1.3573374868743436e+01  1.3553969898494923e+01  1.3486522926146305e+01  1.3391742387119354e+01  1.3282555127756385e+01  1.3164282814140707e+01  1.3036219810990548e+01  1.2889722086104303e+01  1.2707648582429121e+01  1.2464371018550926e+01  1.2128273013650682e+01  1.1667767588379418e+01  1.1058931746587328e+01  1.0291318165908294e+01  9.3684256212810624e+00  8.3052782639131948e+00  7.1313265663283163e+00  5.9018158907945386e+00  4.7046468323416164e+00
  -1.0000000000000000e-03  9.4506419320966035e+00  1.1889229261463070e+01  1.4384404620231010e+01  1.6752722436121804e+01  1.8886053902695135e+01  2.0729290864543223e+01  2.2255472173608677e+01  2.3459129156457820e+01  2.4363430171508572e+01  2.5018710535526775e+01  2.5490476723836188e+01  2.5843343367168355e+01  2.6129115855792787e+01  2.6381429471473570e+01  2.6616964648232408e+01  2.6838161708085401e+01  2.7033691284564224e+01  2.7177650682534125e+01  2.7230347917395868e+01  2.7142819740987047e+01  2.6859732586629327e+01  2.6312453622681129e+01  2.5409799089954497e+01  2.4036103605180259e+01  2.2099595379768985e+01  1.9589219460973045e+01  1.6656736436821838e+01  1.3625503675183758e+01  1.0960877843892193e+01  9.1368008400420013e+00  8.4908897444872231e+00  9.1368204410220493e+00  1.0960887644382218e+01  1.3625484074203708e+01  1.6656697234861742e+01  1.9589160658032899e+01  2.2099546377318863e+01  2.4036074203710182e+01  2.5409779488974447e+01  2.6312463423171152e+01  2.6859712985649281e+01  2.7142829541477070e+01  2.7230357717885891e+01  2.7177640882044098e+01  2.7033779488974446e+01  2.6838161708085401e+01  2.6616954847742385e+01  2.6381429471473570e+01  2.6129125656282810e+01  2.5843362968148405e+01  2.5490466923346165e+01  2.5018700735036749e+01  2.4363420371018549e+01  2.3459138956947843e+01  2.2255442772138604e+01  2.0729290864543223e+01  1.8886044102205108e+01  1.6752722436121804e+01  1.4384414420721034e+01  1.1889239061953097e+01  9.4506517325866266e+00
  -1.5000000000000000e-03  1.4280519425971297e+01  1.8053992299614979e+01  2.1888639831991597e+01  2.5492289814490722e+01  2.8707722786139303e+01  3.1464375218760935e+01  3.3729366468323406e+01  3.5498844942247104e+01  3.6812404620231007e+01  3.7752271613580675e+01  3.8422625131256559e+01  3.8923822191109551e+01  3.9334266713335658e+01  3.9703549177458868e+01  4.0055190759537972e+01  4.0392523626181301e+01  4.0700357017850891e+01  4.0940469023451165e+01  4.1052978648932445e+01  4.0965068253412667e+01  4.0596863843192153e+01  3.9851536576828835e+01  3.8588547427371360e+01  3.6629037451872584e+01  3.3802086104305211e+01  3.0069089254462721e+01  2.5634739936996848e+01  2.0994511725586278e+01  1.6885107455372768e+01  1.4059635981799088e+01  1.3056291214560726e+01  1.4059665383269161e+01  1.6885127056352818e+01  2.0994501925096252e+01  2.5634700735036748e+01  3.0069941897094850e+01  3.3802086104305211e+01  3.6629037451872584e+01  3.8588547427371360e+01  3.9851536576828835e+01  4.0596961848092398e+01  4.0965362268113402e+01  4.1053272663633180e+01  4.0940665033251655e+01  4.0700357017850891e+01  4.0392523626181301e+01  4.0055190759537972e+01  3.9703549177458868e+01  3.9334266713335658e+01  3.8923822191109551e+01  3.8422625131256559e+01  3.7752271613580675e+01  3.6812404620231007e+01  3.5498844942247104e+01  3.3729366468323406e+01  3.1464375218760935e+01  2.8707732586629326e+01  2.5492250612530622e+01  2.1888649632481624e+01  1.8054002100105002e+01  1.4280539026951345e+01
  -2.0000000000000000e-03  1.9239635981799086e+01  2.4501960098004897e+01  2.9792078403920193e+01  3.4689324466223304e+01  3.8999187959397965e+01  4.2654280714035693e+01  4.5625299264963239e+01  4.7913811690584524e+01  4.9582051102555120e+01  5.0752719635981791e+01  5.1575862793139649e+01  5.2191529576478814e+01  5.2705271263563169e+01  5.3180889044452215e+01  5.3646608330416512e+01  5.4106545327266353e+01  5.4543255162758129e+01  5.4908225411270557e+01  5.5121190059502965e+01  5.5083948197409867e+01  5.4697318865943288e+01  5.3844088204410212e+01  5.2339712985649278e+01  4.9915561778088900e+01  4.6304571228561421e+01  4.1400406020301013e+01  3.5431025551277557e+01  2.9068616030801536e+01  2.3365230661533072e+01  1.9429814490724535e+01  1.8036537626881341e+01  1.9429873293664681e+01  2.3365279663983195e+01  2.9068596429821490e+01  3.5430927546377312e+01  4.1400308015400761e+01  4.6304473223661184e+01  4.9915561778088900e+01  5.2339712985649278e+01  5.3843402170108504e+01  5.4697416870843533e+01  5.5083948197409867e+01  5.5121288064403217e+01  5.4908225411270557e+01  5.4543353167658374e+01  5.4106643332166605e+01  5.3646706335316757e+01  5.3180889044452215e+01  5.2705271263563169e+01  5.2191431571578576e+01  5.1575862793139649e+01  5.0752817640882036e+01  4.9582051102555120e+01  4.7913811690584524e+01  4.5625299264963239e+01  4.2654280714035693e+01  3.8999187959397965e+01  3.4689324466223304e+01  2.9792078403920193e+01  2.4501989499474970e+01  1.9239655582779136e+01
  -2.5000000000000001e-03  2.4379061953097654e+01  3.1362156107805387e+01  3.8272383619180950e+01  4.4534700735036743e+01  4.9943591179558972e+01  5.4467105355267755e+01  5.8094070703535166e+01  6.0833797689884491e+01  6.2778802940146996e+01  6.4105397269863488e+01  6.5018508925446270e+01  6.5703367168358398e+01  6.6293062653132651e+01  6.6861687084354216e+01  6.7439033951697567e+01  6.8029121456072801e+01  6.8615484774238695e+01  6.9143045152257613e+01  6.9509191459572975e+01  6.9588967448372415e+01  6.9268883444172204e+01  6.8428785439271948e+01  6.6843850192509620e+01  6.4143815190759540e+01  5.9909905495274757e+01  5.3916709835491766e+01  4.6381995099754981e+01  3.8143899194959744e+01  3.0640585229261461e+01  2.5451656982849141e+01  2.3615505775288764e+01  2.5451754987749386e+01  3.0640683234161706e+01  3.8143899194959744e+01  4.6381897094854736e+01  5.3916611830591528e+01  5.9909807490374511e+01  6.4143815190759540e+01  6.6843850192509620e+01  6.8428785439271948e+01  6.9268981449072456e+01  6.9588869443472163e+01  6.9509681484074193e+01  6.9143045152257613e+01  6.8615484774238695e+01  6.8029219460973039e+01  6.7439033951697567e+01  6.6861883094154692e+01  6.6293160658032903e+01  6.5703465173258650e+01  6.5018508925446270e+01  6.4105397269863488e+01  6.2778802940146996e+01  6.0833797689884491e+01  5.8094070703535166e+01  5.4467105355267755e+01  4.9943493174658727e+01  4.4534700735036743e+01  3.8272481624081202e+01  3.1362156107805387e+01  2.4379071753587677e+01
  -3.0000000000000001e-03  2.9757521876093801e+01  3.8803570178508920e+01  4.7554721736086798e+01  5.5255750787539370e+01  6.1745733286664326e+01  6.7084452222611134e+01  7.1295526776338804e+01  7.4392089604480205e+01  7.6507819390969530e+01  7.7890864543227153e+01  7.8813580679033947e+01  7.9511571578578923e+01  8.0144291214560724e+01  8.0791809590479502e+01  8.1477255862793143e+01  8.2203864193209654e+01  8.2964676233811673e+01  8.3701771088554409e+01  8.4288918445922292e+01  8.4564018200910027e+01  8.4410738536926829e+01  8.3730682534126686e+01  8.2280798039901981e+01  7.9562142107105345e+01  7.4942583129156446e+01  6.8001974098704935e+01  5.8886636331816582e+01  4.8574658732936641e+01  3.8994483724186203e+01  3.2365334266713333e+01  3.0043196359817987e+01  3.2365530276513823e+01  3.8994581729086455e+01  4.8574658732936641e+01  5.8886440322016092e+01  6.8001778088904430e+01  7.4942387119355956e+01  7.9562044102205107e+01  8.2280798039901981e+01  8.3730780539026938e+01  8.4410640532026591e+01  8.4564018200910027e+01  8.4288918445922292e+01  8.3701771088554409e+01  8.2964676233811673e+01  8.2203864193209654e+01  8.1477255862793143e+01  8.0791711585579279e+01  8.0144291214560724e+01  7.9511571578578923e+01  7.8813580679033947e+01  7.7890864543227153e+01  7.6507819390969530e+01  7.4392089604480205e+01  7.1295526776338804e+01  6.7084452222611134e+01  6.1745733286664326e+01  5.5255750787539370e+01  4.7554721736086798e+01  3.8803570178508920e+01  2.9757541477073850e+01
  -3.5000000000000001e-03  3.5447980399019947e+01  4.7058522926146303e+01  5.7935596779838988e+01  6.7129926496324799e+01  7.4637787889394460e+01  8.0702331116555825e+01  8.5399313965698269e+01  8.8725306265313250e+01  9.0871025551277555e+01  9.2184193209660478e+01  9.3016352817640865e+01  9.3661421071053539e+01  9.4300707035351749e+01  9.5013594679733970e+01  9.5804004200210002e+01  9.6671053552677620e+01  9.7631109555477764e+01  9.8633405670283508e+01  9.9523388169408463e+01  1.0008534826741335e+02  1.0020373818690933e+02  9.9857486874343707e+01  9.8817262863143156e+01  9.6428491424571206e+01  9.1757871893594668e+01  8.4095946797339863e+01  7.3433013650682526e+01  6.0810864543227154e+01  4.8769198459922990e+01  4.0495526776338806e+01  3.7669359467973393e+01  4.0495820791039549e+01  4.8769492474623732e+01  6.0810864543227154e+01  7.3433797689884486e+01  8.4095750787539359e+01  9.1757675883794178e+01  9.6428491424571206e+01  9.8817360868043380e+01  9.9857584879243944e+01  1.0020364018200908e+02  1.0008534826741335e+02  9.9523486174308701e+01  9.8633503675183746e+01  9.7631109555477764e+01  9.6671053552677620e+01  9.5803906195309750e+01  9.5013594679733970e+01  9.4300805040252001e+01  9.3661421071053539e+01  9.3016450822541117e+01  9.2184193209660478e+01  9.0871025551277555e+01  8.8725502275113740e+01  8.5399215960798031e+01  8.0702331116555825e+01  7.4637689884494222e+01  6.7129926496324799e+01  5.7935792789639478e+01  4.7058522926146303e+01  3.5447980399019947e+01
  -4.0000000000000001e-03  4.1547119355967794e+01  5.6466209310465516e+01  6.9818984949247465e+01  8.0502303115155740e+01  8.8880350017500859e+01  9.5529982499124941e+01  1.0058811340567027e+02  1.0397379068953447e+02  1.0596358417920895e+02  1.0705183059152957e+02  1.0767269163458171e+02  1.0819015750787538e+02  1.0879857192859642e+02  1.0956791039551976e+02  1.1046122506125306e+02  1.1146401120056001e+02  1.1264644032201609e+02  1.1397715085754285e+02  1.1527385369268463e+02  1.1622489324466223e+02  1.1671031151557577e+02  1.1688534826741335e+02  1.1659319565978298e+02  1.1500561428071403e+02  1.1074739936996849e+02  1.0270354917745887e+02  9.0628169408470413e+01  7.5420063003150148e+01  6.0379446972348610e+01  5.0272299614980739e+01  4.7020497024851238e+01  5.0272789639481964e+01  6.0379838991949590e+01  7.5419964998249895e+01  9.0626797339866982e+01  1.0270315715785787e+02  1.1074720336016800e+02  1.1500571228561427e+02  1.1659290164508224e+02  1.1688534826741335e+02  1.1671021351067552e+02  1.1622459922996148e+02  1.1527365768288414e+02  1.1397695484774238e+02  1.1264673433671682e+02  1.1146420721036050e+02  1.1046142107105354e+02  1.0956781239061951e+02  1.0879857192859642e+02  1.0819015750787538e+02  1.0767249562478123e+02  1.0705163458172908e+02  1.0596358417920895e+02  1.0397379068953447e+02  1.0058801540077003e+02  9.5529982499124941e+01  8.8880448022401112e+01  8.0502205110255503e+01  6.9818984949247465e+01  5.6466209310465516e+01  4.1547413370668529e+01
  -4.4999999999999997e-03  4.8198025901295061e+01  6.7546055302765126e+01  8.3769100455022738e+01  9.5804102205110254e+01  1.0475929996499825e+02  1.1178331116555826e+02  1.1706361918095904e+02  1.2027866993349666e+02  1.2186850542527125e+02  1.2255071753587679e+02  1.2281307665383267e+02  1.2312688834441720e+02  1.2366601330066501e+02  1.2449346867343365e+02  1.2549498074903744e+02  1.2660831641582077e+02  1.2803379768988447e+02  1.2975750787539374e+02  1.3159725586279311e+02  1.3305282464123206e+02  1.3396231011550577e+02  1.3484611830591527e+02  1.3570993349667481e+02  1.3555087154357719e+02  1.3234385719285964e+02  1.2439957997899894e+02  1.1124546027301363e+02  9.3176786839341958e+01  7.4299082954147693e+01  6.2284368218410918e+01  5.8977878893944691e+01  6.2285250262513117e+01  7.4299768988449401e+01  9.3177864893244660e+01  1.1124477423871193e+02  1.2439908995449771e+02  1.3234385719285964e+02  1.3555087154357719e+02  1.3571003150157506e+02  1.3484621631081552e+02  1.3396231011550577e+02  1.3305282464123206e+02  1.3159754987749386e+02  1.2975750787539374e+02  1.2803360168008396e+02  1.2660831641582077e+02  1.2549498074903744e+02  1.2449346867343365e+02  1.2366601330066501e+02  1.2312669233461672e+02  1.2281307665383267e+02  1.2255042352117604e+02  1.2186870143507173e+02  1.2027915995799789e+02  1.1706361918095904e+02  1.1178331116555826e+02  1.0475929996499825e+02  9.5803906195309750e+01  8.3769100455022738e+01  6.7546055302765126e+01  4.8198123906195299e+01
  -5.0000000000000001e-03  5.5637185859292956e+01  8.1131788589429462e+01  1.0058683934196709e+02  1.1357474273713683e+02  1.2257463073153657e+02  1.2967067553377666e+02  1.3506280714035699e+02  1.3778283514175709e+02  1.3864478823941195e+02  1.3873250262513125e+02  1.3844623031151556e+02  1.3849542877143855e+02  1.3892037801890092e+02  1.3983250962548126e+02  1.4096574028701431e+02  1.4211514175708783e+02  1.4380474623731186e+02  1.4597418270913542e+02  1.4855357367868390e+02  1.5066322716135804e+02  1.5194816940847042e+02  1.5371764788239412e+02  1.5620275813790687e+02  1.5832329016450822e+02  1.5702678333916694e+02  1.4978578928946447e+02  1.3628296814840741e+02  1.1519691984599228e+02  9.1005488274413707e+01  7.7330374518725932e+01  7.5121834091704571e+01  7.7331942597129839e+01  9.1006664333216648e+01  1.1519662583129156e+02  1.3628189009450469e+02  1.4978480924046201e+02  1.5702688134406719e+02  1.5832329016450822e+02  1.5620315015750788e+02  1.5371833391669583e+02  1.5194816940847042e+02  1.5066322716135804e+02  1.4855386769338466e+02  1.4597418270913542e+02  1.4380504025201256e+02  1.4211514175708783e+02  1.4096593629681482e+02  1.3983250962548126e+02  1.3892037801890092e+02  1.3849523276163808e+02  1.3844623031151556e+02  1.3873250262513125e+02  1.3864478823941195e+02  1.3778263913195659e+02  1.3506280714035699e+02  1.2967057752887644e+02  1.2257453272663632e+02  1.1357474273713683e+02  1.0058674133706684e+02  8.1131886594329714e+01  5.5637185859292956e+01
# Longitudinally Integrated Squared Transverse Magnetic Field [T2m]
START
                          -2.9999999999999999e-02 -2.9000000000000001e-02 -2.8000000000000001e-02 -2.7000000000000000e-02 -2.5999999999999999e-02 -2.5000000000000001e-02 -2.4000000000000000e-02 -2.3000000000000000e-02 -2.1999999999999999e-02 -2.1000000000000001e-02 -2.0000000000000000e-02 -1.9000000000000000e-02 -1.7999999999999999e-02 -1.7000000000000001e-02 -1.6000000000000000e-02 -1.4999999999999999e-02 -1.4000000000000000e-02 -1.2999999999999999e-02 -1.2000000000000000e-02 -1.0999999999999999e-02 -1.0000000000000000e-02 -8.9999999999999993e-03 -8.0000000000000002e-03 -7.0000000000000001e-03 -6.0000000000000001e-03 -5.0000000000000001e-03 -4.0000000000000001e-03 -3.0000000000000001e-03 -2.0000000000000000e-03 -1.0000000000000000e-03  0.0000000000000000e+00  1.0000000000000000e-03  2.0000000000000000e-03  3.0000000000000001e-03  4.0000000000000001e-03  5.0000000000000001e-03  6.0000000000000001e-03  7.0000000000000001e-03  8.0000000000000002e-03  8.9999999999999993e-03  1.0000000000000000e-02  1.0999999999999999e-02  1.2000000000000000e-02  1.2999999999999999e-02  1.4000000000000000e-02  1.4999999999999999e-02  1.6000000000000000e-02  1.7000000000000001e-02  1.7999999999999999e-02  1.9000000000000000e-02  2.0000000000000000e-02  2.1000000000000001e-02  2.1999999999999999e-02  2.3000000000000000e-02  2.4000000000000000e-02  2.5000000000000001e-02  2.5999999999999999e-02  2.7000000000000000e-02  2.8000000000000001e-02  2.9000000000000001e-02  2.9999999999999999e-02
   5.0000000000000001e-03  2.3061601680084001e-01  2.3324774238711934e-01  2.3030534126706331e-01  2.2279267763388166e-01  2.1278578928946443e-01  2.0241775288764438e-01  1.9334926146307313e-01  1.8670188309415467e-01  1.8317115855792787e-01  1.8317017850892545e-01  1.8695934196709832e-01  1.9473436471823588e-01  2.0667263563178156e-01  2.2295389569478472e-01  2.4377072453622678e-01  2.6934088904445219e-01  2.9992498424921243e-01  3.3585593279663983e-01  3.7755701785089252e-01  4.2550689534476721e-01  4.8012404620231008e-01  5.4166524326216303e-01  6.1017360868043391e-01  6.8545019250962547e-01  7.6692656632831635e-01  8.5332082604130199e-01  9.4194861743087144e-01  1.0277097654882743e+00  1.1022219110955547e+00  1.1542615330766537e+00  1.1731294364718234e+00  1.1542615330766537e+00  1.1022219110955547e+00  1.0277097654882743e+00  9.4194861743087144e-01  8.5332082604130199e-01  7.6692656632831635e-01  6.8545019250962547e-01  6.1017360868043391e-01  5.4166524326216303e-01  4.8012404620231008e-01  4.2550689534476721e-01  3.7755701785089252e-01  3.3585593279663983e-01  2.9992498424921243e-01  2.6934088904445219e-01  2.4377082254112703e-01  2.2295389569478472e-01  2.0667263563178156e-01  1.9473426671333563e-01  1.8695934196709832e-01  1.8317017850892545e-01  1.8317115855792787e-01  1.8670188309415467e-01  1.9334926146307313e-01  2.0241775288764438e-01  2.1278578928946443e-01  2.2279267763388166e-01  2.3030534126706331e-01  2.3324774238711934e-01  2.3061601680084001e-01
   4.4999999999999997e-03  2.0274322716135806e-01  2.0148523626181306e-01  1.9591728386419319e-01  1.8701510675533775e-01  1.7644802240112004e-01  1.6593876093804688e-01  1.5688379418970949e-01  1.5027218760938046e-01  1.4675312565628279e-01  1.4674146307315364e-01  1.5051582779138956e-01  1.5828722436121803e-01  1.7024078403920195e-01  1.8655840392019599e-01  2.0743129156457821e-01  2.3307162758137906e-01  2.6372520826041296e-01  2.9968722436121803e-01  3.4130598529926492e-01  3.8894910745537276e-01  4.4291942597129852e-01  5.0336296814840742e-01  5.7018760938046886e-01  6.4298368918445914e-01  7.2086230311515564e-01  8.0214168708435407e-01  8.8381603080154003e-01  9.6091354567728371e-01  1.0261387469373469e+00  1.0706270913545677e+00  1.0865293664683233e+00  1.0706270913545677e+00  1.0261387469373469e+00  9.6091354567728371e-01  8.8381603080154003e-01  8.0214070703535167e-01  7.2086230311515564e-01  6.4298368918445914e-01  5.7018760938046886e-01  5.0336296814840742e-01  4.4291942597129852e-01  3.8894910745537276e-01  3.4130598529926492e-01  2.9968722436121803e-01  2.6372520826041296e-01  2.3307162758137906e-01  2.0743138956947846e-01  1.8655840392019599e-01  1.7024078403920195e-01  1.5828722436121803e-01  1.5051582779138956e-01  1.4674146307315364e-01  1.4675312565628279e-01  1.5027218760938046e-01  1.5688379418970949e-01  1.6593876093804688e-01  1.7644792439621979e-01  1.8701510675533775e-01  1.9591728386419319e-01  2.0148523626181306e-01  2.0274312915645781e-01
   4.0000000000000001e-03  1.7910023101155056e-01  1.7479487574378716e-01  1.6702730136506824e-01  1.5677157857892893e-01  1.4546298914945746e-01  1.3456504025201257e-01  1.2529191459572978e-01  1.1853281064053202e-01  1.1489535876793838e-01  1.1478559327966396e-01  1.1848586629331466e-01  1.2621188659432972e-01  1.3815054952747635e-01  1.5448169408470422e-01  1.7539231361568078e-01  2.0108635631781585e-01  2.3179364368218408e-01  2.6777614280714035e-01  3.0932345817290863e-01  3.5671823591179558e-01  4.1016814840742033e-01  4.6971494574728734e-01  5.3514007700385013e-01  6.0585747287364367e-01  6.8073517675883788e-01  7.5782485124256205e-01  8.3396877843892181e-01  9.0441764088204402e-01  9.6278543927196347e-01  1.0018854742737135e+00  1.0157129856492824e+00  1.0018854742737135e+00  9.6278543927196347e-01  9.0441764088204402e-01  8.3396877843892181e-01  7.5782485124256205e-01  6.8073517675883788e-01  6.0585747287364367e-01  5.3514007700385013e-01  4.6971494574728734e-01  4.1016814840742033e-01  3.5671823591179558e-01  3.0932345817290863e-01  2.6777614280714035e-01  2.3179364368218408e-01  2.0108635631781585e-01  1.7539231361568078e-01  1.5448169408470422e-01  1.3815054952747635e-01  1.2621188659432972e-01  1.1848586629331466e-01  1.1478559327966396e-01  1.1489535876793838e-01  1.1853281064053202e-01  1.2529191459572978e-01  1.3456504025201257e-01  1.4546298914945746e-01  1.5677157857892893e-01  1.6702730136506824e-01  1.7479487574378716e-01  1.7910023101155056e-01
   3.5000000000000001e-03  1.5916544627231360e-01  1.5245142457122854e-01  1.4285782289114454e-01  1.3136184809240459e-01  1.1925990899544975e-01  1.0785145257262863e-01  9.8228449422471109e-02  9.1209534476723836e-02  8.7369016450822526e-02  8.7101267063353166e-02  9.0685404270213502e-02  9.8335862793139647e-02  1.1023669583479173e-01  1.2656343017150856e-01  1.4749678683934195e-01  1.7323150157507874e-01  2.0398161708085399e-01  2.3998087504375215e-01  2.8147193559677980e-01  3.2867119355967794e-01  3.8170654532726633e-01  4.4052810640532020e-01  5.0480560028001398e-01  5.7380399019950989e-01  6.4621491074553716e-01  7.1991361568078394e-01  7.9168848442422113e-01  8.5703423171158544e-01  9.1030087504375212e-01  9.4549639481974090e-01  9.5784403220160996e-01  9.4549639481974090e-01  9.1030087504375212e-01  8.5703423171158544e-01  7.9168848442422113e-01  7.1991361568078394e-01  6.4621491074553716e-01  5.7380399019950989e-01  5.0480560028001398e-01  4.4052810640532020e-01  3.8170654532726633e-01  3.2867119355967794e-01  2.8147193559677980e-01  2.3998087504375215e-01  2.0398161708085399e-01  1.7323150157507874e-01  1.4749678683934195e-01  1.2656343017150856e-01  1.1023669583479173e-01  9.8335862793139647e-02  9.0685404270213502e-02  8.7101267063353166e-02  8.7369016450822526e-02  9.1209534476723836e-02  9.8228449422471109e-02  1.0785145257262863e-01  1.1925990899544975e-01  1.3136184809240459e-01  1.4285782289114454e-01  1.5245142457122854e-01  1.5916544627231360e-01
   3.0000000000000001e-03  1.4253920896044803e-01  1.3391879593979697e-01  1.2282581729086453e-01  1.1023992999649981e-01  9.7371788589429464e-02  8.5416562828141390e-02  7.5386251312565614e-02  6.8051662583129141e-02  6.3962996149807494e-02  6.3503745187259361e-02  6.6947343367168358e-02  7.4503717185859283e-02  8.6351823591179544e-02  1.0266150507525375e-01  1.2360623031151556e-01  1.4937122856142804e-01  1.8015623381169057e-01  2.1617136856842839e-01  2.5762175708785434e-01  3.0467155757787884e-01  3.5738172908645427e-01  4.1562408120406014e-01  4.7897248862443120e-01  5.4657528876443817e-01  6.1698788939446969e-01  6.8797675883794185e-01  7.5632635631781586e-01  8.1776954847742378e-01  8.6722576128806428e-01  8.9956345817290861e-01  9.1084186209310458e-01  8.9956345817290861e-01  8.6722576128806428e-01  8.1776954847742378e-01  7.5632635631781586e-01  6.8797675883794185e-01  6.1698788939446969e-01  5.4657528876443817e-01  4.7897248862443120e-01  4.1562408120406014e-01  3.5738172908645427e-01  3.0467155757787884e-01  2.5762175708785434e-01  2.1617136856842839e-01  1.8015623381169057e-01  1.4937122856142804e-01  1.2360623031151556e-01  1.0266150507525375e-01  8.6351823591179544e-02  7.4503717185859283e-02  6.6947343367168358e-02  6.3503745187259361e-02  6.3962996149807494e-02  6.8051662583129141e-02  7.5386251312565614e-02  8.5416562828141390e-02  9.7371788589429464e-02  1.1023992999649981e-01  1.2282581729086453e-01  1.3391879593979697e-01  1.4253920896044803e-01
   2.5000000000000001e-03  1.2891368568428418e-01  1.1879516975848792e-01  1.0649104655232761e-01  9.2981169058452912e-02  7.9421505075253751e-02  6.6940777038851942e-02  5.6499530976548820e-02  4.8837409870493516e-02  4.4488442422121098e-02  4.3827693384669228e-02  4.7122716135806784e-02  5.4577850892544619e-02  6.6366370318515916e-02  8.2651256562828138e-02  1.0359931396569828e-01  1.2938675533776686e-01  1.6020057402870141e-01  1.9623148757437869e-01  2.3765482674133703e-01  2.8459290164508222e-01  3.3705257262863136e-01  3.9484116205810282e-01  4.5745355267763382e-01  5.2394301715085745e-01  5.9276891844592228e-01  6.6162618130906536e-01  7.2732572628631420e-01  7.8580329016450812e-01  8.3242128106405311e-01  8.6266559327966386e-01  8.7316583829191452e-01  8.6266559327966386e-01  8.3242128106405311e-01  7.8580329016450812e-01  7.2732572628631420e-01  6.6162618130906536e-01  5.9276891844592228e-01  5.2394301715085745e-01  4.5745355267763382e-01  3.9484116205810282e-01  3.3705257262863136e-01  2.8459290164508222e-01  2.3765482674133703e-01  1.9623148757437869e-01  1.6020057402870141e-01  1.2938675533776686e-01  1.0359931396569828e-01  8.2651256562828138e-02  6.6366370318515916e-02  5.4577850892544619e-02  4.7122716135806784e-02  4.3827693384669228e-02  4.4488442422121098e-02  4.8837409870493516e-02  5.6499530976548820e-02  6.6940777038851942e-02  7.9421505075253751e-02  9.2981169058452912e-02  1.0649104655232761e-01  1.1879516975848792e-01  1.2891368568428418e-01
   2.0000000000000000e-03  1.1805209660483022e-01  1.0677839691984597e-01  9.3520686034301706e-02  7.9257738886944346e-02  6.5109849492474614e-02  5.2163010150507519e-02  4.1345131256562827e-02  3.3376842842142103e-02  2.8782098704935245e-02  2.7929828491424568e-02  3.1082842142107100e-02  3.8440070003500172e-02  5.0168904445222255e-02  6.6426545327266356e-02  8.7372838641932085e-02  1.1317645082254112e-01  1.4401379068953446e-01  1.8005989499474973e-01  2.2146696534826738e-01  2.6832438221911092e-01  3.2059656982849138e-01  3.7803822191109554e-01  4.4008120406020296e-01  5.0570822541127047e-01  5.7330514525726284e-01  6.4052670633531672e-01  7.0421715085754277e-01  7.6048078403920194e-01  8.0500931046552326e-01  8.3373062653132646e-01  8.4367028351417561e-01  8.3373062653132646e-01  8.0500931046552326e-01  7.6048078403920194e-01  7.0421715085754277e-01  6.4052670633531672e-01  5.7330514525726284e-01  5.0570822541127047e-01  4.4008120406020296e-01  3.7803822191109554e-01  3.2059656982849138e-01  2.6832438221911092e-01  2.2146696534826738e-01  1.8005989499474973e-01  1.4401379068953446e-01  1.1317645082254112e-01  8.7372838641932085e-02  6.6426545327266356e-02  5.0168904445222255e-02  3.8440070003500172e-02  3.1082842142107100e-02  2.7929838291914592e-02  2.8782098704935245e-02  3.3376842842142103e-02  4.1345131256562827e-02  5.2163010150507519e-02  6.5109849492474614e-02  7.9257738886944346e-02  9.3520686034301706e-02  1.0677839691984597e-01  1.1805209660483022e-01
   1.5000000000000000e-03  1.0977548477423871e-01  9.7643360168008383e-02  8.3666391319565978e-02  6.8821295064753235e-02  5.4204746237311863e-02  4.0875883794189709e-02  2.9742576128806437e-02  2.1513986699334964e-02  1.6708306615330765e-02  1.5690809940497024e-02  1.8720494224711236e-02  2.5991997199859989e-02  3.7667693384669229e-02  5.3899362968148401e-02  7.4841540077003846e-02  1.0065642282114105e-01  1.3151228561428069e-01  1.6757211060553026e-01  2.0897036051802589e-01  2.5577201260062998e-01  3.0790944347217358e-01  3.6509667483374164e-01  4.2671823591179553e-01  4.9170234511725586e-01  5.5838781939096949e-01  6.2440294014700726e-01  6.8662527126356310e-01  7.4128848442422113e-01  7.8432439621981087e-01  8.1196765838291907e-01  8.2151137556877829e-01  8.1196765838291907e-01  7.8432439621981087e-01  7.4128848442422113e-01  6.8662527126356310e-01  6.2440294014700726e-01  5.5838781939096949e-01  4.9170234511725586e-01  4.2671823591179553e-01  3.6509667483374164e-01  3.0790954147707383e-01  2.5577201260062998e-01  2.0897036051802589e-01  1.6757201260063001e-01  1.3151228561428069e-01  1.0065642282114105e-01  7.4841540077003846e-02  5.3899362968148401e-02  3.7667693384669229e-02  2.5991987399369965e-02  1.8720494224711236e-02  1.5690809940497024e-02  1.6708306615330765e-02  2.1513986699334964e-02  2.9742576128806437e-02  4.0875883794189709e-02  5.4204746237311863e-02  6.8821295064753235e-02  8.3666391319565978e-02  9.7643360168008383e-02  1.0977548477423871e-01
   1.0000000000000000e-03  1.0395242562128106e-01  9.1227469373468664e-02  7.6748323416170799e-02  6.1489744487224357e-02  4.6533706685334263e-02  3.2922884144207208e-02  2.1553041652082602e-02  1.3127256562828140e-02  8.1606916345817286e-03  7.0165432271613575e-03  9.9512901645082245e-03  1.7156336016800840e-02  2.8790252712635630e-02  4.5001008050402518e-02  6.5938676933846682e-02  9.1761008050402507e-02  1.2263019950997549e-01  1.5870080504025200e-01  2.0009513475673782e-01  2.4686062303115153e-01  2.9890759537976896e-01  3.5592145607280362e-01  4.1725292264613223e-01  4.8179502975148752e-01  5.4785229261463064e-01  6.1303927196359820e-01  6.7426195309765480e-01  7.2784417220861031e-01  7.6987945397269852e-01  7.9680336016800823e-01  8.0608442422121096e-01  7.9680336016800823e-01  7.6987945397269852e-01  7.2784417220861031e-01  6.7426195309765480e-01  6.1303927196359820e-01  5.4785229261463064e-01  4.8179502975148752e-01  4.1725292264613223e-01  3.5592145607280362e-01  2.9890759537976896e-01  2.4686062303115153e-01  2.0009513475673782e-01  1.5870080504025200e-01  1.2263019950997549e-01  9.1761008050402507e-02  6.5938676933846682e-02  4.5000910045502267e-02  2.8790252712635630e-02  1.7156336016800840e-02  9.9512901645082245e-03  7.0165432271613575e-03  8.1606916345817286e-03  1.3127256562828140e-02  2.1553041652082602e-02  3.2922884144207208e-02  4.6533706685334263e-02  6.1489744487224357e-02  7.6748323416170799e-02  9.1227469373468664e-02  1.0395242562128106e-01
   5.0000000000000001e-04  1.0049344067203358e-01  8.7420469023451172e-02  7.2644564228211403e-02  5.7139012950647522e-02  4.1977654882744131e-02  2.8194186909345467e-02  1.6678307315365768e-02  8.1298788939446961e-03  3.0627991599579975e-03  1.8392511025551274e-03  4.7142905145257262e-03  1.1877351067553377e-02  2.3484708435421768e-02  3.9681792089604477e-02  6.0616226811340559e-02  8.6442772138606919e-02  1.1731999999999999e-01  1.5339766188309414e-01  1.9479042352117604e-01  2.4153591879593977e-01  2.9353094854742734e-01  3.5044396219810986e-01  4.1160588029401463e-01  4.7588925446272307e-01  5.4157899894994743e-01  6.0628281414070695e-01  6.6692432621631070e-01  7.1988127406370306e-01  7.6134028701435053e-01  7.8785257262863140e-01  7.9698466923346156e-01  7.8785257262863140e-01  7.6134028701435053e-01  7.1988127406370306e-01  6.6692432621631070e-01  6.0628281414070695e-01  5.4157899894994743e-01  4.7588925446272307e-01  4.1160588029401463e-01  3.5044396219810986e-01  2.9353094854742734e-01  2.4153591879593977e-01  1.9479042352117604e-01  1.5339766188309414e-01  1.1731999999999999e-01  8.6442772138606919e-02  6.0616226811340559e-02  3.9681792089604477e-02  2.3484708435421768e-02  1.1877351067553377e-02  4.7142905145257262e-03  1.8392511025551274e-03  3.0628001400070000e-03  8.1298886944347198e-03  1.6678307315365768e-02  2.8194186909345467e-02  4.1977654882744131e-02  5.7139012950647522e-02  7.2644564228211403e-02  8.7420469023451172e-02  1.0049334266713333e-01
   0.0000000000000000e+00  9.9346097304865225e-02  8.6158361918095894e-02  7.1284354217710871e-02  5.5696674833741681e-02  4.0466713335666780e-02  2.6625118655932794e-02  1.5059873993699683e-02  6.4698718935946795e-03  1.3686227511375566e-03  1.1804141407070352e-04  2.9727257962898139e-03  1.0121446272313614e-02  2.1719689184459219e-02  3.7912019600980042e-02  5.8845278263913184e-02  8.4673195659782971e-02  1.1555316765838290e-01  1.5163318165908293e-01  1.9302564928246410e-01  2.3976477423871190e-01  2.9174275113755682e-01  3.4862205110255512e-01  4.0972908645432266e-01  4.7392719635981789e-01  5.3949541477073848e-01  6.0404144207210353e-01  6.6449184459222954e-01  7.1724396219810982e-01  7.5851480574028685e-01  7.8489380469023440e-01  7.9397591879593976e-01  7.8489380469023440e-01  7.5851480574028685e-01  7.1724396219810982e-01  6.6449184459222954e-01  6.0404144207210353e-01  5.3949541477073848e-01  4.7392719635981789e-01  4.0972908645432266e-01  3.4862205110255512e-01  2.9174275113755682e-01  2.3976477423871190e-01  1.9302564928246410e-01  1.5163318165908293e-01  1.1555316765838290e-01  8.4673195659782971e-02  5.8845278263913184e-02  3.7912019600980042e-02  2.1719689184459219e-02  1.0121446272313614e-02  2.9727248162408114e-03  1.1804131606580327e-04  1.3686227511375566e-03  6.4698718935946795e-03  1.5059873993699683e-02  2.6625118655932794e-02  4.0466713335666780e-02  5.5696674833741681e-02  7.1284354217710871e-02  8.6158361918095894e-02  9.9346097304865225e-02
  -5.0000000000000001e-04  1.0049344067203358e-01  8.7420469023451172e-02  7.2644564228211403e-02  5.7139012950647522e-02  4.1977654882744131e-02  2.8194186909345467e-02  1.6678307315365768e-02  8.1298788939446961e-03  3.0627991599579975e-03  1.8392511025551274e-03  4.7142905145257262e-03  1.1877351067553377e-02  2.3484708435421768e-02  3.9681792089604477e-02  6.0616226811340559e-02  8.6442772138606919e-02  1.1731999999999999e-01  1.5339766188309414e-01  1.9479042352117604e-01  2.4153591879593977e-01  2.9353094854742734e-01  3.5044396219810986e-01  4.1160588029401463e-01  4.7588925446272307e-01  5.4157899894994743e-01  6.0628281414070695e-01  6.6692432621631070e-01  7.1988127406370306e-01  7.6134028701435053e-01  7.8785257262863140e-01  7.9698466923346156e-01  7.8785257262863140e-01  7.6134028701435053e-01  7.1988127406370306e-01  6.6692432621631070e-01  6.0628281414070695e-01  5.4157899894994743e-01  4.7588925446272307e-01  4.1160588029401463e-01  3.5044396219810986e-01  2.9353094854742734e-01  2.4153591879593977e-01  1.9479042352117604e-01  1.5339766188309414e-01  1.1731999999999999e-01  8.6442772138606919e-02  6.0616226811340559e-02  3.9681792089604477e-02  2.3484708435421768e-02  1.1877351067553377e-02  4.7142905145257262e-03  1.8392501225061250e-03  3.0627991599579975e-03  8.1298886944347198e-03  1.6678307315365768e-02  2.8194186909345467e-02  4.1977654882744131e-02  5.7139012950647522e-02  7.2644564228211403e-02  8.7420469023451172e-02  1.0049334266713333e-01
  -1.0000000000000000e-03  1.0395242562128106e-01  9.1227469373468664e-02  7.6748323416170799e-02  6.1489744487224357e-02  4.6533706685334263e-02  3.2922884144207208e-02  2.1553041652082602e-02  1.3127256562828140e-02  8.1606916345817286e-03  7.0165432271613575e-03  9.9512901645082245e-03  1.7156336016800840e-02  2.8790252712635630e-02  4.5001008050402518e-02  6.5938676933846682e-02  9.1761008050402507e-02  1.2263019950997549e-01  1.5870080504025200e-01  2.0009513475673782e-01  2.4686062303115153e-01  2.9890759537976896e-01  3.5592145607280362e-01  4.1725292264613223e-01  4.8179502975148752e-01  5.4785229261463064e-01  6.1303927196359820e-01  6.7426195309765480e-01  7.2784417220861031e-01  7.6987945397269852e-01  7.9680336016800823e-01  8.0608442422121096e-01  7.9680336016800823e-01  7.6987945397269852e-01  7.2784417220861031e-01  6.7426195309765480e-01  6.1303927196359820e-01  5.4785229261463064e-01  4.8179502975148752e-01  4.1725292264613223e-01  3.5592145607280362e-01  2.9890759537976896e-01  2.4686062303115153e-01  2.0009513475673782e-01  1.5870080504025200e-01  1.2263019950997549e-01  9.1761008050402507e-02  6.5938676933846682e-02  4.5000910045502267e-02  2.8790252712635630e-02  1.7156326216310813e-02  9.9512901645082245e-03  7.0165432271613575e-03  8.1606916345817286e-03  1.3127256562828140e-02  2.1553041652082602e-02  3.2922884144207208e-02  4.6533706685334263e-02  6.1489744487224357e-02  7.6748323416170799e-02  9.1227469373468664e-02  1.0395242562128106e-01
  -1.5000000000000000e-03  1.0977548477423871e-01  9.7643360168008383e-02  8.3666391319565978e-02  6.8821295064753235e-02  5.4204746237311863e-02  4.0875883794189709e-02  2.9742576128806437e-02  2.1513986699334964e-02  1.6708306615330765e-02  1.5690809940497024e-02  1.8720494224711236e-02  2.5991997199859989e-02  3.7667693384669229e-02  5.3899362968148401e-02  7.4841540077003846e-02  1.0065642282114105e-01  1.3151228561428069e-01  1.6757211060553026e-01  2.0897036051802589e-01  2.5577201260062998e-01  3.0790954147707383e-01  3.6509667483374164e-01  4.2671823591179553e-01  4.9170234511725586e-01  5.5838781939096949e-01  6.2440294014700726e-01  6.8662527126356310e-01  7.4128848442422113e-01  7.8432439621981087e-01  8.1196765838291907e-01  8.2151137556877829e-01  8.1196765838291907e-01  7.8432439621981087e-01  7.4128848442422113e-01  6.8662527126356310e-01  6.2440294014700726e-01  5.5838781939096949e-01  4.9170234511725586e-01  4.2671823591179553e-01  3.6509667483374164e-01  3.0790944347217358e-01  2.5577201260062998e-01  2.0897036051802589e-01  1.6757201260063001e-01  1.3151228561428069e-01  1.0065642282114105e-01  7.4841540077003846e-02  5.3899362968148401e-02  3.7667693384669229e-02  2.5991987399369965e-02  1.8720494224711236e-02  1.5690809940497024e-02  1.6708306615330765e-02  2.1513986699334964e-02  2.9742576128806437e-02  4.0875883794189709e-02  5.4204746237311863e-02  6.8821197059852984e-02  8.3666391319565978e-02  9.7643360168008383e-02  1.0977548477423871e-01
  -2.0000000000000000e-03  1.1805209660483022e-01  1.0677839691984597e-01  9.3520686034301706e-02  7.9257738886944346e-02  6.5109849492474614e-02  5.2163010150507519e-02  4.1345131256562827e-02  3.3376842842142103e-02  2.8782098704935245e-02  2.7929838291914592e-02  3.1082842142107100e-02  3.8440070003500172e-02  5.0168904445222255e-02  6.6426545327266356e-02  8.7372838641932085e-02  1.1317645082254112e-01  1.4401379068953446e-01  1.8005989499474973e-01  2.2146696534826738e-01  2.6832438221911092e-01  3.2059656982849138e-01  3.7803822191109554e-01  4.4008120406020296e-01  5.0570822541127047e-01  5.7330514525726284e-01  6.4052670633531672e-01  7.0421715085754277e-01  7.6048078403920194e-01  8.0500931046552326e-01  8.3373062653132646e-01  8.4367028351417561e-01  8.3373062653132646e-01  8.0500931046552326e-01  7.6048078403920194e-01  7.0421715085754277e-01  6.4052670633531672e-01  5.7330514525726284e-01  5.0570822541127047e-01  4.4008120406020296e-01  3.7803822191109554e-01  3.2059656982849138e-01  2.6832438221911092e-01  2.2146696534826738e-01  1.8005989499474973e-01  1.4401379068953446e-01  1.1317645082254112e-01  8.7372838641932085e-02  6.6426545327266356e-02  5.0168904445222255e-02  3.8440070003500172e-02  3.1082842142107100e-02  2.7929828491424568e-02  2.8782098704935245e-02  3.3376842842142103e-02  4.1345131256562827e-02  5.2163010150507519e-02  6.5109849492474614e-02  7.9257738886944346e-02  9.3520686034301706e-02  1.0677839691984597e-01  1.1805209660483022e-01
  -2.5000000000000001e-03  1.2891368568428418e-01  1.1879516975848792e-01  1.0649104655232761e-01  9.2981169058452912e-02  7.9421505075253751e-02  6.6940777038851942e-02  5.6499530976548820e-02  4.8837409870493516e-02  4.4488442422121098e-02  4.3827693384669228e-02  4.7122716135806784e-02  5.4577850892544619e-02  6.6366370318515916e-02  8.2651256562828138e-02  1.0359931396569828e-01  1.2938675533776686e-01  1.6020057402870141e-01  1.9623148757437869e-01  2.3765482674133703e-01  2.8459290164508222e-01  3.3705257262863136e-01  3.9484116205810282e-01  4.5745355267763382e-01  5.2394301715085745e-01  5.9276891844592228e-01  6.6162618130906536e-01  7.2732572628631420e-01  7.8580329016450812e-01  8.3242128106405311e-01  8.6266559327966386e-01  8.7316583829191452e-01  8.6266559327966386e-01  8.3242128106405311e-01  7.8580329016450812e-01  7.2732572628631420e-01  6.6162618130906536e-01  5.9276891844592228e-01  5.2394301715085745e-01  4.5745355267763382e-01  3.9484116205810282e-01  3.3705257262863136e-01  2.8459290164508222e-01  2.3765482674133703e-01  1.9623148757437869e-01  1.6020057402870141e-01  1.2938675533776686e-01  1.0359931396569828e-01  8.2651256562828138e-02  6.6366370318515916e-02  5.4577850892544619e-02  4.7122716135806784e-02  4.3827693384669228e-02  4.4488442422121098e-02  4.8837409870493516e-02  5.6499530976548820e-02  6.6940777038851942e-02  7.9421505075253751e-02  9.2981169058452912e-02  1.0649104655232761e-01  1.1879516975848792e-01  1.2891368568428418e-01
  -3.0000000000000001e-03  1.4253920896044803e-01  1.3391879593979697e-01  1.2282581729086453e-01  1.1023992999649981e-01  9.7371788589429464e-02  8.5416562828141390e-02  7.5386251312565614e-02  6.8051662583129141e-02  6.3962996149807494e-02  6.3503745187259361e-02  6.6947343367168358e-02  7.4503717185859283e-02  8.6351823591179544e-02  1.0266150507525375e-01  1.2360623031151556e-01  1.4937122856142804e-01  1.8015623381169057e-01  2.1617136856842839e-01  2.5762175708785434e-01  3.0467155757787884e-01  3.5738172908645427e-01  4.1562408120406014e-01  4.7897248862443120e-01  5.4657528876443817e-01  6.1698788939446969e-01  6.8797675883794185e-01  7.5632635631781586e-01  8.1776954847742378e-01  8.6722576128806428e-01  8.9956345817290861e-01  9.1084186209310458e-01  8.9956345817290861e-01  8.6722576128806428e-01  8.1776954847742378e-01  7.5632635631781586e-01  6.8797675883794185e-01  6.1698788939446969e-01  5.4657528876443817e-01  4.7897248862443120e-01  4.1562408120406014e-01  3.5738172908645427e-01  3.0467155757787884e-01  2.5762175708785434e-01  2.1617136856842839e-01  1.8015623381169057e-01  1.4937122856142804e-01  1.2360623031151556e-01  1.0266150507525375e-01  8.6351823591179544e-02  7.4503717185859283e-02  6.6947343367168358e-02  6.3503745187259361e-02  6.3962996149807494e-02  6.8051662583129141e-02  7.5386251312565614e-02  8.5416562828141390e-02  9.7371788589429464e-02  1.1023992999649981e-01  1.2282581729086453e-01  1.3391879593979697e-01  1.4253920896044803e-01
  -3.5000000000000001e-03  1.5916544627231360e-01  1.5245142457122854e-01  1.4285782289114454e-01  1.3136184809240459e-01  1.1925990899544975e-01  1.0785145257262863e-01  9.8228449422471109e-02  9.1209534476723836e-02  8.7369016450822526e-02  8.7101267063353166e-02  9.0685404270213502e-02  9.8335862793139647e-02  1.1023669583479173e-01  1.2656343017150856e-01  1.4749678683934195e-01  1.7323150157507874e-01  2.0398161708085399e-01  2.3998087504375215e-01  2.8147193559677980e-01  3.2867119355967794e-01  3.8170654532726633e-01  4.4052810640532020e-01  5.0480560028001398e-01  5.7380399019950989e-01  6.4621491074553716e-01  7.1991361568078394e-01  7.9168848442422113e-01  8.5703423171158544e-01  9.1030087504375212e-01  9.4549639481974090e-01  9.5784403220160996e-01  9.4549639481974090e-01  9.1030087504375212e-01  8.5703423171158544e-01  7.9168848442422113e-01  7.1991361568078394e-01  6.4621491074553716e-01  5.7380399019950989e-01  5.0480560028001398e-01  4.4052810640532020e-01  3.8170654532726633e-01  3.2867119355967794e-01  2.8147193559677980e-01  2.3998087504375215e-01  2.0398161708085399e-01  1.7323150157507874e-01  1.4749678683934195e-01  1.2656343017150856e-01  1.1023669583479173e-01  9.8335862793139647e-02  9.0685404270213502e-02  8.7101267063353166e-02  8.7369016450822526e-02  9.1209534476723836e-02  9.8228449422471109e-02  1.0785145257262863e-01  1.1925990899544975e-01  1.3136184809240459e-01  1.4285782289114454e-01  1.5245142457122854e-01  1.5916544627231360e-01
  -4.0000000000000001e-03  1.7910023101155056e-01  1.7479487574378716e-01  1.6702730136506824e-01  1.5677157857892893e-01  1.4546298914945746e-01  1.3456504025201257e-01  1.2529191459572978e-01  1.1853281064053202e-01  1.1489535876793838e-01  1.1478559327966396e-01  1.1848586629331466e-01  1.2621188659432972e-01  1.3815054952747635e-01  1.5448169408470422e-01  1.7539231361568078e-01  2.0108635631781585e-01  2.3179364368218408e-01  2.6777614280714035e-01  3.0932345817290863e-01  3.5671823591179558e-01  4.1016814840742033e-01  4.6971494574728734e-01  5.3514007700385013e-01  6.0585747287364367e-01  6.8073517675883788e-01  7.5782485124256205e-01  8.3396877843892181e-01  9.0441764088204402e-01  9.6278543927196347e-01  1.0018854742737135e+00  1.0157129856492824e+00  1.0018854742737135e+00  9.6278543927196347e-01  9.0441764088204402e-01  8.3396877843892181e-01  7.5782485124256205e-01  6.8073517675883788e-01  6.0585747287364367e-01  5.3514007700385013e-01  4.6971494574728734e-01  4.1016814840742033e-01  3.5671823591179558e-01  3.0932345817290863e-01  2.6777614280714035e-01  2.3179364368218408e-01  2.0108635631781585e-01  1.7539231361568078e-01  1.5448169408470422e-01  1.3815054952747635e-01  1.2621188659432972e-01  1.1848586629331466e-01  1.1478559327966396e-01  1.1489535876793838e-01  1.1853281064053202e-01  1.2529191459572978e-01  1.3456504025201257e-01  1.4546298914945746e-01  1.5677157857892893e-01  1.6702730136506824e-01  1.7479487574378716e-01  1.7910023101155056e-01
  -4.4999999999999997e-03  2.0274312915645781e-01  2.0148523626181306e-01  1.9591728386419319e-01  1.8701510675533775e-01  1.7644802240112004e-01  1.6593876093804688e-01  1.5688379418970949e-01  1.5027218760938046e-01  1.4675312565628279e-01  1.4674146307315364e-01  1.5051582779138956e-01  1.5828722436121803e-01  1.7024078403920195e-01  1.8655840392019599e-01  2.0743138956947846e-01  2.3307162758137906e-01  2.6372520826041296e-01  2.9968722436121803e-01  3.4130598529926492e-01  3.8894910745537276e-01  4.4291942597129852e-01  5.0336296814840742e-01  5.7018760938046886e-01  6.4298368918445914e-01  7.2086230311515564e-01  8.0214070703535167e-01  8.8381603080154003e-01  9.6091354567728371e-01  1.0261387469373469e+00  1.0706270913545677e+00  1.0865293664683233e+00  1.0706270913545677e+00  1.0261387469373469e+00  9.6091354567728371e-01  8.8381603080154003e-01  8.0214168708435407e-01  7.2086230311515564e-01  6.4298368918445914e-01  5.7018760938046886e-01  5.0336296814840742e-01  4.4291942597129852e-01  3.8894910745537276e-01  3.4130598529926492e-01  2.9968722436121803e-01  2.6372520826041296e-01  2.3307162758137906e-01  2.0743138956947846e-01  1.8655840392019599e-01  1.7024078403920195e-01  1.5828722436121803e-01  1.5051582779138956e-01  1.4674146307315364e-01  1.4675312565628279e-01  1.5027218760938046e-01  1.5688379418970949e-01  1.6593876093804688e-01  1.7644792439621979e-01  1.8701510675533775e-01  1.9591728386419319e-01  2.0148523626181306e-01  2.0274312915645781e-01
  -5.0000000000000001e-03  2.3061601680084001e-01  2.3324774238711934e-01  2.3030534126706331e-01  2.2279267763388166e-01  2.1278578928946443e-01  2.0241785089254460e-01  1.9334926146307313e-01  1.8670188309415467e-01  1.8317115855792787e-01  1.8317017850892545e-01  1.8695934196709832e-01  1.9473436471823588e-01  2.0667263563178156e-01  2.2295389569478472e-01  2.4377082254112703e-01  2.6934088904445219e-01  2.9992498424921243e-01  3.3585593279663983e-01  3.7755701785089252e-01  4.2550689534476721e-01  4.8012404620231008e-01  5.4166524326216303e-01  6.1017360868043391e-01  6.8545019250962547e-01  7.6692656632831635e-01  8.5332082604130199e-01  9.4194861743087144e-01  1.0277097654882743e+00  1.1022219110955547e+00  1.1542615330766537e+00  1.1731294364718234e+00  1.1542615330766537e+00  1.1022219110955547e+00  1.0277097654882743e+00  9.4194861743087144e-01  8.5332082604130199e-01  7.6692656632831635e-01  6.8545019250962547e-01  6.1017360868043391e-01  5.4166524326216303e-01  4.8012404620231008e-01  4.2550689534476721e-01  3.7755701785089252e-01  3.3585593279663983e-01  2.9992498424921243e-01  2.6934088904445219e-01  2.4377082254112703e-01  2.2295389569478472e-01  2.0667263563178156e-01  1.9473426671333563e-01  1.8695934196709832e-01  1.8317017850892545e-01  1.8317115855792787e-01  1.8670188309415467e-01  1.9334926146307313e-01  2.0241775288764438e-01  2.1278578928946443e-01  2.2279267763388166e-01  2.3030534126706331e-01  2.3324774238711934e-01  2.3061601680084001e-01
