# Auto-generated by pyeletra.utils.kickmap.generate_Radia_kickmap_file()
# Undulator Length [m]
1.96
# Number of Horizontal Points
61
# Number of Vertical Points
21
# Horizontal Kick [micro-rad]
START
                          -2.9999999999999999e-02 -2.9000000000000001e-02 -2.8000000000000001e-02 -2.7000000000000000e-02 -2.5999999999999999e-02 -2.5000000000000001e-02 -2.4000000000000000e-02 -2.3000000000000000e-02 -2.1999999999999999e-02 -2.1000000000000001e-02 -2.0000000000000000e-02 -1.9000000000000000e-02 -1.7999999999999999e-02 -1.7000000000000001e-02 -1.6000000000000000e-02 -1.4999999999999999e-02 -1.4000000000000000e-02 -1.2999999999999999e-02 -1.2000000000000000e-02 -1.0999999999999999e-02 -1.0000000000000000e-02 -8.9999999999999993e-03 -8.0000000000000002e-03 -7.0000000000000001e-03 -6.0000000000000001e-03 -5.0000000000000001e-03 -4.0000000000000001e-03 -3.0000000000000001e-03 -2.0000000000000000e-03 -1.0000000000000000e-03  0.0000000000000000e+00  1.0000000000000000e-03  2.0000000000000000e-03  3.0000000000000001e-03  4.0000000000000001e-03  5.0000000000000001e-03  6.0000000000000001e-03  7.0000000000000001e-03  8.0000000000000002e-03  8.9999999999999993e-03  1.0000000000000000e-02  1.0999999999999999e-02  1.2000000000000000e-02  1.2999999999999999e-02  1.4000000000000000e-02  1.4999999999999999e-02  1.6000000000000000e-02  1.7000000000000001e-02  1.7999999999999999e-02  1.9000000000000000e-02  2.0000000000000000e-02  2.1000000000000001e-02  2.1999999999999999e-02  2.3000000000000000e-02  2.4000000000000000e-02  2.5000000000000001e-02  2.5999999999999999e-02  2.7000000000000000e-02  2.8000000000000001e-02  2.9000000000000001e-02  2.9999999999999999e-02
   5.0000000000000001e-03 -7.6307699999999997e+01 -1.4895264999999998e+01  1.2963391000000000e+01  1.2183751999999998e+01  9.9237250000000010e+00  8.1311090000000004e+00  6.8598039999999996e+00  3.8535168000000000e+00  2.3337523999999998e+00  1.8639796000000000e+00  1.3548304000000000e+00  8.5209040000000003e-01  3.7134404999999998e-01 -9.2260629999999996e-02 -5.4439490000000001e-01 -9.7706979999999999e-01 -1.3321581000000000e+00 -1.4227150000000002e+00 -2.5729850999999999e+00 -6.9658890000000007e+00 -8.1976510000000005e+00 -9.7535969999999992e+00 -1.1875297000000000e+01 -1.4396101999999999e+01 -1.7027549000000000e+01 -2.8097481999999999e+01 -3.9929658999999994e+01 -5.6814519999999995e+01 -8.7432659999999998e+01 -1.1988633999999999e+02  8.5366819999999999e-06  1.1988633999999999e+02  8.7432659999999998e+01  5.6815010000000001e+01  3.9929462999999998e+01  2.8097481999999999e+01  1.7027549000000000e+01  1.4396101999999999e+01  1.1875297000000000e+01  9.7535480000000003e+00  8.1976510000000005e+00  6.9658890000000007e+00  2.5728331999999998e+00  1.4228816000000000e+00  1.3321630000000000e+00  9.7706979999999999e-01  5.4439490000000001e-01  9.2258670000000001e-02 -3.7134404999999998e-01 -8.5209040000000003e-01 -1.3548353000000000e+00 -1.8639796000000000e+00 -2.3339140999999999e+00 -3.8536981000000003e+00 -6.8599999999999994e+00 -8.1311090000000004e+00 -9.9237250000000010e+00 -1.2183703000000000e+01 -1.2963391000000000e+01  1.4895264999999998e+01  7.6307699999999997e+01
   4.4999999999999997e-03 -3.9258800000000001e+01 -1.6610951000000000e+01  3.5647647000000000e+00  7.4062029999999996e+00  7.2744420000000005e+00  6.3845039999999997e+00  5.2879820000000004e+00  3.5739179000000001e+00  2.3287838000000001e+00  1.7074932000000000e+00  1.1875198999999999e+00  6.9899480000000003e-01  2.3155587000000000e-01 -2.2596398999999998e-01 -6.8408409999999997e-01 -1.1474085000000001e+00 -1.6090717999999999e+00 -2.1193626999999999e+00 -3.4961206000000002e+00 -5.9918670000000001e+00 -7.6903539999999992e+00 -9.4201519999999999e+00 -1.1557336000000001e+01 -1.4165360999999999e+01 -1.7776465000000002e+01 -2.5071732000000001e+01 -3.4383986000000000e+01 -4.6100572000000000e+01 -6.0903570000000002e+01 -5.9672690000000003e+01  4.1459684000000003e-06  5.9672199999999997e+01  6.0903080000000003e+01  4.6100473999999998e+01  3.4383986000000000e+01  2.5071928000000000e+01  1.7776611999999997e+01  1.4165360999999999e+01  1.1557336000000001e+01  9.4200539999999986e+00  7.6903539999999992e+00  5.9918670000000001e+00  3.4959736000000001e+00  2.1192255000000002e+00  1.6089346000000000e+00  1.1474820000000001e+00  6.8407920000000000e-01  2.2596350000000001e-01 -2.3155635999999999e-01 -6.9899480000000003e-01 -1.1875198999999999e+00 -1.7074981000000000e+00 -2.3288621999999997e+00 -3.5739179000000001e+00 -5.2878349999999994e+00 -6.3845529999999995e+00 -7.2744420000000005e+00 -7.4063499999999998e+00 -3.5648136999999998e+00  1.6611097999999998e+01  3.9258702000000000e+01
   4.0000000000000001e-03 -2.2393342999999998e+01 -1.1497017000000000e+01  4.2334971000000005e-01  4.7670923999999992e+00  5.5563549999999999e+00  5.1742039999999996e+00  4.3395723000000004e+00  3.2021549000000000e+00  2.2362424000000001e+00  1.5864925999999999e+00  1.0565282000000000e+00  5.7224649999999999e-01  1.0943317000000000e-01 -3.4851446000000003e-01 -8.1798149999999992e-01 -1.3155912000000001e+00 -1.8660915000000000e+00 -2.5752195000000002e+00 -3.8238865000000000e+00 -5.6300999999999997e+00 -7.3606329999999991e+00 -9.1857850000000010e+00 -1.1353152999999999e+01 -1.4008806000000000e+01 -1.7605210000000000e+01 -2.3101344000000001e+01 -2.9976779000000001e+01 -3.7503473000000000e+01 -4.3262197999999998e+01 -3.4954346000000001e+01  2.4048660999999999e-06  3.4954346000000001e+01  4.3262394000000000e+01  3.7503178999999996e+01  2.9976779000000001e+01  2.3101246000000000e+01  1.7605160999999999e+01  1.4008855000000001e+01  1.1353202000000000e+01  9.1857360000000003e+00  7.3605349999999996e+00  5.6299039999999998e+00  3.8238766999999996e+00  2.5753371000000000e+00  1.8661650000000001e+00  1.3155863000000001e+00  8.1798640000000000e-01  3.4851250000000000e-01 -1.0943366000000000e-01 -5.7224649999999999e-01 -1.0565967999999999e+00 -1.5864925999999999e+00 -2.2362374999999997e+00 -3.2022872000000002e+00 -4.3395526999999996e+00 -5.1742039999999996e+00 -5.5562079999999998e+00 -4.7672590000000001e+00 -4.2334971000000005e-01  1.1497017000000000e+01  2.2393391999999999e+01
   3.5000000000000001e-03 -1.3309625000000000e+01 -6.9937699999999996e+00  1.3961129000000000e-01  3.6499708000000002e+00  4.6106501000000000e+00  4.4372096999999995e+00  3.7800462000000001e+00  2.9189986000000001e+00  2.1208768000000000e+00  1.4874538000000002e+00  9.5336359999999998e-01  4.6798331999999998e-01  4.2658224000000000e-03 -4.5845331000000000e-01 -9.4120669999999995e-01 -1.4680987999999999e+00 -2.0773011000000001e+00 -2.8618449999999998e+00 -4.0026826000000000e+00 -5.5139699999999996e+00 -7.1848700000000001e+00 -9.0452530000000007e+00 -1.1230652999999998e+01 -1.3871067000000000e+01 -1.7227812000000000e+01 -2.1618603999999998e+01 -2.6642574000000000e+01 -3.1169879999999999e+01 -3.2295949000000000e+01 -2.3053324000000000e+01  1.4555450000000001e-06  2.3053764999999999e+01  3.2295949000000000e+01  3.1170222999999996e+01  2.6642818999999999e+01  2.1618849000000001e+01  1.7227812000000000e+01  1.3871115999999999e+01  1.1230652999999998e+01  9.0451549999999994e+00  7.1849679999999996e+00  5.5139699999999996e+00  4.0026826000000000e+00  2.8617322999999999e+00  2.0772569999999999e+00  1.4681036999999999e+00  9.4121160000000004e-01  4.5845134999999998e-01 -4.2661653999999999e-03 -4.6798331999999998e-01 -9.5336359999999998e-01 -1.4873949999999998e+00 -2.1208179999999999e+00 -2.9189398000000000e+00 -3.7801049999999998e+00 -4.4371508999999998e+00 -4.6107725999999998e+00 -3.6499708000000002e+00 -1.3961129000000000e-01  6.9936720000000001e+00  1.3309625000000000e+01
   3.0000000000000001e-03 -7.8303959999999995e+00 -3.6327031999999999e+00  8.8084359999999995e-01  3.4252273999999998e+00  4.2169448999999997e+00  4.0624283000000005e+00  3.4776034999999998e+00  2.7381934999999999e+00  2.0249152000000001e+00  1.4092203999999999e+00  8.7281739999999997e-01  3.8356367000000002e-01 -8.4222669999999999e-02 -5.5379800000000001e-01 -1.0491389999999998e+00 -1.5981840000000000e+00 -2.2416814000000000e+00 -3.0511907999999996e+00 -4.1270249999999997e+00 -5.5002009999999997e+00 -7.1136239999999997e+00 -8.9791519999999991e+00 -1.1167981999999999e+01 -1.3760719000000000e+01 -1.6866633000000000e+01 -2.0506009999999996e+01 -2.4205607999999998e+01 -2.6732734000000001e+01 -2.5555361999999999e+01 -1.6793279999999999e+01  9.8645330000000000e-07  1.6793279999999999e+01  2.5555361999999999e+01  2.6732930000000000e+01  2.4205607999999998e+01  2.0506108000000001e+01  1.6866584000000000e+01  1.3760669999999999e+01  1.1167981999999999e+01  8.9791030000000003e+00  7.1136239999999997e+00  5.5001519999999999e+00  4.1269662000000000e+00  3.0511466999999999e+00  2.2416324000000003e+00  1.5981791000000001e+00  1.0491438999999998e+00  5.5379800000000001e-01  8.4222180000000008e-02 -3.8356367000000002e-01 -8.7281739999999997e-01 -1.4092253000000001e+00 -2.0248661999999999e+00 -2.7381396000000002e+00 -3.4775545000000001e+00 -4.0623842000000003e+00 -4.2169743000000004e+00 -3.4252175999999999e+00 -8.8092689999999996e-01  3.6327031999999999e+00  7.8303959999999995e+00
   2.5000000000000001e-03 -4.2930271999999992e+00 -1.1941104000000000e+00  1.8622841999999999e+00  3.6405921999999999e+00  4.1656174000000004e+00  3.9334357999999998e+00  3.3455190999999997e+00  2.6429570999999998e+00  1.9612102999999999e+00  1.3523657000000000e+00  8.1173400000000007e-01  3.1675167999999998e-01 -1.5690779999999999e-01 -6.3378069999999997e-01 -1.1397351000000000e+00 -1.7044405000000000e+00 -2.3670577000000002e+00 -3.1839661000000001e+00 -4.2242066999999999e+00 -5.5297479999999997e+00 -7.1046569999999996e+00 -8.9651379999999996e+00 -1.1148529000000000e+01 -1.3687415000000000e+01 -1.6584980999999999e+01 -1.9698245000000000e+01 -2.2475466999999998e+01 -2.3713255999999998e+01 -2.1384776000000002e+01 -1.3294092000000001e+01  6.4080729999999998e-07  1.3294092000000001e+01  2.1384776000000002e+01  2.3713255999999998e+01  2.2475466999999998e+01  1.9698245000000000e+01  1.6584980999999999e+01  1.3687415000000000e+01  1.1148479999999999e+01  8.9651869999999985e+00  7.1046569999999996e+00  5.5297479999999997e+00  4.2242066999999999e+00  3.1839955000000000e+00  2.3670577000000002e+00  1.7044405000000000e+00  1.1396959000000000e+00  6.3381989999999999e-01  1.5690779999999999e-01 -3.1675167999999998e-01 -8.1173400000000007e-01 -1.3523657000000000e+00 -1.9612495000000001e+00 -2.6429962999999996e+00 -3.3456121999999997e+00 -3.9334357999999998e+00 -4.1656418999999998e+00 -3.6406264999999998e+00 -1.8623185000000000e+00  1.1941251000000002e+00  4.2930174000000001e+00
   2.0000000000000000e-03 -1.9299139999999999e+00  5.5442520000000006e-01  2.7779178000000000e+00  4.0196415000000005e+00  4.2923362999999997e+00  3.9498507999999997e+00  3.3191473000000000e+00  2.6086767000000002e+00  1.9276306000000001e+00  1.3148365999999998e+00  7.6737919999999993e-01  2.6566476999999999e-01 -2.1436421999999999e-01 -6.9813730000000007e-01 -1.2125637999999999e+00 -1.7879022000000000e+00 -2.4612308000000001e+00 -3.2807215000000003e+00 -4.3027782000000006e+00 -5.5754650000000003e+00 -7.1277850000000003e+00 -8.9823369999999993e+00 -1.1157643000000000e+01 -1.3649440000000000e+01 -1.6388932000000000e+01 -1.9134647000000001e+01 -2.1282219000000001e+01 -2.1699649999999998e+01 -1.8783561999999996e+01 -1.1254956999999999e+01  4.1384616000000001e-07  1.1254956999999999e+01  1.8783561999999996e+01  2.1699698999999999e+01  2.1282219000000001e+01  1.9134647000000001e+01  1.6388981000000001e+01  1.3649538000000000e+01  1.1157643000000000e+01  8.9823369999999993e+00  7.1277850000000003e+00  5.5755140000000001e+00  4.3027341000000003e+00  3.2806872000000000e+00  2.4612308000000001e+00  1.7879022000000000e+00  1.2125736000000000e+00  6.9813730000000007e-01  2.1439509000000001e-01 -2.6564958000000000e-01 -7.6737430000000006e-01 -1.3148415000000000e+00 -1.9275963000000000e+00 -2.6086767000000002e+00 -3.3191571000000000e+00 -3.9498507999999997e+00 -4.2923362999999997e+00 -4.0196218999999997e+00 -2.7779178000000000e+00 -5.5442520000000006e-01  1.9298698999999999e+00
   1.5000000000000000e-03 -3.4756827000000001e-01  1.7790919999999999e+00  3.5184107000000000e+00  4.4074422000000002e+00  4.4820692000000006e+00  4.0338760000000002e+00  3.3478661999999999e+00  2.6105974999999999e+00  1.9155765999999999e+00  1.2926983999999999e+00  7.3685219999999996e-01  2.2827923999999999e-01 -2.5771991000000000e-01 -7.4730880000000000e-01 -1.2681102000000000e+00 -1.8504948000000001e+00 -2.5301100999999999e+00 -3.3509678999999997e+00 -4.3647926000000004e+00 -5.6222110000000001e+00 -7.1629670000000001e+00 -9.0134030000000003e+00 -1.1181799999999999e+01 -1.3637827000000000e+01 -1.6264667999999997e+01 -1.8759307000000000e+01 -2.0486948999999999e+01 -2.0389684000000003e+01 -1.7166366000000000e+01 -1.0043138000000001e+01  2.6738662999999997e-07  1.0043138000000001e+01  1.7166561999999999e+01  2.0389684000000003e+01  2.0486948999999999e+01  1.8759356000000000e+01  1.6264667999999997e+01  1.3637876000000000e+01  1.1181799999999999e+01  9.0134030000000003e+00  7.1629670000000001e+00  5.6222110000000001e+00  4.3647926000000004e+00  3.3509825999999996e+00  2.5300905000000000e+00  1.8504801000000000e+00  1.2681346999999998e+00  7.4730880000000000e-01  2.5771942000000003e-01 -2.2827972999999999e-01 -7.3686689999999999e-01 -1.2926739000000000e+00 -1.9155765999999999e+00 -2.6105828000000000e+00 -3.3478710999999999e+00 -4.0338760000000002e+00 -4.4820545000000003e+00 -4.4074274999999998e+00 -3.5184450000000003e+00 -1.7790919999999999e+00  3.4757169999999998e-01
   1.0000000000000000e-03  6.6895289999999996e-01  2.5884201000000000e+00  4.0507368999999995e+00  4.7224534000000000e+00  4.6602723999999993e+00  4.1296318000000003e+00  3.3940830000000002e+00  2.6277965000000001e+00  1.9154491999999999e+00  1.2812618000000000e+00  7.1746290000000001e-01  2.0292712999999998e-01 -2.8784609000000000e-01 -7.8184889999999996e-01 -1.3070847999999999e+00 -1.8939234999999999e+00 -2.5772824000000001e+00 -3.3993897000000000e+00 -4.4100097999999992e+00 -5.6610190000000005e+00 -7.1965810000000001e+00 -9.0451059999999988e+00 -1.1208750000000000e+01 -1.3640423999999999e+01 -1.6192981000000000e+01 -1.8525625999999999e+01 -1.9987295999999997e+01 -1.9578292999999999e+01 -1.6193666999999998e+01 -9.3343040000000013e+00  1.5716015000000000e-07  9.3343040000000013e+00  1.6193666999999998e+01  1.9578292999999999e+01  1.9987393999999998e+01  1.8525625999999999e+01  1.6193029999999997e+01  1.3640473000000000e+01  1.1208750000000000e+01  9.0451059999999988e+00  7.1965810000000001e+00  5.6610190000000005e+00  4.4100342999999995e+00  3.3993897000000000e+00  2.5772824000000001e+00  1.8939087999999999e+00  1.3070847999999999e+00  7.8184399999999998e-01  2.8784559999999998e-01 -2.0292762000000000e-01 -7.1746290000000001e-01 -1.2812618000000000e+00 -1.9154541000000000e+00 -2.6277818000000002e+00 -3.3940977000000001e+00 -4.1296318000000003e+00 -4.6602870999999997e+00 -4.7224534000000000e+00 -4.0506977000000006e+00 -2.5884201000000000e+00 -6.6891369999999994e-01
   5.0000000000000001e-04  1.2388327000000001e+00  3.0499364000000000e+00  4.3689624999999994e+00  4.9235689999999996e+00  4.7825568000000001e+00  4.2006426000000001e+00  3.4319061000000000e+00  2.6445300000000000e+00  1.9189673999999999e+00  1.2763176999999999e+00  7.0685929999999997e-01  1.8833150000000001e-01 -3.0557772000000000e-01 -8.0230150000000000e-01 -1.3301539999999998e+00 -1.9194720999999999e+00 -2.6048694000000001e+00 -3.4278832000000001e+00 -4.4376408999999999e+00 -5.6863519999999994e+00 -7.2200519999999999e+00 -9.0678909999999995e+00 -1.1228937999999999e+01 -1.3646843000000001e+01 -1.6157308999999998e+01 -1.8399010000000001e+01 -1.9713434999999997e+01 -1.9137685000000001e+01 -1.5674463000000001e+01 -8.9629819999999985e+00  7.4835739999999992e-08  8.9629819999999985e+00  1.5674463000000001e+01  1.9137685000000001e+01  1.9713434999999997e+01  1.8399010000000001e+01  1.6157308999999998e+01  1.3646843000000001e+01  1.1228937999999999e+01  9.0678909999999995e+00  7.2200519999999999e+00  5.6863519999999994e+00  4.4376408999999999e+00  3.4278930000000001e+00  2.6048841000000000e+00  1.9194769999999999e+00  1.3301539999999998e+00  8.0230150000000000e-01  3.0557477999999999e-01 -1.8833002999999998e-01 -7.0686419999999994e-01 -1.2763127999999999e+00 -1.9189673999999999e+00 -2.6445300000000000e+00 -3.4319061000000000e+00 -4.2006572999999996e+00 -4.7825666000000000e+00 -4.9235689999999996e+00 -4.3689624999999994e+00 -3.0499364000000000e+00 -1.2387543000000001e+00
   0.0000000000000000e+00  1.4225435000000000e+00  3.1998861999999999e+00  4.4746359000000000e+00  4.9924139999999992e+00  4.8257061999999999e+00  4.2264999000000003e+00  3.4461552999999996e+00  2.6511743999999999e+00  1.9207657000000000e+00  1.2749996000000001e+00  7.0351260000000004e-01  1.8356870000000000e-01 -3.1142145999999998e-01 -8.0907330000000000e-01 -1.3377833000000001e+00 -1.9279050000000000e+00 -2.6139785000000000e+00 -3.4373353000000000e+00 -4.4469263999999997e+00 -5.6951229999999997e+00 -7.2283329999999992e+00 -9.0760740000000002e+00 -1.1236435000000000e+01 -1.3649832000000000e+01 -1.6146577999999998e+01 -1.8359026000000000e+01 -1.9626753999999998e+01 -1.8997888000000000e+01 -1.5510999000000000e+01 -8.8467050000000000e+00  0.0000000000000000e+00  8.8467050000000000e+00  1.5510999000000000e+01  1.8997888000000000e+01  1.9626753999999998e+01  1.8359026000000000e+01  1.6146577999999998e+01  1.3649832000000000e+01  1.1236435000000000e+01  9.0760740000000002e+00  7.2283819999999999e+00  5.6951229999999997e+00  4.4469263999999997e+00  3.4373156999999996e+00  2.6139736000000000e+00  1.9279099000000000e+00  1.3377833000000001e+00  8.0907330000000000e-01  3.1142097000000002e-01 -1.8356918999999999e-01 -7.0351260000000004e-01 -1.2749996000000001e+00 -1.9207607999999998e+00 -2.6511842000000003e+00 -3.4461552999999996e+00 -4.2265096999999994e+00 -4.8256914999999996e+00 -4.9924139999999992e+00 -4.4746554999999999e+00 -3.1998861999999999e+00 -1.4225042999999999e+00
  -5.0000000000000001e-04  1.2388327000000001e+00  3.0499364000000000e+00  4.3689673999999998e+00  4.9235689999999996e+00  4.7825568000000001e+00  4.2006572999999996e+00  3.4319061000000000e+00  2.6445300000000000e+00  1.9189673999999999e+00  1.2763176999999999e+00  7.0685929999999997e-01  1.8832954000000002e-01 -3.0557477999999999e-01 -8.0230150000000000e-01 -1.3301539999999998e+00 -1.9194720999999999e+00 -2.6048694000000001e+00 -3.4278930000000001e+00 -4.4376408999999999e+00 -5.6863029999999997e+00 -7.2200519999999999e+00 -9.0678909999999995e+00 -1.1228937999999999e+01 -1.3646843000000001e+01 -1.6157308999999998e+01 -1.8399010000000001e+01 -1.9713434999999997e+01 -1.9137685000000001e+01 -1.5674463000000001e+01 -8.9629819999999985e+00 -7.7859039999999995e-08  8.9629819999999985e+00  1.5674463000000001e+01  1.9137685000000001e+01  1.9713434999999997e+01  1.8399010000000001e+01  1.6157308999999998e+01  1.3646843000000001e+01  1.1228937999999999e+01  9.0678909999999995e+00  7.2200519999999999e+00  5.6863519999999994e+00  4.4376408999999999e+00  3.4278930000000001e+00  2.6048841000000000e+00  1.9194769999999999e+00  1.3301539999999998e+00  8.0230150000000000e-01  3.0557575999999997e-01 -1.8833199000000000e-01 -7.0686419999999994e-01 -1.2763127999999999e+00 -1.9189673999999999e+00 -2.6445300000000000e+00 -3.4319061000000000e+00 -4.2006572999999996e+00 -4.7825666000000000e+00 -4.9235689999999996e+00 -4.3689673999999998e+00 -3.0499364000000000e+00 -1.2387543000000001e+00
  -1.0000000000000000e-03  6.6895289999999996e-01  2.5884201000000000e+00  4.0507368999999995e+00  4.7224534000000000e+00  4.6602723999999993e+00  4.1296318000000003e+00  3.3940977000000001e+00  2.6277916000000001e+00  1.9154541000000000e+00  1.2812568999999998e+00  7.1746290000000001e-01  2.0292762000000000e-01 -2.8785392999999998e-01 -7.8183420000000003e-01 -1.3070847999999999e+00 -1.8939137000000001e+00 -2.5772775000000001e+00 -3.3993897000000000e+00 -4.4100196000000000e+00 -5.6610190000000005e+00 -7.1966299999999999e+00 -9.0451549999999994e+00 -1.1208750000000000e+01 -1.3640423999999999e+01 -1.6193029999999997e+01 -1.8525625999999999e+01 -1.9987393999999998e+01 -1.9578292999999999e+01 -1.6193666999999998e+01 -9.3343040000000013e+00 -1.7256330000000001e-07  9.3343040000000013e+00  1.6193666999999998e+01  1.9578292999999999e+01  1.9987295999999997e+01  1.8525625999999999e+01  1.6193029999999997e+01  1.3640423999999999e+01  1.1208750000000000e+01  9.0451059999999988e+00  7.1965810000000001e+00  5.6610190000000005e+00  4.4100244999999996e+00  3.3993897000000000e+00  2.5772824000000001e+00  1.8939185999999999e+00  1.3070847999999999e+00  7.8184889999999996e-01  2.8784559999999998e-01 -2.0292762000000000e-01 -7.1746290000000001e-01 -1.2812618000000000e+00 -1.9154541000000000e+00 -2.6277916000000001e+00 -3.3940977000000001e+00 -4.1296318000000003e+00 -4.6602870999999997e+00 -4.7224534000000000e+00 -4.0506977000000006e+00 -2.5884201000000000e+00 -6.6891369999999994e-01
  -1.5000000000000000e-03 -3.4757169999999998e-01  1.7790919999999999e+00  3.5184107000000000e+00  4.4074422000000002e+00  4.4820692000000006e+00  4.0338760000000002e+00  3.3478661999999999e+00  2.6105974999999999e+00  1.9155765999999999e+00  1.2926886000000000e+00  7.3685219999999996e-01  2.2827923999999999e-01 -2.5770815000000002e-01 -7.4731859999999994e-01 -1.2681346999999998e+00 -1.8504849999999999e+00 -2.5301051999999999e+00 -3.3509825999999996e+00 -4.3647926000000004e+00 -5.6222599999999998e+00 -7.1629670000000001e+00 -9.0134030000000003e+00 -1.1181799999999999e+01 -1.3637876000000000e+01 -1.6264667999999997e+01 -1.8759356000000000e+01 -2.0486948999999999e+01 -2.0389684000000003e+01 -1.7166561999999999e+01 -1.0043138000000001e+01 -2.8648388999999998e-07  1.0043138000000001e+01  1.7166366000000000e+01  2.0389684000000003e+01  2.0486948999999999e+01  1.8759307000000000e+01  1.6264667999999997e+01  1.3637827000000000e+01  1.1181799999999999e+01  9.0134030000000003e+00  7.1629670000000001e+00  5.6222110000000001e+00  4.3647926000000004e+00  3.3509825999999996e+00  2.5300905000000000e+00  1.8504801000000000e+00  1.2681346999999998e+00  7.4731859999999994e-01  2.5771942000000003e-01 -2.2827972999999999e-01 -7.3686689999999999e-01 -1.2926886000000000e+00 -1.9155765999999999e+00 -2.6105828000000000e+00 -3.3478809000000003e+00 -4.0338760000000002e+00 -4.4820447000000003e+00 -4.4074274999999998e+00 -3.5184450000000003e+00 -1.7790919999999999e+00  3.4757169999999998e-01
  -2.0000000000000000e-03 -1.9299189000000001e+00  5.5442520000000006e-01  2.7779324999999999e+00  4.0196561999999991e+00  4.2923657000000004e+00  3.9498507999999997e+00  3.3191571000000000e+00  2.6086767000000002e+00  1.9276257000000001e+00  1.3148365999999998e+00  7.6737430000000006e-01  2.6564908999999998e-01 -2.1439558000000000e-01 -6.9813730000000007e-01 -1.2125785000000000e+00 -1.7878727999999999e+00 -2.4612356999999996e+00 -3.2806872000000000e+00 -4.3027487999999998e+00 -5.5755140000000001e+00 -7.1277850000000003e+00 -8.9823369999999993e+00 -1.1157643000000000e+01 -1.3649538000000000e+01 -1.6388981000000001e+01 -1.9134647000000001e+01 -2.1282219000000001e+01 -2.1699698999999999e+01 -1.8783561999999996e+01 -1.1254956999999999e+01 -4.5389238999999998e-07  1.1254956999999999e+01  1.8783611000000001e+01  2.1699649999999998e+01  2.1282219000000001e+01  1.9134647000000001e+01  1.6388932000000000e+01  1.3649440000000000e+01  1.1157643000000000e+01  8.9822879999999987e+00  7.1277850000000003e+00  5.5755140000000001e+00  4.3027732999999992e+00  3.2806872000000000e+00  2.4612308000000001e+00  1.7879022000000000e+00  1.2125785000000000e+00  6.9813730000000007e-01  2.1436373000000000e-01 -2.6564958000000000e-01 -7.6737430000000006e-01 -1.3148415000000000e+00 -1.9275963000000000e+00 -2.6086767000000002e+00 -3.3191473000000000e+00 -3.9498507999999997e+00 -4.2923362999999997e+00 -4.0196218999999997e+00 -2.7779324999999999e+00 -5.5442520000000006e-01  1.9299189000000001e+00
  -2.5000000000000001e-03 -4.2930174000000001e+00 -1.1941104000000000e+00  1.8622841999999999e+00  3.6405921999999999e+00  4.1656712999999996e+00  3.9334357999999998e+00  3.3455289000000001e+00  2.6429570999999998e+00  1.9612102999999999e+00  1.3523657000000000e+00  8.1173400000000007e-01  3.1679137000000002e-01 -1.5690779999999999e-01 -6.3381989999999999e-01 -1.1396959000000000e+00 -1.7044356000000001e+00 -2.3670675000000001e+00 -3.1839661000000001e+00 -4.2242066999999999e+00 -5.5297479999999997e+00 -7.1046569999999996e+00 -8.9651869999999985e+00 -1.1148479999999999e+01 -1.3687415000000000e+01 -1.6584980999999999e+01 -1.9698245000000000e+01 -2.2475466999999998e+01 -2.3713255999999998e+01 -2.1384776000000002e+01 -1.3294092000000001e+01  1.9527284000000000e-04  1.3294092000000001e+01  2.1384776000000002e+01  2.3713255999999998e+01  2.2475466999999998e+01  1.9698245000000000e+01  1.6584980999999999e+01  1.3687415000000000e+01  1.1148529000000000e+01  8.9651869999999985e+00  7.1046569999999996e+00  5.5297479999999997e+00  4.2242066999999999e+00  3.1839955000000000e+00  2.3670577000000002e+00  1.7044405000000000e+00  1.1397351000000000e+00  6.3381989999999999e-01  1.5690779999999999e-01 -3.1675167999999998e-01 -8.1173400000000007e-01 -1.3523657000000000e+00 -1.9612495000000001e+00 -2.6429962999999996e+00 -3.3456121999999997e+00 -3.9334357999999998e+00 -4.1656418999999998e+00 -3.6406264999999998e+00 -1.8623185000000000e+00  1.1940956999999999e+00  4.2930076000000001e+00
  -3.0000000000000001e-03 -7.8304449999999992e+00 -3.6326689000000001e+00  8.8084359999999995e-01  3.4251391999999998e+00  4.2169448999999997e+00  4.0624283000000005e+00  3.4775545000000001e+00  2.7381396000000002e+00  2.0248661999999999e+00  1.4092693999999999e+00  8.7281739999999997e-01  3.8356367000000002e-01 -8.4270199999999990e-02 -5.5379800000000001e-01 -1.0490900000000001e+00 -1.5981840000000000e+00 -2.2416324000000003e+00 -3.0511466999999999e+00 -4.1269760000000000e+00 -5.5002009999999997e+00 -7.1136239999999997e+00 -8.9791030000000003e+00 -1.1167933000000000e+01 -1.3760669999999999e+01 -1.6866633000000000e+01 -2.0506108000000001e+01 -2.4205607999999998e+01 -2.6732930000000000e+01 -2.5555361999999999e+01 -1.6793279999999999e+01 -1.1163425000000000e-06  1.6793279999999999e+01  2.5555361999999999e+01  2.6732930000000000e+01  2.4205607999999998e+01  2.0506059000000000e+01  1.6866633000000000e+01  1.3760669999999999e+01  1.1168030999999999e+01  8.9791030000000003e+00  7.1136239999999997e+00  5.5001519999999999e+00  4.1270249999999997e+00  3.0511368999999999e+00  2.2416324000000003e+00  1.5981791000000001e+00  1.0491389999999998e+00  5.5379800000000001e-01  8.4222180000000008e-02 -3.8356367000000002e-01 -8.7281739999999997e-01 -1.4092253000000001e+00 -2.0249152000000001e+00 -2.7381396000000002e+00 -3.4775545000000001e+00 -4.0623842000000003e+00 -4.2169743000000004e+00 -3.4251735000000001e+00 -8.8092689999999996e-01  3.6327031999999999e+00  7.8303959999999995e+00
  -3.5000000000000001e-03 -1.3309674000000001e+01 -6.9937209999999999e+00  1.3952015000000001e-01  3.6499708000000002e+00  4.6107579000000003e+00  4.4371508999999998e+00  3.7801049999999998e+00  2.9189937000000001e+00  2.1209307000000002e+00  1.4874489000000000e+00  9.5336359999999998e-01  4.6798331999999998e-01  4.2659498000000001e-03 -4.5845233000000002e-01 -9.4120669999999995e-01 -1.4680987999999999e+00 -2.0772569999999999e+00 -2.8617224999999999e+00 -4.0026286999999998e+00 -5.5140190000000002e+00 -7.1848700000000001e+00 -9.0451549999999994e+00 -1.1230652999999998e+01 -1.3871115999999999e+01 -1.7227861000000001e+01 -2.1618849000000001e+01 -2.6642721000000002e+01 -3.1170222999999996e+01 -3.2295949000000000e+01 -2.3053764999999999e+01 -1.6982469000000000e-06  2.3053569000000000e+01  3.2295949000000000e+01  3.1170076000000002e+01  2.6642623000000000e+01  2.1618603999999998e+01  1.7227812000000000e+01  1.3871115999999999e+01  1.1230701999999999e+01  9.0452039999999982e+00  7.1849189999999998e+00  5.5139699999999996e+00  4.0026826000000000e+00  2.8617322999999999e+00  2.0772569999999999e+00  1.4680987999999999e+00  9.4120669999999995e-01  4.5845233000000002e-01 -4.2661653999999999e-03 -4.6798331999999998e-01 -9.5336359999999998e-01 -1.4873949999999998e+00 -2.1208179999999999e+00 -2.9189398000000000e+00 -3.7801049999999998e+00 -4.4371508999999998e+00 -4.6107725999999998e+00 -3.6499708000000002e+00 -1.3961129000000000e-01  6.9936230000000004e+00  1.3309625000000000e+01
  -4.0000000000000001e-03 -2.2393294000000001e+01 -1.1497017000000000e+01  4.2330364999999998e-01  4.7672590000000001e+00  5.5563549999999999e+00  5.1741549999999998e+00  4.3395723000000004e+00  3.2022872000000002e+00  2.2362374999999997e+00  1.5864975000000001e+00  1.0564644999999999e+00  5.7217790000000002e-01  1.0943366000000000e-01 -3.4851298999999997e-01 -8.1798149999999992e-01 -1.3155912000000001e+00 -1.8661600999999999e+00 -2.5753518000000000e+00 -3.8238766999999996e+00 -5.6299039999999998e+00 -7.3605349999999996e+00 -9.1857360000000003e+00 -1.1353202000000000e+01 -1.4008855000000001e+01 -1.7605160999999999e+01 -2.3101344000000001e+01 -2.9976779000000001e+01 -3.7503228000000000e+01 -4.3262344999999996e+01 -3.4954346000000001e+01 -2.5654586999999999e-06  3.4954346000000001e+01  4.3262197999999998e+01  3.7503276999999997e+01  2.9976827999999998e+01  2.3101344000000001e+01  1.7605210000000000e+01  1.4008855000000001e+01  1.1353202000000000e+01  9.1857360000000003e+00  7.3605349999999996e+00  5.6300509999999999e+00  3.8238129999999999e+00  2.5753518000000000e+00  1.8661650000000001e+00  1.3155912000000001e+00  8.1798149999999992e-01  3.4851200999999998e-01 -1.0943366000000000e-01 -5.7224649999999999e-01 -1.0565967999999999e+00 -1.5864925999999999e+00 -2.2362374999999997e+00 -3.2022872000000002e+00 -4.3395624999999995e+00 -5.1742039999999996e+00 -5.5562079999999998e+00 -4.7670923999999992e+00 -4.2334971000000005e-01  1.1497017000000000e+01  2.2393391999999999e+01
  -4.4999999999999997e-03 -3.9258750999999997e+01 -1.6610951000000000e+01  3.5647647000000000e+00  7.4063499999999998e+00  7.2744420000000005e+00  6.3845039999999997e+00  5.2879820000000004e+00  3.5739913999999997e+00  2.3288573000000001e+00  1.7074932000000000e+00  1.1876717999999999e+00  6.9899480000000003e-01  2.3155587000000000e-01 -2.2596300999999999e-01 -6.8407920000000000e-01 -1.1474820000000001e+00 -1.6089296999999998e+00 -2.1192157000000003e+00 -3.4961304000000002e+00 -5.9918179999999994e+00 -7.6903539999999992e+00 -9.4200539999999986e+00 -1.1557483000000000e+01 -1.4165360999999999e+01 -1.7776611999999997e+01 -2.5071928000000000e+01 -3.4383986000000000e+01 -4.6100473999999998e+01 -6.0903080000000003e+01 -5.9672199999999997e+01 -4.8563410000000001e-06  5.9672690000000003e+01  6.0903570000000002e+01  4.6100572000000000e+01  3.4383986000000000e+01  2.5071928000000000e+01  1.7776611999999997e+01  1.4165360999999999e+01  1.1557336000000001e+01  9.4199070000000003e+00  7.6903539999999992e+00  5.9918670000000001e+00  3.4961206000000002e+00  2.1192255000000002e+00  1.6089346000000000e+00  1.1474820000000001e+00  6.8407920000000000e-01  2.2596398999999998e-01 -2.3155635999999999e-01 -6.9906830000000009e-01 -1.1875198999999999e+00 -1.7074981000000000e+00 -2.3288573000000001e+00 -3.5739179000000001e+00 -5.2878349999999994e+00 -6.3846020000000001e+00 -7.2744420000000005e+00 -7.4063499999999998e+00 -3.5647647000000000e+00  1.6610951000000000e+01  3.9258750999999997e+01
  -5.0000000000000001e-03 -7.6307699999999997e+01 -1.4895264999999998e+01  1.2963391000000000e+01  1.2183751999999998e+01  9.9237250000000010e+00  8.1311090000000004e+00  6.8598039999999996e+00  3.8535265999999999e+00  2.3339189999999999e+00  1.8639796000000000e+00  1.3548353000000000e+00  8.5209040000000003e-01  3.7134404999999998e-01 -9.2259160000000007e-02 -5.4456150000000003e-01 -9.7707469999999996e-01 -1.3319915000000000e+00 -1.4228913999999999e+00 -2.5728430000000002e+00 -6.9658890000000007e+00 -8.1976999999999993e+00 -9.7535480000000003e+00 -1.1875297000000000e+01 -1.4396101999999999e+01 -1.7027549000000000e+01 -2.8097481999999999e+01 -3.9929462999999998e+01 -5.6815010000000001e+01 -8.7432659999999998e+01 -1.1988633999999999e+02 -8.5409449999999996e-06  1.1988633999999999e+02  8.7432659999999998e+01  5.6814519999999995e+01  3.9929610000000004e+01  2.8097481999999999e+01  1.7027549000000000e+01  1.4395954999999999e+01  1.1875297000000000e+01  9.7535480000000003e+00  8.1976510000000005e+00  6.9658890000000007e+00  2.5728331999999998e+00  1.4228913999999999e+00  1.3321532000000000e+00  9.7706979999999999e-01  5.4438999999999993e-01  9.2259649999999999e-02 -3.7134404999999998e-01 -8.5209040000000003e-01 -1.3548304000000000e+00 -1.8639796000000000e+00 -2.3339140999999999e+00 -3.8536981000000003e+00 -6.8599999999999994e+00 -8.1311090000000004e+00 -9.9237250000000010e+00 -1.2183850000000000e+01 -1.2963391000000000e+01  1.4895264999999998e+01  7.6307699999999997e+01
# Vertical Kick [micro-rad]
START
                          -2.9999999999999999e-02 -2.9000000000000001e-02 -2.8000000000000001e-02 -2.7000000000000000e-02 -2.5999999999999999e-02 -2.5000000000000001e-02 -2.4000000000000000e-02 -2.3000000000000000e-02 -2.1999999999999999e-02 -2.1000000000000001e-02 -2.0000000000000000e-02 -1.9000000000000000e-02 -1.7999999999999999e-02 -1.7000000000000001e-02 -1.6000000000000000e-02 -1.4999999999999999e-02 -1.4000000000000000e-02 -1.2999999999999999e-02 -1.2000000000000000e-02 -1.0999999999999999e-02 -1.0000000000000000e-02 -8.9999999999999993e-03 -8.0000000000000002e-03 -7.0000000000000001e-03 -6.0000000000000001e-03 -5.0000000000000001e-03 -4.0000000000000001e-03 -3.0000000000000001e-03 -2.0000000000000000e-03 -1.0000000000000000e-03  0.0000000000000000e+00  1.0000000000000000e-03  2.0000000000000000e-03  3.0000000000000001e-03  4.0000000000000001e-03  5.0000000000000001e-03  6.0000000000000001e-03  7.0000000000000001e-03  8.0000000000000002e-03  8.9999999999999993e-03  1.0000000000000000e-02  1.0999999999999999e-02  1.2000000000000000e-02  1.2999999999999999e-02  1.4000000000000000e-02  1.4999999999999999e-02  1.6000000000000000e-02  1.7000000000000001e-02  1.7999999999999999e-02  1.9000000000000000e-02  2.0000000000000000e-02  2.1000000000000001e-02  2.1999999999999999e-02  2.3000000000000000e-02  2.4000000000000000e-02  2.5000000000000001e-02  2.5999999999999999e-02  2.7000000000000000e-02  2.8000000000000001e-02  2.9000000000000001e-02  2.9999999999999999e-02
   5.0000000000000001e-03 -6.8228579999999994e+01 -1.5143499000000000e+02 -1.1191649000000000e+02 -9.3547370000000001e+01 -8.4897399999999990e+01 -7.9941539999999989e+01 -7.6157269999999997e+01 -7.2948750000000004e+01 -7.3618090000000009e+01 -7.3391219999999990e+01 -7.3004120000000000e+01 -7.2644459999999995e+01 -7.2327920000000006e+01 -7.2040779999999998e+01 -7.1763439999999989e+01 -7.1462580000000003e+01 -7.1051469999999995e+01 -7.0141539999999992e+01 -6.6916849999999997e+01 -6.8454960000000000e+01 -7.0341459999999998e+01 -7.1240610000000004e+01 -7.1985410000000002e+01 -7.2764019999999988e+01 -7.2098599999999990e+01 -7.2187290000000004e+01 -8.2636539999999997e+01 -9.9025569999999988e+01 -1.3694078999999999e+02 -2.5796000999999995e+02 -3.4564599999999996e+02 -2.5796000999999995e+02 -1.3694030000000001e+02 -9.9025080000000003e+01 -8.2636539999999997e+01 -7.2187290000000004e+01 -7.2099089999999990e+01 -7.2764019999999988e+01 -7.1985410000000002e+01 -7.1240610000000004e+01 -7.0341459999999998e+01 -6.8454470000000001e+01 -6.6916359999999997e+01 -7.0141539999999992e+01 -7.1051469999999995e+01 -7.1462580000000003e+01 -7.1763439999999989e+01 -7.2040779999999998e+01 -7.2327920000000006e+01 -7.2644459999999995e+01 -7.3004120000000000e+01 -7.3391219999999990e+01 -7.3617600000000010e+01 -7.2948750000000004e+01 -7.6157269999999997e+01 -7.9941539999999989e+01 -8.4897399999999990e+01 -9.3547370000000001e+01 -1.1191649000000000e+02 -1.5143499000000000e+02 -6.8228579999999994e+01
   4.4999999999999997e-03 -5.4944679999999998e+01 -9.0797489999999996e+01 -8.4448560000000001e+01 -7.5069960000000009e+01 -6.9434470000000005e+01 -6.5892259999999993e+01 -6.3234989999999996e+01 -6.1469519999999996e+01 -6.1228439999999999e+01 -6.1024600000000000e+01 -6.0735989999999994e+01 -6.0448849999999993e+01 -6.0179349999999999e+01 -5.9922100000000000e+01 -5.9658479999999997e+01 -5.9355169999999994e+01 -5.8928870000000003e+01 -5.8128699999999995e+01 -5.6785609999999998e+01 -5.7115870000000001e+01 -5.8170349999999999e+01 -5.8849980000000002e+01 -5.9380650000000003e+01 -5.9844189999999998e+01 -5.9859870000000001e+01 -6.1501859999999994e+01 -6.8859209999999990e+01 -8.2848219999999998e+01 -1.1267010999999999e+02 -1.7456544000000000e+02 -2.1573377000000002e+02 -1.7456544000000000e+02 -1.1267010999999999e+02 -8.2848219999999998e+01 -6.8859209999999990e+01 -6.1501859999999994e+01 -5.9859870000000001e+01 -5.9844189999999998e+01 -5.9380159999999997e+01 -5.8849489999999996e+01 -5.8170349999999999e+01 -5.7115870000000001e+01 -5.6785609999999998e+01 -5.8128699999999995e+01 -5.8928379999999997e+01 -5.9355169999999994e+01 -5.9658969999999997e+01 -5.9922100000000000e+01 -6.0179349999999999e+01 -6.0448849999999993e+01 -6.0735989999999994e+01 -6.1025089999999999e+01 -6.1228439999999999e+01 -6.1469519999999996e+01 -6.3234500000000004e+01 -6.5891770000000008e+01 -6.9434470000000005e+01 -7.5069960000000009e+01 -8.4448560000000001e+01 -9.0797489999999996e+01 -5.4944679999999998e+01
   4.0000000000000001e-03 -4.2512448999999997e+01 -6.1635140000000000e+01 -6.3859249999999996e+01 -6.0377309999999994e+01 -5.7306480000000001e+01 -5.5082859999999997e+01 -5.3393830000000001e+01 -5.2304560000000002e+01 -5.1920890000000000e+01 -5.1707739999999994e+01 -5.1480379999999997e+01 -5.1248609999999999e+01 -5.1020759999999996e+01 -5.0791440000000001e+01 -5.0547420000000002e+01 -5.0260769999999994e+01 -4.9872689999999999e+01 -4.9280769999999997e+01 -4.8601091000000004e+01 -4.8618142999999996e+01 -4.9116129999999998e+01 -4.9542920000000002e+01 -4.9881510000000006e+01 -5.0187269999999998e+01 -5.0565549999999995e+01 -5.2362379999999995e+01 -5.7804320000000004e+01 -6.8677419999999998e+01 -8.9521529999999998e+01 -1.2227901000000000e+02 -1.4141840999999999e+02 -1.2227901000000000e+02 -8.9522019999999998e+01 -6.8677419999999998e+01 -5.7803829999999998e+01 -5.2362379999999995e+01 -5.0565549999999995e+01 -5.0187269999999998e+01 -4.9881510000000006e+01 -4.9542920000000002e+01 -4.9116129999999998e+01 -4.8618192000000001e+01 -4.8601140000000001e+01 -4.9280769999999997e+01 -4.9872689999999999e+01 -5.0260769999999994e+01 -5.0547420000000002e+01 -5.0791440000000001e+01 -5.1020759999999996e+01 -5.1248609999999999e+01 -5.1480379999999997e+01 -5.1707739999999994e+01 -5.1920890000000000e+01 -5.2304560000000002e+01 -5.3393830000000001e+01 -5.5082859999999997e+01 -5.7306480000000001e+01 -6.0377309999999994e+01 -6.3859249999999996e+01 -6.1635140000000000e+01 -4.2512448999999997e+01
   3.5000000000000001e-03 -3.3068973000000000e+01 -4.4622487000000000e+01 -4.8496083999999996e+01 -4.8032494999999997e+01 -4.6756436999999998e+01 -4.5582347999999996e+01 -4.4622193000000003e+01 -4.3970982999999997e+01 -4.3653560999999996e+01 -4.3464224999999999e+01 -4.3284639999999996e+01 -4.3099273000000004e+01 -4.2908859000000000e+01 -4.2710065999999998e+01 -4.2492702000000001e+01 -4.2237608000000002e+01 -4.1912345999999999e+01 -4.1489230999999997e+01 -4.1081256999999994e+01 -4.0995850000000004e+01 -4.1187783000000003e+01 -4.1406813000000000e+01 -4.1592131000000002e+01 -4.1794158000000003e+01 -4.2235256000000000e+01 -4.3781059000000006e+01 -4.7811259999999997e+01 -5.5784540000000000e+01 -6.9638800000000003e+01 -8.7805059999999997e+01 -9.7340459999999993e+01 -8.7805059999999997e+01 -6.9638800000000003e+01 -5.5784050000000001e+01 -4.7811309000000001e+01 -4.3781107999999996e+01 -4.2235206999999996e+01 -4.1794158000000003e+01 -4.1592081999999998e+01 -4.1406861999999997e+01 -4.1187783000000003e+01 -4.0995801000000000e+01 -4.1081305999999998e+01 -4.1489328999999998e+01 -4.1912345999999999e+01 -4.2237608000000002e+01 -4.2492702000000001e+01 -4.2710065999999998e+01 -4.2908760999999998e+01 -4.3099273000000004e+01 -4.3284639999999996e+01 -4.3464224999999999e+01 -4.3653560999999996e+01 -4.3971032000000001e+01 -4.4622242000000000e+01 -4.5582347999999996e+01 -4.6756388000000001e+01 -4.8032543999999994e+01 -4.8496083999999996e+01 -4.4622487000000000e+01 -3.3069021999999997e+01
   3.0000000000000001e-03 -2.5765719000000001e+01 -3.3272323000000000e+01 -3.6928653999999995e+01 -3.7752540000000003e+01 -3.7552962999999998e+01 -3.7109855999999994e+01 -3.6660574999999994e+01 -3.6317575000000005e+01 -3.6110794999999996e+01 -3.5968009000000002e+01 -3.5831102999999999e+01 -3.5685524000000001e+01 -3.5529948999999995e+01 -3.5362271000000000e+01 -3.5176119999999997e+01 -3.4959980999999999e+01 -3.4698859999999996e+01 -3.4393051000000000e+01 -3.4114192000000003e+01 -3.3992818999999997e+01 -3.4024619999999999e+01 -3.4099197999999994e+01 -3.4170738000000000e+01 -3.4286328999999995e+01 -3.4655347999999996e+01 -3.5851388999999998e+01 -3.8772769000000004e+01 -4.4403407999999999e+01 -5.3436950000000003e+01 -6.3929319999999997e+01 -6.9019930000000002e+01 -6.3929319999999997e+01 -5.3436950000000003e+01 -4.4403407999999999e+01 -3.8772769000000004e+01 -3.5851438000000002e+01 -3.4655347999999996e+01 -3.4286328999999995e+01 -3.4170786999999997e+01 -3.4099197999999994e+01 -3.4024669000000003e+01 -3.3992818999999997e+01 -3.4114093999999994e+01 -3.4393002000000003e+01 -3.4698859999999996e+01 -3.4959932000000002e+01 -3.5176119999999997e+01 -3.5362222000000003e+01 -3.5529948999999995e+01 -3.5685524000000001e+01 -3.5831102999999999e+01 -3.5968009000000002e+01 -3.6110794999999996e+01 -3.6317575000000005e+01 -3.6660623999999999e+01 -3.7109855999999994e+01 -3.7553012000000003e+01 -3.7752540000000003e+01 -3.6928653999999995e+01 -3.3272323000000000e+01 -2.5765719000000001e+01
   2.5000000000000001e-03 -1.9895519000000000e+01 -2.4966970000000000e+01 -2.7961898999999999e+01 -2.9184056999999999e+01 -2.9530781000000001e+01 -2.9531417999999999e+01 -2.9410338999999997e+01 -2.9276128000000000e+01 -2.9169699999999999e+01 -2.9077286000000001e+01 -2.8978747000000002e+01 -2.8867712999999998e+01 -2.8744233000000001e+01 -2.8607473999999996e+01 -2.8454201999999999e+01 -2.8278438999999999e+01 -2.8074794999999998e+01 -2.7850031999999999e+01 -2.7644330000000000e+01 -2.7516048000000001e+01 -2.7469155000000001e+01 -2.7455925000000001e+01 -2.7451025000000001e+01 -2.7495467999999999e+01 -2.7754580000000001e+01 -2.8616244999999999e+01 -3.0673804000000001e+01 -3.4544167000000002e+01 -4.0390944999999995e+01 -4.6646529999999998e+01 -4.9518419999999999e+01 -4.6646529999999998e+01 -4.0390944999999995e+01 -3.4544167000000002e+01 -3.0673902000000002e+01 -2.8616147000000002e+01 -2.7754580000000001e+01 -2.7495467999999999e+01 -2.7450975999999997e+01 -2.7455925000000001e+01 -2.7469155000000001e+01 -2.7516048000000001e+01 -2.7644330000000000e+01 -2.7850080999999999e+01 -2.8074794999999998e+01 -2.8278438999999999e+01 -2.8454201999999999e+01 -2.8607473999999996e+01 -2.8744184000000001e+01 -2.8867712999999998e+01 -2.8978747000000002e+01 -2.9077286000000001e+01 -2.9169650999999998e+01 -2.9276177000000001e+01 -2.9410338999999997e+01 -2.9531417999999999e+01 -2.9530781000000001e+01 -2.9184056999999999e+01 -2.7961898999999999e+01 -2.4966970000000000e+01 -1.9895519000000000e+01
   2.0000000000000000e-03 -1.4994000000000000e+01 -1.8458300000000001e+01 -2.0747090000000000e+01 -2.1943522999999999e+01 -2.2490510000000000e+01 -2.2710863000000000e+01 -2.2772456000000002e+01 -2.2764567000000000e+01 -2.2730169000000000e+01 -2.2679894999999998e+01 -2.2613695999999997e+01 -2.2532502999999998e+01 -2.2438226999999998e+01 -2.2331357999999998e+01 -2.2210818000000000e+01 -2.2074107999999999e+01 -2.1920101000000003e+01 -2.1755020000000002e+01 -2.1599739000000000e+01 -2.1481109999999997e+01 -2.1403347000000000e+01 -2.1346212999999999e+01 -2.1298388999999997e+01 -2.1292753999999999e+01 -2.1450631999999999e+01 -2.2034516000000000e+01 -2.3435964999999999e+01 -2.6028701999999999e+01 -2.9781416000000000e+01 -3.3580826999999999e+01 -3.5260596000000000e+01 -3.3580826999999999e+01 -2.9781416000000000e+01 -2.6028701999999999e+01 -2.3435964999999999e+01 -2.2034516000000000e+01 -2.1450631999999999e+01 -2.1292753999999999e+01 -2.1298388999999997e+01 -2.1346114999999998e+01 -2.1403297999999999e+01 -2.1481109999999997e+01 -2.1599690000000002e+01 -2.1755020000000002e+01 -2.1920101000000003e+01 -2.2074107999999999e+01 -2.2210818000000000e+01 -2.2331357999999998e+01 -2.2438226999999998e+01 -2.2532551999999999e+01 -2.2613695999999997e+01 -2.2679894999999998e+01 -2.2730169000000000e+01 -2.2764517999999999e+01 -2.2772406999999998e+01 -2.2710813999999999e+01 -2.2490510000000000e+01 -2.1943522999999999e+01 -2.0747090000000000e+01 -1.8458300000000001e+01 -1.4994049000000000e+01
   1.5000000000000000e-03 -1.0750894000000001e+01 -1.3065507000000000e+01 -1.4703135999999999e+01 -1.5681372000000000e+01 -1.6219294000000001e+01 -1.6500651999999999e+01 -1.6634961000000001e+01 -1.6686950000000000e+01 -1.6693515999999999e+01 -1.6672201000000001e+01 -1.6631236999999999e+01 -1.6575327999999999e+01 -1.6507511999999998e+01 -1.6429161000000001e+01 -1.6340323999999999e+01 -1.6240413000000000e+01 -1.6129771000000002e+01 -1.6012416000000002e+01 -1.5898637999999998e+01 -1.5800736000000001e+01 -1.5721552000000001e+01 -1.5652756000000000e+01 -1.5590330000000000e+01 -1.5558970000000000e+01 -1.5641926999999999e+01 -1.6012563000000000e+01 -1.6923718000000001e+01 -1.8595548999999998e+01 -2.0947696000000001e+01 -2.3243738000000000e+01 -2.4234175000000000e+01 -2.3243738000000000e+01 -2.0947696000000001e+01 -1.8595548999999998e+01 -1.6923718000000001e+01 -1.6012563000000000e+01 -1.5641926999999999e+01 -1.5558970000000000e+01 -1.5590427999999999e+01 -1.5652805000000001e+01 -1.5721600999999998e+01 -1.5800736000000001e+01 -1.5898589000000001e+01 -1.6012416000000002e+01 -1.6129771000000002e+01 -1.6240413000000000e+01 -1.6340323999999999e+01 -1.6429161000000001e+01 -1.6507511999999998e+01 -1.6575327999999999e+01 -1.6631236999999999e+01 -1.6672201000000001e+01 -1.6693515999999999e+01 -1.6686950000000000e+01 -1.6634961000000001e+01 -1.6500651999999999e+01 -1.6219343000000002e+01 -1.5681420999999999e+01 -1.4703135999999999e+01 -1.3065507000000000e+01 -1.0750894000000001e+01
   1.0000000000000000e-03 -6.9454560000000001e+00 -8.3711599999999997e+00 -9.4225040000000000e+00 -1.0100076000000000e+01 -1.0509618000000000e+01 -1.0747709000000000e+01 -1.0877460999999998e+01 -1.0939544000000000e+01 -1.0960075000000000e+01 -1.0954538000000001e+01 -1.0931851000000000e+01 -1.0897159000000000e+01 -1.0853451000000000e+01 -1.0802148000000001e+01 -1.0743838000000000e+01 -1.0678569999999999e+01 -1.0606931999999999e+01 -1.0531080000000001e+01 -1.0455767000000000e+01 -1.0386334000000000e+01 -1.0324299999999999e+01 -1.0266578000000001e+01 -1.0212041000000001e+01 -1.0177006000000000e+01 -1.0213412999999999e+01 -1.0427346999999999e+01 -1.0969385000000001e+01 -1.1962320999999999e+01 -1.3335497000000000e+01 -1.4646051000000000e+01 -1.5202397000000001e+01 -1.4645904000000000e+01 -1.3335497000000000e+01 -1.1962320999999999e+01 -1.0969385000000001e+01 -1.0427249000000000e+01 -1.0213412999999999e+01 -1.0177054999999999e+01 -1.0212090000000000e+01 -1.0266578000000001e+01 -1.0324349000000000e+01 -1.0386334000000000e+01 -1.0455767000000000e+01 -1.0531080000000001e+01 -1.0606931999999999e+01 -1.0678569999999999e+01 -1.0743838000000000e+01 -1.0802148000000001e+01 -1.0853451000000000e+01 -1.0897159000000000e+01 -1.0931851000000000e+01 -1.0954538000000001e+01 -1.0960075000000000e+01 -1.0939544000000000e+01 -1.0877460999999998e+01 -1.0747709000000000e+01 -1.0509618000000000e+01 -1.0100076000000000e+01 -9.4225040000000000e+00 -8.3711599999999997e+00 -6.9454560000000001e+00
   5.0000000000000001e-04 -3.4087291000000000e+00 -4.0893978999999998e+00 -4.6026091999999998e+00 -4.9468439999999996e+00 -5.1650410000000004e+00 -5.2982719999999999e+00 -5.3748099999999992e+00 -5.4140590000000000e+00 -5.4292979999999993e+00 -5.4292979999999993e+00 -5.4194490000000002e+00 -5.4028870000000007e+00 -5.3815229999999996e+00 -5.3561899999999998e+00 -5.3273289999999998e+00 -5.2950869999999997e+00 -5.2598560000000001e+00 -5.2225669999999997e+00 -5.1849350000000003e+00 -5.1489690000000001e+00 -5.1153059999999995e+00 -5.0829659999999999e+00 -5.0517529999999997e+00 -5.0297519999999993e+00 -5.0419529999999995e+00 -5.1385320000000005e+00 -5.3904899999999998e+00 -5.8522170000000004e+00 -6.4850029999999999e+00 -7.0815779999999995e+00 -7.3329479999999991e+00 -7.0815779999999995e+00 -6.4850029999999999e+00 -5.8522170000000004e+00 -5.3904899999999998e+00 -5.1385320000000005e+00 -5.0419529999999995e+00 -5.0297519999999993e+00 -5.0517529999999997e+00 -5.0829170000000001e+00 -5.1153059999999995e+00 -5.1489690000000001e+00 -5.1849350000000003e+00 -5.2225669999999997e+00 -5.2598560000000001e+00 -5.2950869999999997e+00 -5.3273289999999998e+00 -5.3561899999999998e+00 -5.3815229999999996e+00 -5.4028870000000007e+00 -5.4194490000000002e+00 -5.4292979999999993e+00 -5.4292979999999993e+00 -5.4140590000000000e+00 -5.3748099999999992e+00 -5.2982719999999999e+00 -5.1650410000000004e+00 -4.9468930000000002e+00 -4.6026091999999998e+00 -4.0893782999999999e+00 -3.4087291000000000e+00
   0.0000000000000000e+00 -2.0339017999999999e-07 -2.5755919000000001e-07 -2.7438628000000002e-07 -2.5800998999999998e-07 -3.1939914999999995e-07 -1.8897829999999999e-07 -1.9257783999999999e-07 -9.7173369999999998e-08 -9.7538910000000002e-08  4.8826883000000003e-08  1.4637182000000002e-07  1.9485535999999999e-07  2.9161565999999999e-07  2.9083607000000001e-07  4.3487402000000000e-07  4.3332268000000000e-07  5.2746050000000000e-07  6.2079570000000002e-07  6.1793409999999997e-07  6.1470499999999994e-07  6.5738400000000003e-07  6.0410139999999996e-07  4.5732630999999999e-07  4.0114829999999999e-07  2.1404572000000000e-07  3.9991448000000001e-08 -7.2366629999999997e-08 -1.6667791000000000e-07 -2.0295505999999999e-07 -1.3237643999999998e-07  0.0000000000000000e+00  1.3824614999999999e-07  2.2128057000000001e-07  2.1203622999999999e-07  2.3514071000000001e-07  4.0286721999999999e-08 -4.2759948000000004e-08 -1.3369502999999998e-07 -1.3715002000000000e-07 -2.3231684000000000e-07 -1.4085539999999999e-07 -2.3643186000000000e-07 -2.3764265000000001e-07 -1.9070358999999998e-07  7.8118739999999994e-06 -1.4445494000000000e-07 -1.4497972999999999e-07 -1.4543248999999998e-07 -9.7241479999999998e-08 -4.8742848000000000e-08 -4.8820660000000002e-08 -9.7670719999999992e-08 -4.8810811000000002e-08  0.0000000000000000e+00 -4.8189343999999999e-08 -4.7305285999999998e-08 -4.5683630999999999e-08 -8.6079769999999987e-08 -7.8446060000000006e-08 -5.1539179999999994e-08 -7.2160829999999999e-08
  -5.0000000000000001e-04  3.4087291000000000e+00  4.0893978999999998e+00  4.6026091999999998e+00  4.9468439999999996e+00  5.1650410000000004e+00  5.2982719999999999e+00  5.3748099999999992e+00  5.4140590000000000e+00  5.4292979999999993e+00  5.4292979999999993e+00  5.4194490000000002e+00  5.4028870000000007e+00  5.3815229999999996e+00  5.3561899999999998e+00  5.3273289999999998e+00  5.2950869999999997e+00  5.2598560000000001e+00  5.2225669999999997e+00  5.1849350000000003e+00  5.1489690000000001e+00  5.1153059999999995e+00  5.0829170000000001e+00  5.0517529999999997e+00  5.0297519999999993e+00  5.0419529999999995e+00  5.1385320000000005e+00  5.3904899999999998e+00  5.8522170000000004e+00  6.4850029999999999e+00  7.0815779999999995e+00  7.3329479999999991e+00  7.0815779999999995e+00  6.4850029999999999e+00  5.8522170000000004e+00  5.3904899999999998e+00  5.1385320000000005e+00  5.0419529999999995e+00  5.0297519999999993e+00  5.0517529999999997e+00  5.0829170000000001e+00  5.1153059999999995e+00  5.1489690000000001e+00  5.1849350000000003e+00  5.2225669999999997e+00  5.2598560000000001e+00  5.2950869999999997e+00  5.3273289999999998e+00  5.3561899999999998e+00  5.3815229999999996e+00  5.4028870000000007e+00  5.4194490000000002e+00  5.4292979999999993e+00  5.4292979999999993e+00  5.4140590000000000e+00  5.3748099999999992e+00  5.2982719999999999e+00  5.1650410000000004e+00  4.9468439999999996e+00  4.6026091999999998e+00  4.0893782999999999e+00  3.4087339999999999e+00
  -1.0000000000000000e-03  6.9454560000000001e+00  8.3711599999999997e+00  9.4224550000000011e+00  1.0100076000000000e+01  1.0509618000000000e+01  1.0747709000000000e+01  1.0877460999999998e+01  1.0939544000000000e+01  1.0960075000000000e+01  1.0954538000000001e+01  1.0931851000000000e+01  1.0897159000000000e+01  1.0853451000000000e+01  1.0802148000000001e+01  1.0743838000000000e+01  1.0678521000000000e+01  1.0606883000000000e+01  1.0531080000000001e+01  1.0455767000000000e+01  1.0386334000000000e+01  1.0324349000000000e+01  1.0266578000000001e+01  1.0212041000000001e+01  1.0177006000000000e+01  1.0213412999999999e+01  1.0427249000000000e+01  1.0969385000000001e+01  1.1962320999999999e+01  1.3335497000000000e+01  1.4645904000000000e+01  1.5202397000000001e+01  1.4646051000000000e+01  1.3335497000000000e+01  1.1962320999999999e+01  1.0969385000000001e+01  1.0427298000000000e+01  1.0213412999999999e+01  1.0177006000000000e+01  1.0212041000000001e+01  1.0266578000000001e+01  1.0324349000000000e+01  1.0386334000000000e+01  1.0455767000000000e+01  1.0531080000000001e+01  1.0606931999999999e+01  1.0678569999999999e+01  1.0743838000000000e+01  1.0802148000000001e+01  1.0853451000000000e+01  1.0897159000000000e+01  1.0931851000000000e+01  1.0954538000000001e+01  1.0960075000000000e+01  1.0939544000000000e+01  1.0877460999999998e+01  1.0747709000000000e+01  1.0509618000000000e+01  1.0100076000000000e+01  9.4224550000000011e+00  8.3711599999999997e+00  6.9454560000000001e+00
  -1.5000000000000000e-03  1.0750894000000001e+01  1.3065507000000000e+01  1.4703087000000000e+01  1.5681420999999999e+01  1.6219294000000001e+01  1.6500651999999999e+01  1.6634961000000001e+01  1.6686950000000000e+01  1.6693515999999999e+01  1.6672201000000001e+01  1.6631236999999999e+01  1.6575327999999999e+01  1.6507511999999998e+01  1.6429161000000001e+01  1.6340323999999999e+01  1.6240413000000000e+01  1.6129771000000002e+01  1.6012416000000002e+01  1.5898589000000001e+01  1.5800736000000001e+01  1.5721552000000001e+01  1.5652805000000001e+01  1.5590379000000000e+01  1.5558970000000000e+01  1.5641926999999999e+01  1.6012563000000000e+01  1.6923718000000001e+01  1.8595548999999998e+01  2.0947696000000001e+01  2.3243738000000000e+01  2.4234175000000000e+01  2.3243738000000000e+01  2.0947696000000001e+01  1.8595548999999998e+01  1.6923718000000001e+01  1.6012563000000000e+01  1.5641926999999999e+01  1.5558970000000000e+01  1.5590330000000000e+01  1.5652805000000001e+01  1.5721600999999998e+01  1.5800736000000001e+01  1.5898589000000001e+01  1.6012416000000002e+01  1.6129771000000002e+01  1.6240413000000000e+01  1.6340323999999999e+01  1.6429161000000001e+01  1.6507511999999998e+01  1.6575327999999999e+01  1.6631236999999999e+01  1.6672201000000001e+01  1.6693515999999999e+01  1.6686950000000000e+01  1.6634961000000001e+01  1.6500651999999999e+01  1.6219294000000001e+01  1.5681420999999999e+01  1.4703135999999999e+01  1.3065507000000000e+01  1.0750894000000001e+01
  -2.0000000000000000e-03  1.4994049000000000e+01  1.8458300000000001e+01  2.0747090000000000e+01  2.1943522999999999e+01  2.2490461000000000e+01  2.2710813999999999e+01  2.2772456000000002e+01  2.2764567000000000e+01  2.2730169000000000e+01  2.2679846000000001e+01  2.2613695999999997e+01  2.2532551999999999e+01  2.2438275999999998e+01  2.2331357999999998e+01  2.2210818000000000e+01  2.2074107999999999e+01  2.1920101000000003e+01  2.1755020000000002e+01  2.1599690000000002e+01  2.1481109999999997e+01  2.1403297999999999e+01  2.1346114999999998e+01  2.1298388999999997e+01  2.1292753999999999e+01  2.1450631999999999e+01  2.2034516000000000e+01  2.3435964999999999e+01  2.6028701999999999e+01  2.9781416000000000e+01  3.3580826999999999e+01  3.5260596000000000e+01  3.3580826999999999e+01  2.9781416000000000e+01  2.6028701999999999e+01  2.3435964999999999e+01  2.2034516000000000e+01  2.1450631999999999e+01  2.1292753999999999e+01  2.1298388999999997e+01  2.1346164000000002e+01  2.1403347000000000e+01  2.1481061000000000e+01  2.1599739000000000e+01  2.1755020000000002e+01  2.1920150000000000e+01  2.2074107999999999e+01  2.2210818000000000e+01  2.2331357999999998e+01  2.2438226999999998e+01  2.2532551999999999e+01  2.2613695999999997e+01  2.2679894999999998e+01  2.2730169000000000e+01  2.2764517999999999e+01  2.2772406999999998e+01  2.2710813999999999e+01  2.2490510000000000e+01  2.1943522999999999e+01  2.0747090000000000e+01  1.8458300000000001e+01  1.4994049000000000e+01
  -2.5000000000000001e-03  1.9895519000000000e+01  2.4966970000000000e+01  2.7961849999999998e+01  2.9184056999999999e+01  2.9530781000000001e+01  2.9531417999999999e+01  2.9410388000000001e+01  2.9276128000000000e+01  2.9169748999999999e+01  2.9077335000000001e+01  2.8978747000000002e+01  2.8867712999999998e+01  2.8744184000000001e+01  2.8607473999999996e+01  2.8454201999999999e+01  2.8278438999999999e+01  2.8074794999999998e+01  2.7850080999999999e+01  2.7644330000000000e+01  2.7515998999999997e+01  2.7469155000000001e+01  2.7455925000000001e+01  2.7451073999999998e+01  2.7495467999999999e+01  2.7754580000000001e+01  2.8616147000000002e+01  3.0673902000000002e+01  3.4544167000000002e+01  4.0390944999999995e+01  4.6646529999999998e+01  4.9518419999999999e+01  4.6646529999999998e+01  4.0390944999999995e+01  3.4544167000000002e+01  3.0673804000000001e+01  2.8616244999999999e+01  2.7754628999999998e+01  2.7495467999999999e+01  2.7451025000000001e+01  2.7455974000000001e+01  2.7469155000000001e+01  2.7516048000000001e+01  2.7644330000000000e+01  2.7850080999999999e+01  2.8074794999999998e+01  2.8278438999999999e+01  2.8454201999999999e+01  2.8607473999999996e+01  2.8744233000000001e+01  2.8867712999999998e+01  2.8978747000000002e+01  2.9077286000000001e+01  2.9169650999999998e+01  2.9276177000000001e+01  2.9410338999999997e+01  2.9531417999999999e+01  2.9530781000000001e+01  2.9184056999999999e+01  2.7961849999999998e+01  2.4966970000000000e+01  1.9895519000000000e+01
  -3.0000000000000001e-03  2.5765719000000001e+01  3.3272323000000000e+01  3.6928653999999995e+01  3.7752540000000003e+01  3.7552962999999998e+01  3.7109855999999994e+01  3.6660623999999999e+01  3.6317575000000005e+01  3.6110746000000006e+01  3.5968057999999999e+01  3.5831102999999999e+01  3.5685524000000001e+01  3.5529948999999995e+01  3.5362222000000003e+01  3.5176119999999997e+01  3.4959932000000002e+01  3.4698859999999996e+01  3.4393002000000003e+01  3.4114142999999999e+01  3.3992818999999997e+01  3.4024669000000003e+01  3.4099197999999994e+01  3.4170786999999997e+01  3.4286328999999995e+01  3.4655494999999995e+01  3.5851438000000002e+01  3.8772769000000004e+01  4.4403407999999999e+01  5.3436950000000003e+01  6.3929319999999997e+01  6.9019930000000002e+01  6.3929319999999997e+01  5.3436950000000003e+01  4.4403407999999999e+01  3.8772769000000004e+01  3.5851340000000000e+01  3.4655347999999996e+01  3.4286328999999995e+01  3.4170786999999997e+01  3.4099197999999994e+01  3.4024669000000003e+01  3.3992770000000000e+01  3.4114093999999994e+01  3.4393002000000003e+01  3.4698909000000000e+01  3.4959932000000002e+01  3.5176119999999997e+01  3.5362271000000000e+01  3.5529948999999995e+01  3.5685524000000001e+01  3.5831102999999999e+01  3.5968009000000002e+01  3.6110794999999996e+01  3.6317575000000005e+01  3.6660574999999994e+01  3.7109855999999994e+01  3.7553012000000003e+01  3.7752540000000003e+01  3.6928653999999995e+01  3.3272323000000000e+01  2.5765719000000001e+01
  -3.5000000000000001e-03  3.3069021999999997e+01  4.4622487000000000e+01  4.8496133000000000e+01  4.8032494999999997e+01  4.6756388000000001e+01  4.5582347999999996e+01  4.4622193000000003e+01  4.3970982999999997e+01  4.3653560999999996e+01  4.3464224999999999e+01  4.3284639999999996e+01  4.3099273000000004e+01  4.2908711999999994e+01  4.2710017000000001e+01  4.2492702000000001e+01  4.2237608000000002e+01  4.1912345999999999e+01  4.1489230999999997e+01  4.1081256999999994e+01  4.0995801000000000e+01  4.1187783000000003e+01  4.1406813000000000e+01  4.1592081999999998e+01  4.1794207000000000e+01  4.2235256000000000e+01  4.3781107999999996e+01  4.7811309000000001e+01  5.5784050000000001e+01  6.9638800000000003e+01  8.7805059999999997e+01  9.7340459999999993e+01  8.7805059999999997e+01  6.9638800000000003e+01  5.5784540000000000e+01  4.7811309000000001e+01  4.3781059000000006e+01  4.2235256000000000e+01  4.1794158000000003e+01  4.1592131000000002e+01  4.1406813000000000e+01  4.1187733999999999e+01  4.0995850000000004e+01  4.1081256999999994e+01  4.1489328999999998e+01  4.1912345999999999e+01  4.2237608000000002e+01  4.2492653000000004e+01  4.2710017000000001e+01  4.2908760999999998e+01  4.3099273000000004e+01  4.3284639999999996e+01  4.3464224999999999e+01  4.3653560999999996e+01  4.3971032000000001e+01  4.4622242000000000e+01  4.5582347999999996e+01  4.6756388000000001e+01  4.8032543999999994e+01  4.8496133000000000e+01  4.4622487000000000e+01  3.3068973000000000e+01
  -4.0000000000000001e-03  4.2512448999999997e+01  6.1635140000000000e+01  6.3859249999999996e+01  6.0377309999999994e+01  5.7306480000000001e+01  5.5082369999999997e+01  5.3393830000000001e+01  5.2304560000000002e+01  5.1920890000000000e+01  5.1707739999999994e+01  5.1480379999999997e+01  5.1248609999999999e+01  5.1020270000000004e+01  5.0791440000000001e+01  5.0547420000000002e+01  5.0260769999999994e+01  4.9872689999999999e+01  4.9280769999999997e+01  4.8601091000000004e+01  4.8618192000000001e+01  4.9116129999999998e+01  4.9542920000000002e+01  4.9881510000000006e+01  5.0187269999999998e+01  5.0565549999999995e+01  5.2362379999999995e+01  5.7803829999999998e+01  6.8677419999999998e+01  8.9522019999999998e+01  1.2227901000000000e+02  1.4141840999999999e+02  1.2227901000000000e+02  8.9521529999999998e+01  6.8676929999999999e+01  5.7803829999999998e+01  5.2362379999999995e+01  5.0565549999999995e+01  5.0187269999999998e+01  4.9881510000000006e+01  4.9542920000000002e+01  4.9116129999999998e+01  4.8618192000000001e+01  4.8601091000000004e+01  4.9280769999999997e+01  4.9872689999999999e+01  5.0260769999999994e+01  5.0547420000000002e+01  5.0791440000000001e+01  5.1020270000000004e+01  5.1248609999999999e+01  5.1480379999999997e+01  5.1707739999999994e+01  5.1920890000000000e+01  5.2304560000000002e+01  5.3393830000000001e+01  5.5082859999999997e+01  5.7306480000000001e+01  6.0377309999999994e+01  6.3859249999999996e+01  6.1635140000000000e+01  4.2512448999999997e+01
  -4.4999999999999997e-03  5.4944679999999998e+01  9.0797489999999996e+01  8.4448560000000001e+01  7.5069960000000009e+01  6.9434470000000005e+01  6.5892259999999993e+01  6.3234989999999996e+01  6.1469519999999996e+01  6.1228439999999999e+01  6.1025089999999999e+01  6.0735989999999994e+01  6.0448849999999993e+01  6.0179349999999999e+01  5.9922100000000000e+01  5.9658969999999997e+01  5.9355660000000000e+01  5.8928379999999997e+01  5.8128699999999995e+01  5.6785609999999998e+01  5.7115870000000001e+01  5.8170349999999999e+01  5.8849980000000002e+01  5.9380650000000003e+01  5.9844189999999998e+01  5.9859870000000001e+01  6.1501859999999994e+01  6.8859209999999990e+01  8.2848219999999998e+01  1.1267010999999999e+02  1.7456544000000000e+02  2.1573377000000002e+02  1.7456544000000000e+02  1.1267010999999999e+02  8.2848219999999998e+01  6.8859209999999990e+01  6.1501859999999994e+01  5.9859870000000001e+01  5.9844189999999998e+01  5.9380650000000003e+01  5.8849489999999996e+01  5.8170349999999999e+01  5.7115870000000001e+01  5.6785609999999998e+01  5.8128699999999995e+01  5.8928379999999997e+01  5.9355169999999994e+01  5.9658969999999997e+01  5.9922100000000000e+01  6.0179349999999999e+01  6.0448849999999993e+01  6.0735989999999994e+01  6.1025089999999999e+01  6.1228439999999999e+01  6.1469519999999996e+01  6.3234500000000004e+01  6.5891770000000008e+01  6.9434470000000005e+01  7.5069960000000009e+01  8.4448560000000001e+01  9.0797489999999996e+01  5.4944679999999998e+01
  -5.0000000000000001e-03  6.8229069999999993e+01  1.5143499000000000e+02  1.1191649000000000e+02  9.3547370000000001e+01  8.4897399999999990e+01  7.9941539999999989e+01  7.6157269999999997e+01  7.2948750000000004e+01  7.3617600000000010e+01  7.3391219999999990e+01  7.3004120000000000e+01  7.2644459999999995e+01  7.2327920000000006e+01  7.2040779999999998e+01  7.1763439999999989e+01  7.1462580000000003e+01  7.1051469999999995e+01  7.0141539999999992e+01  6.6916359999999997e+01  6.8454470000000001e+01  7.0341459999999998e+01  7.1240610000000004e+01  7.1985900000000001e+01  7.2764019999999988e+01  7.2099089999999990e+01  7.2187290000000004e+01  8.2636539999999997e+01  9.9025569999999988e+01  1.3694030000000001e+02  2.5796000999999995e+02  3.4564599999999996e+02  2.5796000999999995e+02  1.3694030000000001e+02  9.9025569999999988e+01  8.2636539999999997e+01  7.2187290000000004e+01  7.2099089999999990e+01  7.2764019999999988e+01  7.1985410000000002e+01  7.1240610000000004e+01  7.0341459999999998e+01  6.8454470000000001e+01  6.6916359999999997e+01  7.0141539999999992e+01  7.1051469999999995e+01  7.1462580000000003e+01  7.1763439999999989e+01  7.2040779999999998e+01  7.2327920000000006e+01  7.2644459999999995e+01  7.3004120000000000e+01  7.3391219999999990e+01  7.3617600000000010e+01  7.2948750000000004e+01  7.6157269999999997e+01  7.9941539999999989e+01  8.4897399999999990e+01  9.3546880000000002e+01  1.1191649000000000e+02  1.5143499000000000e+02  6.8228579999999994e+01
# Longitudinally Integrated Squared Transverse Magnetic Field [T2m]
START
                          -2.9999999999999999e-02 -2.9000000000000001e-02 -2.8000000000000001e-02 -2.7000000000000000e-02 -2.5999999999999999e-02 -2.5000000000000001e-02 -2.4000000000000000e-02 -2.3000000000000000e-02 -2.1999999999999999e-02 -2.1000000000000001e-02 -2.0000000000000000e-02 -1.9000000000000000e-02 -1.7999999999999999e-02 -1.7000000000000001e-02 -1.6000000000000000e-02 -1.4999999999999999e-02 -1.4000000000000000e-02 -1.2999999999999999e-02 -1.2000000000000000e-02 -1.0999999999999999e-02 -1.0000000000000000e-02 -8.9999999999999993e-03 -8.0000000000000002e-03 -7.0000000000000001e-03 -6.0000000000000001e-03 -5.0000000000000001e-03 -4.0000000000000001e-03 -3.0000000000000001e-03 -2.0000000000000000e-03 -1.0000000000000000e-03  0.0000000000000000e+00  1.0000000000000000e-03  2.0000000000000000e-03  3.0000000000000001e-03  4.0000000000000001e-03  5.0000000000000001e-03  6.0000000000000001e-03  7.0000000000000001e-03  8.0000000000000002e-03  8.9999999999999993e-03  1.0000000000000000e-02  1.0999999999999999e-02  1.2000000000000000e-02  1.2999999999999999e-02  1.4000000000000000e-02  1.4999999999999999e-02  1.6000000000000000e-02  1.7000000000000001e-02  1.7999999999999999e-02  1.9000000000000000e-02  2.0000000000000000e-02  2.1000000000000001e-02  2.1999999999999999e-02  2.3000000000000000e-02  2.4000000000000000e-02  2.5000000000000001e-02  2.5999999999999999e-02  2.7000000000000000e-02  2.8000000000000001e-02  2.9000000000000001e-02  2.9999999999999999e-02
   5.0000000000000001e-03  5.0963919999999996e-01  7.0091559999999997e-01  6.8311880000000003e-01  6.4042999999999994e-01  6.0422389999999992e-01  5.7481899999999997e-01  5.5036309999999999e-01  5.3184110000000007e-01  5.2264869999999997e-01  5.1577399999999995e-01  5.1050649999999997e-01  5.0690499999999994e-01  5.0491069999999993e-01  5.0445989999999996e-01  5.0550359999999994e-01  5.0799770000000000e-01  5.1180990000000004e-01  5.1642080000000001e-01  5.2165890000000004e-01  5.3858839999999997e-01  5.6344610000000006e-01  5.9262559999999997e-01  6.2783700000000009e-01  6.7074630000000002e-01  7.2191700000000003e-01  7.9263869999999992e-01  9.0395199999999998e-01  1.0598112000000000e+00  1.2909980999999999e+00  1.6450868000000001e+00  1.8561788000000001e+00  1.6450868000000001e+00  1.2909980999999999e+00  1.0598112000000000e+00  9.0395199999999998e-01  7.9263869999999992e-01  7.2191700000000003e-01  6.7074630000000002e-01  6.2783700000000009e-01  5.9262559999999997e-01  5.6344610000000006e-01  5.3858839999999997e-01  5.2165890000000004e-01  5.1642080000000001e-01  5.1180990000000004e-01  5.0799770000000000e-01  5.0550359999999994e-01  5.0445989999999996e-01  5.0491069999999993e-01  5.0690499999999994e-01  5.1050649999999997e-01  5.1577399999999995e-01  5.2264869999999997e-01  5.3184110000000007e-01  5.5036309999999999e-01  5.7481899999999997e-01  6.0422389999999992e-01  6.4042999999999994e-01  6.8311880000000003e-01  7.0091559999999997e-01  5.0963919999999996e-01
   4.4999999999999997e-03  4.0774566000000001e-01  5.0951670000000004e-01  5.2363850000000001e-01  5.0345540000000000e-01  4.7896029999999995e-01  4.5652221999999998e-01  4.3733284000000000e-01  4.2267301999999995e-01  4.1332871999999998e-01  4.0678819999999999e-01  4.0206607000000000e-01  3.9898887000000000e-01  3.9747134000000001e-01  3.9746251999999999e-01  3.9894673000000003e-01  4.0193769000000001e-01  4.0644323999999998e-01  4.1248445000000000e-01  4.2116088000000002e-01  4.3680511000000000e-01  4.5928385999999999e-01  4.8715702000000000e-01  5.2132080000000003e-01  5.6323539999999994e-01  6.1491079999999998e-01  6.8383910000000003e-01  7.8080030000000000e-01  9.1148819999999997e-01  1.0864083999999998e+00  1.2958148000000000e+00  1.4052661000000000e+00  1.2958148000000000e+00  1.0864083999999998e+00  9.1148819999999997e-01  7.8080030000000000e-01  6.8383910000000003e-01  6.1491079999999998e-01  5.6323539999999994e-01  5.2132080000000003e-01  4.8715702000000000e-01  4.5928385999999999e-01  4.3680511000000000e-01  4.2116088000000002e-01  4.1248445000000000e-01  4.0644323999999998e-01  4.0193769000000001e-01  3.9894673000000003e-01  3.9746251999999999e-01  3.9747134000000001e-01  3.9898887000000000e-01  4.0206607000000000e-01  4.0678819999999999e-01  4.1332871999999998e-01  4.2267301999999995e-01  4.3733284000000000e-01  4.5652221999999998e-01  4.7896029999999995e-01  5.0345540000000000e-01  5.2363850000000001e-01  5.0951670000000004e-01  4.0774566000000001e-01
   4.0000000000000001e-03  3.2840681999999999e-01  3.8734794000000000e-01  4.0319405000000003e-01  3.9310396999999997e-01  3.7566094999999999e-01  3.5792490999999999e-01  3.4226108000000000e-01  3.2988613000000000e-01  3.2110631000000001e-01  3.1491221999999996e-01  3.1060904000000000e-01  3.0795471000000002e-01  3.0684338999999999e-01  3.0723195999999997e-01  3.0913218000000003e-01  3.1260726000000000e-01  3.1778361999999999e-01  3.2496016000000000e-01  3.3519674999999999e-01  3.5060774000000000e-01  3.7186001999999996e-01  3.9882814999999999e-01  4.3227898000000003e-01  4.7356638000000001e-01  5.2484390000000003e-01  5.9083220000000003e-01  6.7738579999999993e-01  7.8764559999999995e-01  9.2117059999999995e-01  1.0559597999999999e+00  1.1187042999999999e+00  1.0559597999999999e+00  9.2117059999999995e-01  7.8764559999999995e-01  6.7738579999999993e-01  5.9083220000000003e-01  5.2484390000000003e-01  4.7356638000000001e-01  4.3227898000000003e-01  3.9882814999999999e-01  3.7186001999999996e-01  3.5060774000000000e-01  3.3519674999999999e-01  3.2496016000000000e-01  3.1778361999999999e-01  3.1260726000000000e-01  3.0913218000000003e-01  3.0723195999999997e-01  3.0684338999999999e-01  3.0795471000000002e-01  3.1060904000000000e-01  3.1491221999999996e-01  3.2110631000000001e-01  3.2988613000000000e-01  3.4226108000000000e-01  3.5792490999999999e-01  3.7566094999999999e-01  3.9310396999999997e-01  4.0319405000000003e-01  3.8734794000000000e-01  3.2840681999999999e-01
   3.5000000000000001e-03  2.6696767999999998e-01  3.0158029999999997e-01  3.1198740999999997e-01  3.0482165000000000e-01  2.9083998999999999e-01  2.7584844000000003e-01  2.6232248000000002e-01  2.5135039999999997e-01  2.4315906999999998e-01  2.3729965000000000e-01  2.3332918000000000e-01  2.3101491000000002e-01  2.3024511999999997e-01  2.3098355000000001e-01  2.3326106999999999e-01  2.3717960000000002e-01  2.4293954999999998e-01  2.5093683999999999e-01  2.6202897000000003e-01  2.7750855999999996e-01  2.9822232999999998e-01  3.2466811999999995e-01  3.5769118000000000e-01  3.9855815999999999e-01  4.4912321999999999e-01  5.1232930000000010e-01  5.9115560000000000e-01  6.8602940000000001e-01  7.9145779999999999e-01  8.8595919999999995e-01  9.2635970000000001e-01  8.8595919999999995e-01  7.9145779999999999e-01  6.8602940000000001e-01  5.9115560000000000e-01  5.1232930000000010e-01  4.4912321999999999e-01  3.9855815999999999e-01  3.5769118000000000e-01  3.2466811999999995e-01  2.9822232999999998e-01  2.7750855999999996e-01  2.6202897000000003e-01  2.5093683999999999e-01  2.4293954999999998e-01  2.3717960000000002e-01  2.3326106999999999e-01  2.3098355000000001e-01  2.3024511999999997e-01  2.3101491000000002e-01  2.3332918000000000e-01  2.3729965000000000e-01  2.4315906999999998e-01  2.5135039999999997e-01  2.6232248000000002e-01  2.7584795000000001e-01  2.9083998999999999e-01  3.0482165000000000e-01  3.1198740999999997e-01  3.0158029999999997e-01  2.6696767999999998e-01
   3.0000000000000001e-03  2.1912946999999999e-01  2.3848594000000001e-01  2.4262105000000000e-01  2.3499566999999999e-01  2.2214149999999999e-01  2.0843473000000001e-01  1.9603675000000001e-01  1.8586435000000001e-01  1.7810422000000001e-01  1.7251870999999999e-01  1.6880695999999998e-01  1.6676219000000000e-01  1.6627512999999999e-01  1.6731294999999999e-01  1.6992023999999997e-01  1.7422440000000000e-01  1.8046209999999999e-01  1.8904739000000001e-01  2.0068783000000001e-01  2.1634088000000001e-01  2.3688511000000001e-01  2.6309716999999999e-01  2.9591149000000000e-01  3.3651436000000001e-01  3.8639538000000001e-01  4.4734158000000002e-01  5.2050739999999995e-01  6.0432189999999997e-01  6.9129689999999999e-01  7.6303779999999999e-01  7.9195270000000006e-01  7.6303779999999999e-01  6.9129689999999999e-01  6.0432189999999997e-01  5.2050739999999995e-01  4.4734158000000002e-01  3.8639538000000001e-01  3.3651436000000001e-01  2.9591198000000002e-01  2.6309716999999999e-01  2.3688511000000001e-01  2.1634088000000001e-01  2.0068783000000001e-01  1.8904788000000000e-01  1.8046209999999999e-01  1.7422440000000000e-01  1.6992023999999997e-01  1.6731294999999999e-01  1.6627512999999999e-01  1.6676219000000000e-01  1.6880695999999998e-01  1.7251870999999999e-01  1.7810422000000001e-01  1.8586435000000001e-01  1.9603675000000001e-01  2.0843473000000001e-01  2.2214149999999999e-01  2.3499566999999999e-01  2.4262105000000000e-01  2.3848594000000001e-01  2.1912946999999999e-01
   2.5000000000000001e-03  1.8198697999999999e-01  1.9122348000000000e-01  1.8990145999999999e-01  1.8052286000000001e-01  1.6749278000000001e-01  1.5411627000000000e-01  1.4216419000000000e-01  1.3237105000000002e-01  1.2486474000000000e-01  1.1947229000000001e-01  1.1595212999999999e-01  1.1411658999999999e-01  1.1385738000000001e-01  1.1514363000000000e-01  1.1802826000000000e-01  1.2265239000000000e-01  1.2926836999999999e-01  1.3828240999999999e-01  1.5031289000000000e-01  1.6617173999999998e-01  1.8673557000000002e-01  2.1290255000000000e-01  2.4566444000000001e-01  2.8613402999999998e-01  3.3549369000000001e-01  3.9475379999999999e-01  4.6386976999999996e-01  5.3998489999999999e-01  6.1497940000000006e-01  6.7338249999999999e-01  6.9600089999999992e-01  6.7338249999999999e-01  6.1497940000000006e-01  5.3998489999999999e-01  4.6386976999999996e-01  3.9475429000000001e-01  3.3549369000000001e-01  2.8613402999999998e-01  2.4566444000000001e-01  2.1290255000000000e-01  1.8673557000000002e-01  1.6617173999999998e-01  1.5031289000000000e-01  1.3828240999999999e-01  1.2926836999999999e-01  1.2265239000000000e-01  1.1802826000000000e-01  1.1514363000000000e-01  1.1385738000000001e-01  1.1411658999999999e-01  1.1595212999999999e-01  1.1947229000000001e-01  1.2486474000000000e-01  1.3237105000000002e-01  1.4216419000000000e-01  1.5411627000000000e-01  1.6749278000000001e-01  1.8052286000000001e-01  1.8990145999999999e-01  1.9122348000000000e-01  1.8198697999999999e-01
   2.0000000000000000e-03  1.5359687000000000e-01  1.5594396999999999e-01  1.5030896999999999e-01  1.3891646999999999e-01  1.2512101000000000e-01  1.1154016999999999e-01  9.9621409999999994e-02  8.9935090000000009e-02  8.2540499999999989e-02  7.7263199999999990e-02  7.3877299999999993e-02  7.2198559999999995e-02  7.2116730000000004e-02  7.3601920000000001e-02  7.6709500000000000e-02  8.1588429999999990e-02  8.8495470000000007e-02  9.7825559999999992e-02  1.1014857000000000e-01  1.2620978999999999e-01  1.4687994999999998e-01  1.7310818000000000e-01  2.0591515000000002e-01  2.4635288999999999e-01  2.9536954999999998e-01  3.5345121000000002e-01  4.1975899000000000e-01  4.9064679999999999e-01  5.5791890000000000e-01  6.0829089999999997e-01  6.2729309999999994e-01  6.0829089999999997e-01  5.5791890000000000e-01  4.9064679999999999e-01  4.1975899000000000e-01  3.5345121000000002e-01  2.9536954999999998e-01  2.4635288999999999e-01  2.0591515000000002e-01  1.7310818000000000e-01  1.4687994999999998e-01  1.2620978999999999e-01  1.1014857000000000e-01  9.7825559999999992e-02  8.8495470000000007e-02  8.1588429999999990e-02  7.6709500000000000e-02  7.3601920000000001e-02  7.2116730000000004e-02  7.2198559999999995e-02  7.3877299999999993e-02  7.7263199999999990e-02  8.2540499999999989e-02  8.9935090000000009e-02  9.9621409999999994e-02  1.1154016999999999e-01  1.2512101000000000e-01  1.3891646999999999e-01  1.5030896999999999e-01  1.5594396999999999e-01  1.5359687000000000e-01
   1.5000000000000000e-03  1.3264251000000002e-01  1.3031648000000001e-01  1.2148276000000000e-01  1.0829685999999999e-01  9.3594410000000003e-02  7.9587270000000002e-02  6.7497010000000010e-02  5.7767569999999997e-02  5.0392090000000000e-02  4.5171776999999996e-02  4.1872361999999996e-02  4.0305194999999995e-02  4.0355420000000003e-02  4.1991726000000000e-02  4.5270463000000004e-02  5.0342109999999995e-02  5.7464260000000003e-02  6.7023669999999994e-02  7.9565709999999998e-02  9.5804310000000004e-02  1.1660481000000000e-01  1.4293888000000002e-01  1.7583796999999998e-01  2.1630658000000000e-01  2.6512773000000001e-01  3.2243421000000000e-01  3.8686822999999998e-01  4.5430937999999998e-01  5.1667069999999993e-01  5.6216230000000000e-01  5.7903300000000002e-01  5.6216230000000000e-01  5.1667069999999993e-01  4.5430937999999998e-01  3.8686822999999998e-01  3.2243421000000000e-01  2.6512773000000001e-01  2.1630658000000000e-01  1.7583796999999998e-01  1.4293888000000002e-01  1.1660481000000000e-01  9.5804310000000004e-02  7.9565709999999998e-02  6.7023669999999994e-02  5.7464260000000003e-02  5.0342109999999995e-02  4.5270463000000004e-02  4.1991726000000000e-02  4.0355420000000003e-02  4.0305194999999995e-02  4.1872361999999996e-02  4.5171776999999996e-02  5.0392090000000000e-02  5.7767569999999997e-02  6.7497010000000010e-02  7.9587270000000002e-02  9.3594410000000003e-02  1.0829685999999999e-01  1.2148276000000000e-01  1.3031648000000001e-01  1.3264251000000002e-01
   1.0000000000000000e-03  1.1823651000000000e-01  1.1288179000000000e-01  1.0185973000000000e-01  8.7314079999999988e-02  7.1826649999999992e-02  5.7384879999999999e-02  4.5070738999999999e-02  3.5242857999999995e-02  2.7842779999999998e-02  2.2642752999999998e-02  1.9394641000000001e-02  1.7901023000000002e-02  1.8042094000000002e-02  1.9784092999999999e-02  2.3182830999999997e-02  2.8389130000000002e-02  3.5659553999999996e-02  4.5376156000000001e-02  5.8071859999999996e-02  7.4448149999999991e-02  9.5365269999999988e-02  1.2180468999999999e-01  1.5480079999999999e-01  1.9532527000000000e-01  2.4404988999999999e-01  3.0088303000000000e-01  3.6414153999999999e-01  4.2943110000000001e-01  4.8879410999999995e-01  5.3139520000000007e-01  5.4702619999999991e-01  5.3139520000000007e-01  4.8879410999999995e-01  4.2943110000000001e-01  3.6414153999999999e-01  3.0088303000000000e-01  2.4404988999999999e-01  1.9532527000000000e-01  1.5480079999999999e-01  1.2180468999999999e-01  9.5365269999999988e-02  7.4448149999999991e-02  5.8071859999999996e-02  4.5376156000000001e-02  3.5659553999999996e-02  2.8389130000000002e-02  2.3182830999999997e-02  1.9784092999999999e-02  1.8042094000000002e-02  1.7901023000000002e-02  1.9394641000000001e-02  2.2642752999999998e-02  2.7842779999999998e-02  3.5242857999999995e-02  4.5070738999999999e-02  5.7384879999999999e-02  7.1826649999999992e-02  8.7314079999999988e-02  1.0185973000000000e-01  1.1288179000000000e-01  1.1823651000000000e-01
   5.0000000000000001e-04  1.0980703999999999e-01  1.0274565000000001e-01  9.0450080000000002e-02  7.5067019999999998e-02  5.9061169999999996e-02  4.4310699999999995e-02  3.1823637999999994e-02  2.1909908999999998e-02  1.4478764999999999e-02  9.2822659999999991e-03  6.0602219999999997e-03  4.6082000999999994e-03  4.8022743999999997e-03  6.6066700000000003e-03  1.0076556000000000e-02  1.5362284000000000e-02  2.2719682999999997e-02  3.2528306999999999e-02  4.5316131000000003e-02  6.1778710000000001e-02  8.2774719999999996e-02  1.0928910999999999e-01  1.4235626999999998e-01  1.8292827000000000e-01  2.3161466999999999e-01  2.8819693000000002e-01  3.5081353999999998e-01  4.1492906000000002e-01  4.7267703000000000e-01  5.1374540000000002e-01  5.2873450000000000e-01  5.1374540000000002e-01  4.7267703000000000e-01  4.1492906000000002e-01  3.5081353999999998e-01  2.8819693000000002e-01  2.3161466999999999e-01  1.8292827000000000e-01  1.4235626999999998e-01  1.0928910999999999e-01  8.2774719999999996e-02  6.1778710000000001e-02  4.5316131000000003e-02  3.2528306999999999e-02  2.2719682999999997e-02  1.5362284000000000e-02  1.0076556000000000e-02  6.6066700000000003e-03  4.8022695000000002e-03  4.6082000999999994e-03  6.0602219999999997e-03  9.2822659999999991e-03  1.4478764999999999e-02  2.1909908999999998e-02  3.1823637999999994e-02  4.4310699999999995e-02  5.9061169999999996e-02  7.5067019999999998e-02  9.0450080000000002e-02  1.0274565000000001e-01  1.0980703999999999e-01
   0.0000000000000000e+00  1.0703167999999999e-01  9.9418549999999994e-02  8.6705499999999991e-02  7.1040690000000004e-02  5.4855010000000003e-02  3.9993799999999996e-02  2.7442793000000000e-02  1.7495989000000000e-02  1.0051713000000000e-02  4.8548857000000004e-03  1.6407502999999999e-03  2.0210540000000000e-04  4.1358057999999999e-04  2.2386335999999996e-03  5.7320200000000000e-03  1.1044012000000001e-02  1.8430124999999999e-02  2.8269129000000000e-02  4.1087627000000002e-02  5.7579409999999998e-02  7.8603350000000002e-02  1.0514469000000000e-01  1.3823781999999998e-01  1.7882794999999999e-01  2.2750455000000000e-01  2.8400889999999995e-01  3.4642215999999998e-01  4.1016479000000000e-01  4.6740365000000000e-01  5.0799280000000002e-01  5.2278099999999994e-01  5.0799280000000002e-01  4.6740365000000000e-01  4.1016479000000000e-01  3.4642215999999998e-01  2.8400889999999995e-01  2.2750455000000000e-01  1.7882794999999999e-01  1.3823781999999998e-01  1.0514469000000000e-01  7.8603350000000002e-02  5.7579409999999998e-02  4.1087627000000002e-02  2.8269129000000000e-02  1.8430124999999999e-02  1.1044012000000001e-02  5.7320200000000000e-03  2.2386286999999997e-03  4.1358009000000000e-04  2.0210540000000000e-04  1.6407502999999999e-03  4.8548857000000004e-03  1.0051713000000000e-02  1.7495989000000000e-02  2.7442744000000002e-02  3.9993799999999996e-02  5.4855010000000003e-02  7.1040690000000004e-02  8.6705499999999991e-02  9.9418549999999994e-02  1.0703167999999999e-01
  -5.0000000000000001e-04  1.0980703999999999e-01  1.0274565000000001e-01  9.0450080000000002e-02  7.5067019999999998e-02  5.9061169999999996e-02  4.4310699999999995e-02  3.1823637999999994e-02  2.1909908999999998e-02  1.4478764999999999e-02  9.2822659999999991e-03  6.0602219999999997e-03  4.6082000999999994e-03  4.8022743999999997e-03  6.6066700000000003e-03  1.0076556000000000e-02  1.5362284000000000e-02  2.2719682999999997e-02  3.2528306999999999e-02  4.5316131000000003e-02  6.1778710000000001e-02  8.2774719999999996e-02  1.0928910999999999e-01  1.4235626999999998e-01  1.8292827000000000e-01  2.3161466999999999e-01  2.8819693000000002e-01  3.5081353999999998e-01  4.1492906000000002e-01  4.7267703000000000e-01  5.1374540000000002e-01  5.2873450000000000e-01  5.1374540000000002e-01  4.7267703000000000e-01  4.1492906000000002e-01  3.5081353999999998e-01  2.8819693000000002e-01  2.3161466999999999e-01  1.8292827000000000e-01  1.4235626999999998e-01  1.0928910999999999e-01  8.2774719999999996e-02  6.1778710000000001e-02  4.5316131000000003e-02  3.2528306999999999e-02  2.2719682999999997e-02  1.5362284000000000e-02  1.0076556000000000e-02  6.6066700000000003e-03  4.8022695000000002e-03  4.6082000999999994e-03  6.0602219999999997e-03  9.2822659999999991e-03  1.4478764999999999e-02  2.1909908999999998e-02  3.1823637999999994e-02  4.4310699999999995e-02  5.9061169999999996e-02  7.5067019999999998e-02  9.0450080000000002e-02  1.0274565000000001e-01  1.0980703999999999e-01
  -1.0000000000000000e-03  1.1823651000000000e-01  1.1288179000000000e-01  1.0185973000000000e-01  8.7314079999999988e-02  7.1826649999999992e-02  5.7384879999999999e-02  4.5070738999999999e-02  3.5242857999999995e-02  2.7842779999999998e-02  2.2642752999999998e-02  1.9394641000000001e-02  1.7901023000000002e-02  1.8042094000000002e-02  1.9784092999999999e-02  2.3182830999999997e-02  2.8389130000000002e-02  3.5659553999999996e-02  4.5376156000000001e-02  5.8071859999999996e-02  7.4448149999999991e-02  9.5365269999999988e-02  1.2180468999999999e-01  1.5480079999999999e-01  1.9532527000000000e-01  2.4404988999999999e-01  3.0088303000000000e-01  3.6414153999999999e-01  4.2943110000000001e-01  4.8879410999999995e-01  5.3139520000000007e-01  5.4702619999999991e-01  5.3139520000000007e-01  4.8879410999999995e-01  4.2943110000000001e-01  3.6414153999999999e-01  3.0088303000000000e-01  2.4404988999999999e-01  1.9532527000000000e-01  1.5480079999999999e-01  1.2180468999999999e-01  9.5365269999999988e-02  7.4448149999999991e-02  5.8071859999999996e-02  4.5376156000000001e-02  3.5659553999999996e-02  2.8389130000000002e-02  2.3182830999999997e-02  1.9784092999999999e-02  1.8042094000000002e-02  1.7901023000000002e-02  1.9394641000000001e-02  2.2642752999999998e-02  2.7842779999999998e-02  3.5242857999999995e-02  4.5070738999999999e-02  5.7384879999999999e-02  7.1826649999999992e-02  8.7314079999999988e-02  1.0185973000000000e-01  1.1288179000000000e-01  1.1823651000000000e-01
  -1.5000000000000000e-03  1.3264251000000002e-01  1.3031648000000001e-01  1.2148276000000000e-01  1.0829685999999999e-01  9.3594410000000003e-02  7.9587270000000002e-02  6.7497010000000010e-02  5.7767569999999997e-02  5.0392090000000000e-02  4.5171776999999996e-02  4.1872361999999996e-02  4.0305194999999995e-02  4.0355420000000003e-02  4.1991726000000000e-02  4.5270463000000004e-02  5.0342109999999995e-02  5.7464260000000003e-02  6.7023669999999994e-02  7.9565709999999998e-02  9.5804310000000004e-02  1.1660481000000000e-01  1.4293888000000002e-01  1.7583796999999998e-01  2.1630658000000000e-01  2.6512773000000001e-01  3.2243421000000000e-01  3.8686822999999998e-01  4.5430937999999998e-01  5.1667069999999993e-01  5.6216230000000000e-01  5.7903300000000002e-01  5.6216230000000000e-01  5.1667069999999993e-01  4.5430937999999998e-01  3.8686822999999998e-01  3.2243421000000000e-01  2.6512773000000001e-01  2.1630658000000000e-01  1.7583796999999998e-01  1.4293888000000002e-01  1.1660481000000000e-01  9.5804310000000004e-02  7.9565709999999998e-02  6.7023669999999994e-02  5.7464260000000003e-02  5.0342109999999995e-02  4.5270463000000004e-02  4.1991726000000000e-02  4.0355420000000003e-02  4.0305194999999995e-02  4.1872361999999996e-02  4.5171776999999996e-02  5.0392090000000000e-02  5.7767569999999997e-02  6.7497010000000010e-02  7.9587270000000002e-02  9.3594410000000003e-02  1.0829685999999999e-01  1.2148276000000000e-01  1.3031648000000001e-01  1.3264251000000002e-01
  -2.0000000000000000e-03  1.5359687000000000e-01  1.5594396999999999e-01  1.5030896999999999e-01  1.3891646999999999e-01  1.2512101000000000e-01  1.1154016999999999e-01  9.9621409999999994e-02  8.9935090000000009e-02  8.2540499999999989e-02  7.7263199999999990e-02  7.3877299999999993e-02  7.2198559999999995e-02  7.2116730000000004e-02  7.3601920000000001e-02  7.6709500000000000e-02  8.1588429999999990e-02  8.8495470000000007e-02  9.7825559999999992e-02  1.1014857000000000e-01  1.2620978999999999e-01  1.4687994999999998e-01  1.7310818000000000e-01  2.0591515000000002e-01  2.4635288999999999e-01  2.9536954999999998e-01  3.5345121000000002e-01  4.1975899000000000e-01  4.9064679999999999e-01  5.5791890000000000e-01  6.0829089999999997e-01  6.2729309999999994e-01  6.0829089999999997e-01  5.5791890000000000e-01  4.9064679999999999e-01  4.1975899000000000e-01  3.5345121000000002e-01  2.9536954999999998e-01  2.4635288999999999e-01  2.0591515000000002e-01  1.7310818000000000e-01  1.4687994999999998e-01  1.2620978999999999e-01  1.1014857000000000e-01  9.7825559999999992e-02  8.8495470000000007e-02  8.1588429999999990e-02  7.6709500000000000e-02  7.3601920000000001e-02  7.2116730000000004e-02  7.2198559999999995e-02  7.3877299999999993e-02  7.7263199999999990e-02  8.2540499999999989e-02  8.9935090000000009e-02  9.9621409999999994e-02  1.1154016999999999e-01  1.2512101000000000e-01  1.3891646999999999e-01  1.5030896999999999e-01  1.5594396999999999e-01  1.5359687000000000e-01
  -2.5000000000000001e-03  1.8198697999999999e-01  1.9122348000000000e-01  1.8990145999999999e-01  1.8052286000000001e-01  1.6749278000000001e-01  1.5411627000000000e-01  1.4216419000000000e-01  1.3237105000000002e-01  1.2486474000000000e-01  1.1947229000000001e-01  1.1595212999999999e-01  1.1411658999999999e-01  1.1385738000000001e-01  1.1514363000000000e-01  1.1802826000000000e-01  1.2265239000000000e-01  1.2926836999999999e-01  1.3828240999999999e-01  1.5031289000000000e-01  1.6617173999999998e-01  1.8673557000000002e-01  2.1290255000000000e-01  2.4566444000000001e-01  2.8613402999999998e-01  3.3549369000000001e-01  3.9475429000000001e-01  4.6386976999999996e-01  5.3998489999999999e-01  6.1497940000000006e-01  6.7338249999999999e-01  6.9600089999999992e-01  6.7338249999999999e-01  6.1497940000000006e-01  5.3998489999999999e-01  4.6386976999999996e-01  3.9475379999999999e-01  3.3549369000000001e-01  2.8613402999999998e-01  2.4566444000000001e-01  2.1290255000000000e-01  1.8673557000000002e-01  1.6617173999999998e-01  1.5031289000000000e-01  1.3828240999999999e-01  1.2926836999999999e-01  1.2265239000000000e-01  1.1802826000000000e-01  1.1514363000000000e-01  1.1385738000000001e-01  1.1411658999999999e-01  1.1595212999999999e-01  1.1947229000000001e-01  1.2486474000000000e-01  1.3237105000000002e-01  1.4216419000000000e-01  1.5411627000000000e-01  1.6749278000000001e-01  1.8052286000000001e-01  1.8990145999999999e-01  1.9122348000000000e-01  1.8198697999999999e-01
  -3.0000000000000001e-03  2.1912946999999999e-01  2.3848594000000001e-01  2.4262105000000000e-01  2.3499566999999999e-01  2.2214149999999999e-01  2.0843473000000001e-01  1.9603675000000001e-01  1.8586435000000001e-01  1.7810422000000001e-01  1.7251920000000001e-01  1.6880695999999998e-01  1.6676219000000000e-01  1.6627512999999999e-01  1.6731294999999999e-01  1.6992023999999997e-01  1.7422440000000000e-01  1.8046209999999999e-01  1.8904788000000000e-01  2.0068783000000001e-01  2.1634088000000001e-01  2.3688511000000001e-01  2.6309716999999999e-01  2.9591149000000000e-01  3.3651436000000001e-01  3.8639586999999997e-01  4.4734158000000002e-01  5.2050739999999995e-01  6.0432189999999997e-01  6.9129689999999999e-01  7.6303779999999999e-01  7.9195270000000006e-01  7.6303779999999999e-01  6.9129689999999999e-01  6.0432189999999997e-01  5.2050739999999995e-01  4.4734158000000002e-01  3.8639538000000001e-01  3.3651436000000001e-01  2.9591149000000000e-01  2.6309716999999999e-01  2.3688511000000001e-01  2.1634088000000001e-01  2.0068783000000001e-01  1.8904788000000000e-01  1.8046209999999999e-01  1.7422440000000000e-01  1.6992023999999997e-01  1.6731294999999999e-01  1.6627512999999999e-01  1.6676219000000000e-01  1.6880695999999998e-01  1.7251870999999999e-01  1.7810422000000001e-01  1.8586435000000001e-01  1.9603675000000001e-01  2.0843473000000001e-01  2.2214149999999999e-01  2.3499566999999999e-01  2.4262105000000000e-01  2.3848594000000001e-01  2.1912946999999999e-01
  -3.5000000000000001e-03  2.6696767999999998e-01  3.0158029999999997e-01  3.1198740999999997e-01  3.0482165000000000e-01  2.9083998999999999e-01  2.7584795000000001e-01  2.6232248000000002e-01  2.5135039999999997e-01  2.4315906999999998e-01  2.3729965000000000e-01  2.3332918000000000e-01  2.3101491000000002e-01  2.3024511999999997e-01  2.3098355000000001e-01  2.3326106999999999e-01  2.3717960000000002e-01  2.4293954999999998e-01  2.5093683999999999e-01  2.6202897000000003e-01  2.7750855999999996e-01  2.9822232999999998e-01  3.2466811999999995e-01  3.5769118000000000e-01  3.9855815999999999e-01  4.4912321999999999e-01  5.1232930000000010e-01  5.9115560000000000e-01  6.8602940000000001e-01  7.9145779999999999e-01  8.8595919999999995e-01  9.2635970000000001e-01  8.8595919999999995e-01  7.9145779999999999e-01  6.8602940000000001e-01  5.9115560000000000e-01  5.1232930000000010e-01  4.4912321999999999e-01  3.9855815999999999e-01  3.5769118000000000e-01  3.2466811999999995e-01  2.9822232999999998e-01  2.7750855999999996e-01  2.6202897000000003e-01  2.5093683999999999e-01  2.4293954999999998e-01  2.3717960000000002e-01  2.3326106999999999e-01  2.3098355000000001e-01  2.3024511999999997e-01  2.3101491000000002e-01  2.3332918000000000e-01  2.3729965000000000e-01  2.4315906999999998e-01  2.5135039999999997e-01  2.6232248000000002e-01  2.7584795000000001e-01  2.9083998999999999e-01  3.0482165000000000e-01  3.1198740999999997e-01  3.0158029999999997e-01  2.6696767999999998e-01
  -4.0000000000000001e-03  3.2840681999999999e-01  3.8734794000000000e-01  4.0319405000000003e-01  3.9310396999999997e-01  3.7566094999999999e-01  3.5792490999999999e-01  3.4226108000000000e-01  3.2988613000000000e-01  3.2110631000000001e-01  3.1491221999999996e-01  3.1060904000000000e-01  3.0795471000000002e-01  3.0684338999999999e-01  3.0723195999999997e-01  3.0913218000000003e-01  3.1260726000000000e-01  3.1778361999999999e-01  3.2496016000000000e-01  3.3519674999999999e-01  3.5060774000000000e-01  3.7186001999999996e-01  3.9882814999999999e-01  4.3227898000000003e-01  4.7356638000000001e-01  5.2484390000000003e-01  5.9083220000000003e-01  6.7738579999999993e-01  7.8764559999999995e-01  9.2117059999999995e-01  1.0559597999999999e+00  1.1187042999999999e+00  1.0559597999999999e+00  9.2117059999999995e-01  7.8764559999999995e-01  6.7738579999999993e-01  5.9083220000000003e-01  5.2484390000000003e-01  4.7356638000000001e-01  4.3227898000000003e-01  3.9882814999999999e-01  3.7186001999999996e-01  3.5060774000000000e-01  3.3519674999999999e-01  3.2496016000000000e-01  3.1778361999999999e-01  3.1260726000000000e-01  3.0913218000000003e-01  3.0723195999999997e-01  3.0684338999999999e-01  3.0795471000000002e-01  3.1060904000000000e-01  3.1491221999999996e-01  3.2110631000000001e-01  3.2988613000000000e-01  3.4226108000000000e-01  3.5792490999999999e-01  3.7566094999999999e-01  3.9310396999999997e-01  4.0319405000000003e-01  3.8734794000000000e-01  3.2840681999999999e-01
  -4.4999999999999997e-03  4.0774566000000001e-01  5.0951670000000004e-01  5.2363850000000001e-01  5.0345540000000000e-01  4.7896029999999995e-01  4.5652221999999998e-01  4.3733284000000000e-01  4.2267301999999995e-01  4.1332871999999998e-01  4.0678819999999999e-01  4.0206607000000000e-01  3.9898887000000000e-01  3.9747134000000001e-01  3.9746251999999999e-01  3.9894673000000003e-01  4.0193769000000001e-01  4.0644323999999998e-01  4.1248445000000000e-01  4.2116088000000002e-01  4.3680511000000000e-01  4.5928385999999999e-01  4.8715702000000000e-01  5.2132080000000003e-01  5.6323539999999994e-01  6.1491079999999998e-01  6.8383910000000003e-01  7.8080030000000000e-01  9.1148819999999997e-01  1.0864083999999998e+00  1.2958148000000000e+00  1.4052661000000000e+00  1.2958148000000000e+00  1.0864083999999998e+00  9.1148819999999997e-01  7.8080030000000000e-01  6.8383910000000003e-01  6.1491079999999998e-01  5.6323539999999994e-01  5.2132080000000003e-01  4.8715702000000000e-01  4.5928385999999999e-01  4.3680511000000000e-01  4.2116088000000002e-01  4.1248445000000000e-01  4.0644323999999998e-01  4.0193769000000001e-01  3.9894673000000003e-01  3.9746251999999999e-01  3.9747134000000001e-01  3.9898887000000000e-01  4.0206607000000000e-01  4.0678819999999999e-01  4.1332871999999998e-01  4.2267301999999995e-01  4.3733284000000000e-01  4.5652221999999998e-01  4.7896029999999995e-01  5.0345540000000000e-01  5.2363850000000001e-01  5.0951670000000004e-01  4.0774566000000001e-01
  -5.0000000000000001e-03  5.0963919999999996e-01  7.0091559999999997e-01  6.8311880000000003e-01  6.4042999999999994e-01  6.0422389999999992e-01  5.7481899999999997e-01  5.5036309999999999e-01  5.3184110000000007e-01  5.2264869999999997e-01  5.1577399999999995e-01  5.1050649999999997e-01  5.0690499999999994e-01  5.0491069999999993e-01  5.0445989999999996e-01  5.0550359999999994e-01  5.0799770000000000e-01  5.1180990000000004e-01  5.1642080000000001e-01  5.2165890000000004e-01  5.3858839999999997e-01  5.6344610000000006e-01  5.9262559999999997e-01  6.2783700000000009e-01  6.7074630000000002e-01  7.2191700000000003e-01  7.9263869999999992e-01  9.0395199999999998e-01  1.0598112000000000e+00  1.2909980999999999e+00  1.6450868000000001e+00  1.8561788000000001e+00  1.6450868000000001e+00  1.2909980999999999e+00  1.0598112000000000e+00  9.0395199999999998e-01  7.9263869999999992e-01  7.2191700000000003e-01  6.7074630000000002e-01  6.2783700000000009e-01  5.9262559999999997e-01  5.6344610000000006e-01  5.3858839999999997e-01  5.2165890000000004e-01  5.1642080000000001e-01  5.1180990000000004e-01  5.0799770000000000e-01  5.0550359999999994e-01  5.0445989999999996e-01  5.0491069999999993e-01  5.0690499999999994e-01  5.1050649999999997e-01  5.1577399999999995e-01  5.2264869999999997e-01  5.3184110000000007e-01  5.5036309999999999e-01  5.7481899999999997e-01  6.0422389999999992e-01  6.4042999999999994e-01  6.8311880000000003e-01  7.0091559999999997e-01  5.0963919999999996e-01
