# Auto-generated by pyeletra.utils.kickmap.generate_Radia_kickmap_file()
# Undulator Length [m]
2.0
# Number of Horizontal Points
61
# Number of Vertical Points
21
# Horizontal Kick [micro-rad]
START
                          -2.9999999999999999e-02 -2.9000000000000001e-02 -2.8000000000000001e-02 -2.7000000000000000e-02 -2.5999999999999999e-02 -2.5000000000000001e-02 -2.4000000000000000e-02 -2.3000000000000000e-02 -2.1999999999999999e-02 -2.1000000000000001e-02 -2.0000000000000000e-02 -1.9000000000000000e-02 -1.7999999999999999e-02 -1.7000000000000001e-02 -1.6000000000000000e-02 -1.4999999999999999e-02 -1.4000000000000000e-02 -1.2999999999999999e-02 -1.2000000000000000e-02 -1.0999999999999999e-02 -1.0000000000000000e-02 -8.9999999999999993e-03 -8.0000000000000002e-03 -7.0000000000000001e-03 -6.0000000000000001e-03 -5.0000000000000001e-03 -4.0000000000000001e-03 -3.0000000000000001e-03 -2.0000000000000000e-03 -1.0000000000000000e-03  0.0000000000000000e+00  1.0000000000000000e-03  2.0000000000000000e-03  3.0000000000000001e-03  4.0000000000000001e-03  5.0000000000000001e-03  6.0000000000000001e-03  7.0000000000000001e-03  8.0000000000000002e-03  8.9999999999999993e-03  1.0000000000000000e-02  1.0999999999999999e-02  1.2000000000000000e-02  1.2999999999999999e-02  1.4000000000000000e-02  1.4999999999999999e-02  1.6000000000000000e-02  1.7000000000000001e-02  1.7999999999999999e-02  1.9000000000000000e-02  2.0000000000000000e-02  2.1000000000000001e-02  2.1999999999999999e-02  2.3000000000000000e-02  2.4000000000000000e-02  2.5000000000000001e-02  2.5999999999999999e-02  2.7000000000000000e-02  2.8000000000000001e-02  2.9000000000000001e-02  2.9999999999999999e-02
   5.0000000000000001e-03 -5.6667549999999999e+01 -4.5373299999999999e+00 -1.5872850000000000e+01 -3.5453899999999997e+01 -1.7829750000000001e+01  1.5705159999999999e+01  2.6776599999999998e+01  1.1961639999999999e+01 -2.8802200000000000e+00 -9.9992800000000006e+00 -5.6259899999999998e+00  3.9771999999999998e+00  5.8286699999999998e+00  2.4646900000000000e+00  1.5758790000000000e+00  2.8754550000000001e-01 -1.0574180000000000e+00 -2.1333400000000000e+00 -8.1813500000000001e+00 -9.0834399999999995e+00  5.0875649999999997e+00  7.7336799999999997e+00 -2.0759850000000002e+00 -1.4288169999999999e+01 -3.4969749999999998e+01 -2.5638850000000001e+01  3.2044800000000002e+01  5.8855899999999998e+01 -8.8160399999999992e+00 -1.2411750000000001e+02 -3.6811649999999999e-04  1.2411715000000000e+02  8.8159650000000003e+00 -5.8855100000000000e+01 -3.2044750000000001e+01  2.5638700000000000e+01  3.4969450000000002e+01  1.4288024999999999e+01  2.0760500000000000e+00 -7.7335700000000003e+00 -5.0874899999999998e+00  9.0833750000000002e+00  8.1811000000000007e+00  2.1334599999999999e+00  1.0574570000000001e+00 -2.8747200000000001e-01 -1.5758460000000001e+00 -2.4647199999999998e+00 -5.8287300000000002e+00 -3.9772300000000000e+00  5.6260100000000000e+00  9.9993300000000005e+00  2.8800800000000000e+00 -1.1961835000000001e+01 -2.6776800000000001e+01 -1.5705185000000000e+01  1.7829799999999999e+01  3.5453949999999999e+01  1.5872850000000000e+01  4.5373250000000001e+00  5.6667650000000002e+01
   4.4999999999999997e-03 -2.5517849999999999e+01 -1.2046720000000001e+01 -1.8762750000000000e+01 -2.8105350000000001e+01 -1.4735765000000001e+01  8.9373400000000007e+00  1.7871800000000000e+01  9.3486049999999992e+00 -1.3351725000000001e+00 -6.7681699999999996e+00 -4.0595999999999997e+00  2.3319299999999998e+00  4.0941450000000001e+00  2.2182800000000000e+00  1.2865694999999999e+00  1.6017450000000000e-01 -1.0812135000000000e+00 -2.5095100000000001e+00 -6.3513549999999999e+00 -5.4887550000000003e+00  3.1963800000000000e+00  4.8995400000000000e+00 -2.1374650000000002e+00 -1.1906330000000001e+01 -2.4276199999999999e+01 -1.3310935000000001e+01  2.5943000000000001e+01  4.3492350000000002e+01  2.5660349999999998e+00 -5.1636099999999999e+01 -2.6365500000000001e-04  5.1635550000000002e+01 -2.5659399999999999e+00 -4.3492049999999999e+01 -2.5942750000000000e+01  1.3311070000000001e+01  2.4276150000000001e+01  1.1906219999999999e+01  2.1375050000000000e+00 -4.8995499999999996e+00 -3.1963249999999999e+00  5.4887249999999996e+00  6.3511350000000002e+00  2.5093350000000001e+00  1.0810955000000000e+00 -1.6004850000000001e-01 -1.2865454999999999e+00 -2.2183000000000002e+00 -4.0941850000000004e+00 -2.3319500000000000e+00  4.0596150000000000e+00  6.7682050000000000e+00  1.3351094999999999e+00 -9.3486049999999992e+00 -1.7871649999999999e+01 -8.9374000000000002e+00  1.4735770000000000e+01  2.8105250000000002e+01  1.8762699999999999e+01  1.2046840000000000e+01  2.5517749999999999e+01
   4.0000000000000001e-03 -1.4365975000000001e+01 -1.1260680000000001e+01 -1.5647895000000000e+01 -1.9463450000000002e+01 -1.0822319999999999e+01  3.7428800000000000e+00  1.0322889999999999e+01  6.4149000000000003e+00 -1.7956900000000001e-01 -3.8443499999999999e+00 -2.5504899999999999e+00  1.0750415000000000e+00  2.5312749999999999e+00  1.7888450000000000e+00  9.9392599999999998e-01  6.3930749999999995e-02 -9.9809349999999997e-01 -2.2899200000000000e+00 -4.1075249999999999e+00 -2.9783050000000002e+00  1.5555405000000000e+00  2.3818400000000000e+00 -2.1316999999999999e+00 -8.7551249999999996e+00 -1.3943070000000001e+01 -4.5953350000000004e+00  1.8353750000000002e+01  2.7466799999999999e+01  5.2261749999999996e+00 -2.0056650000000001e+01 -1.6550650000000001e-04  2.0056500000000000e+01 -5.2258500000000003e+00 -2.7466799999999999e+01 -1.8353600000000000e+01  4.5952500000000001e+00  1.3942895000000000e+01  8.7551050000000004e+00  2.1317800000000000e+00 -2.3818400000000000e+00 -1.5556334999999999e+00  2.9780950000000002e+00  4.1074750000000000e+00  2.2900200000000002e+00  9.9818350000000000e-01 -6.3900849999999995e-02 -9.9390599999999996e-01 -1.7888599999999999e+00 -2.5312999999999999e+00 -1.0750560000000000e+00  2.5504300000000000e+00  3.8443700000000001e+00  1.7958750000000001e-01 -6.4150349999999996e+00 -1.0322880000000000e+01 -3.7428849999999998e+00  1.0822455000000000e+01  1.9463300000000000e+01  1.5647900000000000e+01  1.1260680000000001e+01  1.4366030000000000e+01
   3.5000000000000001e-03 -8.8544149999999995e+00 -8.7355950000000000e+00 -1.1741754999999999e+01 -1.3339710000000000e+01 -7.8828750000000003e+00  1.0509075000000001e+00  5.7423299999999999e+00  4.1760650000000004e+00  2.8571999999999997e-01 -2.1200899999999998e+00 -1.5857049999999999e+00  4.5335449999999999e-01  1.5425525000000000e+00  1.3245255000000000e+00  7.4373950000000000e-01  2.5517550000000002e-03 -8.5523249999999995e-01 -1.8135749999999999e+00 -2.6020050000000001e+00 -1.6493949999999999e+00  7.2969099999999998e-01  1.0275510000000001e+00 -1.8500250000000000e+00 -5.9130649999999996e+00 -7.5566199999999997e+00 -4.8489050000000000e-01  1.2859444999999999e+01  1.7535000000000000e+01  5.5682600000000004e+00 -7.0776199999999996e+00 -1.0357540000000000e-04  7.0779399999999999e+00 -5.5682400000000003e+00 -1.7534500000000001e+01 -1.2859090000000000e+01  4.8512949999999999e-01  7.5565650000000000e+00  5.9130700000000003e+00  1.8500300000000001e+00 -1.0276280000000000e+00 -7.2959600000000002e-01  1.6493850000000001e+00  2.6019800000000002e+00  1.8134450000000000e+00  8.5519449999999997e-01 -2.5312400000000001e-03 -7.4372700000000003e-01 -1.3245335000000000e+00 -1.5425679999999999e+00 -4.5336349999999997e-01  1.5857100000000000e+00  2.1201599999999998e+00 -2.8565049999999997e-01 -4.1760099999999998e+00 -5.7423950000000001e+00 -1.0508535000000001e+00  7.8827499999999997e+00  1.3339715000000000e+01  1.1741759999999999e+01  8.7355049999999999e+00  8.8544149999999995e+00
   3.0000000000000001e-03 -5.5173649999999999e+00 -6.1375549999999999e+00 -8.2070550000000004e+00 -8.9866250000000001e+00 -5.6310300000000000e+00 -1.4732190000000001e-01  3.0997599999999998e+00  2.6181450000000002e+00  3.8747500000000001e-01 -1.1632724999999999e+00 -9.9273650000000002e-01  1.6300249999999999e-01  9.3353299999999995e-01  9.2918199999999995e-01  5.3842199999999996e-01 -2.7451650000000001e-02 -6.8089599999999995e-01 -1.3229934999999999e+00 -1.6295050000000000e+00 -9.2356300000000002e-01  3.5471300000000000e-01  3.8977000000000001e-01 -1.4293605000000000e+00 -3.7491750000000001e+00 -3.8867550000000000e+00  1.1036645000000000e+00  8.8776050000000009e+00  1.1256349999999999e+01  4.7081099999999996e+00 -2.0621450000000001e+00 -6.5350000000000003e-05  2.0620650000000000e+00 -4.7080799999999998e+00 -1.1256085000000001e+01 -8.8775350000000000e+00 -1.1035465000000000e+00  3.8866749999999999e+00  3.7490999999999999e+00  1.4293600000000000e+00 -3.8979849999999999e-01 -3.5466850000000000e-01  9.2351150000000004e-01  1.6294350000000000e+00  1.3229359999999999e+00  6.8085150000000005e-01  2.7458400000000001e-02 -5.3841399999999995e-01 -9.2918650000000003e-01 -9.3354199999999998e-01 -1.6300799999999999e-01  9.9273950000000000e-01  1.1632804999999999e+00 -3.8741700000000001e-01 -2.6180900000000000e+00 -3.0997150000000002e+00  1.4736805000000000e-01  5.6310000000000002e+00  8.9866349999999997e+00  8.2069700000000001e+00  6.1375549999999999e+00  5.5173300000000003e+00
   2.5000000000000001e-03 -3.2559049999999998e+00 -3.9095700000000000e+00 -5.3331700000000000e+00 -5.8337500000000002e+00 -3.8649700000000000e+00 -5.4125950000000000e-01  1.6308050000000001e+00  1.5972400000000000e+00  3.3984500000000001e-01 -6.4710049999999997e-01 -6.3404150000000004e-01  2.7324250000000001e-02  5.5724700000000005e-01  6.2869100000000000e-01  3.7909150000000003e-01 -3.4492799999999997e-02 -5.0661149999999999e-01 -9.0950350000000002e-01 -9.9539949999999999e-01 -4.9566100000000002e-01  2.0756500000000000e-01  1.3657340000000001e-01 -1.0012665000000001e+00 -2.2632249999999998e+00 -1.8878950000000001e+00  1.4448855000000000e+00  5.9187900000000004e+00  7.0510349999999997e+00  3.3632350000000000e+00 -3.9134700000000000e-01 -4.1580150000000002e-05  3.9129500000000000e-01 -3.3632100000000000e+00 -7.0509700000000004e+00 -5.9187399999999997e+00 -1.4448760000000000e+00  1.8878750000000000e+00  2.2631899999999998e+00  1.0012265000000000e+00 -1.3652449999999999e-01 -2.0751749999999999e-01  4.9565900000000002e-01  9.9539149999999998e-01  9.0952750000000004e-01  5.0661250000000002e-01  3.4498550000000003e-02 -3.7912800000000002e-01 -6.2865199999999999e-01 -5.5725250000000004e-01 -2.7327600000000001e-02  6.3404300000000002e-01  6.4710500000000004e-01 -3.3988200000000002e-01 -1.5972800000000000e+00 -1.6309000000000000e+00  5.4125849999999998e-01  3.8649450000000001e+00  5.8337199999999996e+00  5.3331299999999997e+00  3.9095849999999999e+00  3.2558900000000000e+00
   2.0000000000000000e-03 -1.6485550000000000e+00 -2.1421999999999999e+00 -3.1288250000000000e+00 -3.5489099999999998e+00 -2.4877449999999999e+00 -5.3544700000000001e-01  8.5677650000000005e-01  9.6249499999999999e-01  2.5218000000000002e-01 -3.7574000000000002e-01 -4.2127650000000000e-01 -3.7533100000000000e-02  3.2441350000000002e-01  4.1499200000000003e-01  2.6272499999999999e-01 -2.7682849999999998e-02 -3.5342150000000000e-01 -5.9176300000000004e-01 -5.7789599999999997e-01 -2.2598650000000001e-01  1.7180350000000000e-01  7.1749450000000006e-02 -6.4062750000000002e-01 -1.3173235000000001e+00 -8.7707049999999998e-01  1.2233019999999999e+00  3.7033100000000001e+00  4.1277650000000001e+00  1.9802850000000001e+00 -7.1246199999999996e-02 -2.6446200000000001e-05  7.1214299999999994e-02 -1.9802800000000000e+00 -4.1277200000000001e+00 -3.7032799999999999e+00 -1.2232930000000000e+00  8.7710699999999997e-01  1.3173805000000001e+00  6.4062549999999996e-01 -7.1759550000000005e-02 -1.7179900000000001e-01  2.2601700000000000e-01  5.7784749999999996e-01  5.9172800000000003e-01  3.5342200000000001e-01  2.7686050000000000e-02 -2.6270949999999998e-01 -4.1499399999999997e-01 -3.2438499999999998e-01  3.7547100000000000e-02  4.2127850000000000e-01  3.7574099999999999e-01 -2.5214199999999998e-01 -9.6249450000000003e-01 -8.5678699999999997e-01  5.3544650000000005e-01  2.4877449999999999e+00  3.5489299999999999e+00  3.1288250000000000e+00  2.1421999999999999e+00  1.6485099999999999e+00
   1.5000000000000000e-03 -5.0822800000000001e-01 -8.2289650000000003e-01 -1.5226010000000001e+00 -1.9301150000000000e+00 -1.4505690000000000e+00 -3.6593150000000002e-01  4.7955650000000000e-01  5.8869000000000005e-01  1.7168249999999999e-01 -2.3684549999999999e-01 -2.9845200000000000e-01 -6.9903499999999993e-02  1.8134850000000000e-01  2.7079799999999998e-01  1.8282699999999999e-01 -1.4934140000000000e-02 -2.3175599999999999e-01 -3.6258899999999999e-01 -3.0435150000000000e-01 -5.0032750000000001e-02  1.8445400000000001e-01  8.5960200000000000e-02 -3.7327949999999999e-01 -7.5529000000000002e-01 -4.2180250000000002e-01  8.0949749999999998e-01  2.0788099999999998e+00  2.0910099999999998e+00  7.9332849999999999e-01 -2.3273400000000000e-01 -1.6487350000000001e-05  2.3271149999999999e-01 -7.9315199999999997e-01 -2.0909949999999999e+00 -2.0788000000000002e+00 -8.0942449999999999e-01  4.2178800000000000e-01  7.5532500000000002e-01  3.7327800000000000e-01 -8.5957500000000006e-02 -1.8448000000000001e-01  5.0041150000000000e-02  3.0434899999999998e-01  3.6259849999999999e-01  2.3174000000000000e-01  1.4923965000000001e-02 -1.8280099999999999e-01 -2.7079900000000001e-01 -1.8135050000000000e-01  6.9902199999999998e-02  2.9844050000000000e-01  2.3687150000000001e-01 -1.7168100000000000e-01 -5.8867749999999996e-01 -4.7955850000000000e-01  3.6593100000000001e-01  1.4505840000000001e+00  1.9301299999999999e+00  1.5225649999999999e+00  8.2289650000000003e-01  5.0823149999999995e-01
   1.0000000000000000e-03  2.5860349999999999e-01  8.4481100000000003e-02 -4.3632949999999998e-01 -8.5000549999999997e-01 -7.2609599999999996e-01 -1.7043949999999999e-01  3.1548549999999997e-01  3.8317449999999997e-01  1.1401610000000000e-01 -1.6826600000000000e-01 -2.3059350000000001e-01 -8.6631250000000007e-02  9.6502299999999999e-02  1.7986750000000001e-01  1.3210585000000000e-01 -2.0528700000000000e-03 -1.4496750000000000e-01 -2.0974000000000001e-01 -1.3212135000000000e-01  6.2407650000000002e-02  2.1100900000000000e-01  1.2163055000000000e-01 -1.9680850000000000e-01 -4.4616899999999998e-01 -2.5226300000000001e-01  4.0784399999999998e-01  9.6131750000000005e-01  7.3750000000000004e-01 -9.0333200000000002e-02 -4.9478400000000000e-01 -9.5998249999999992e-06  4.9477149999999998e-01  9.0333700000000003e-02 -7.3748700000000000e-01 -9.6116199999999996e-01 -4.0783900000000001e-01  2.5226500000000002e-01  4.4621749999999999e-01  1.9685150000000001e-01 -1.2162545000000000e-01 -2.1101100000000000e-01 -6.2407700000000003e-02  1.3214365000000000e-01  2.0973900000000001e-01  1.4496770000000000e-01  2.0418500000000000e-03 -1.3210545000000001e-01 -1.7987249999999999e-01 -9.6503800000000001e-02  8.6630550000000001e-02  2.3059350000000001e-01  1.6826700000000000e-01 -1.1401835000000000e-01 -3.8315850000000001e-01 -3.1549749999999999e-01  1.7043949999999999e-01  7.2608249999999996e-01  8.5000549999999997e-01  4.3636950000000002e-01 -8.4481000000000001e-02 -2.5856350000000000e-01
   5.0000000000000001e-04  7.0199999999999996e-01  6.1413649999999997e-01  1.9069649999999999e-01 -2.3039000000000001e-01 -2.9760300000000001e-01 -2.6902949999999998e-02  2.5531900000000002e-01  2.8353099999999998e-01  8.0900949999999999e-02 -1.3728224999999999e-01 -1.9703699999999999e-01 -9.4806150000000006e-02  5.1731449999999998e-02  1.3013125000000000e-01  1.0437815000000000e-01  7.1088549999999999e-03 -9.3309749999999997e-02 -1.2246799999999999e-01 -3.7003250000000001e-02  1.2565910000000000e-01  2.3283350000000000e-01  1.5087290000000000e-01 -9.8706450000000001e-02 -2.9718450000000002e-01 -2.0719650000000001e-01  1.3023104999999999e-01  3.0600549999999999e-01 -3.9989900000000002e-02 -6.2912500000000005e-01 -6.9576400000000005e-01 -4.4159899999999999e-06  6.9575750000000003e-01  6.2912500000000005e-01  3.9993950000000000e-02 -3.0600050000000001e-01 -1.3022945000000000e-01  2.0719450000000000e-01  2.9718250000000002e-01  9.8705950000000001e-02 -1.5087139999999999e-01 -2.3283599999999999e-01 -1.2566155000000001e-01  3.7004599999999999e-02  1.2247735000000000e-01  9.3323649999999994e-02 -7.1073500000000001e-03 -1.0437615000000000e-01 -1.3012865000000001e-01 -5.1734900000000000e-02  9.4807749999999996e-02  1.9703599999999999e-01  1.3728460000000001e-01 -8.0900449999999999e-02 -2.8353099999999998e-01 -2.5531900000000002e-01  2.6889199999999999e-02  2.9759000000000002e-01  2.3038950000000000e-01 -1.9069649999999999e-01 -6.1413649999999997e-01 -7.0192100000000002e-01
   0.0000000000000000e+00  8.4715750000000001e-01  7.8809499999999999e-01  3.9557850000000000e-01 -2.8363849999999999e-02 -1.5578205000000001e-01  2.4995250000000000e-02  2.4126000000000000e-01  2.5415800000000000e-01  7.0261199999999996e-02 -1.2845809999999999e-01 -1.8696150000000000e-01 -9.7286700000000004e-02  3.7765600000000003e-02  1.1434630000000000e-01  9.5601149999999996e-02  1.0395365000000000e-02 -7.6218449999999993e-02 -9.4154849999999998e-02 -6.5537399999999997e-03  1.4609780000000000e-01  2.4104500000000001e-01  1.6175899999999999e-01 -6.7512600000000006e-02 -2.5350200000000001e-01 -2.0098150000000001e-01  3.2170499999999998e-02  8.9545299999999994e-02 -2.9357050000000001e-01 -8.0928500000000003e-01 -7.6801399999999997e-01 -1.6929950000000000e-10  7.6801399999999997e-01  8.0928500000000003e-01  2.9357050000000001e-01 -8.9545299999999994e-02 -3.2170499999999998e-02  2.0098150000000001e-01  2.5350200000000001e-01  6.7512600000000006e-02 -1.6175899999999999e-01 -2.4102850000000001e-01 -1.4611240000000000e-01  6.5537399999999997e-03  9.4134300000000004e-02  7.6209750000000007e-02 -1.0389275000000000e-02 -9.5601400000000003e-02 -1.1434655000000001e-01 -3.7765950000000000e-02  9.7286449999999997e-02  1.8696099999999999e-01  1.2845685000000001e-01 -7.0258500000000002e-02 -2.5416650000000002e-01 -2.4126000000000000e-01 -2.5007000000000001e-02  1.5579630000000000e-01  2.8363849999999999e-02 -3.9559600000000000e-01 -7.8809499999999999e-01 -8.4711800000000004e-01
  -5.0000000000000001e-04  7.0200050000000003e-01  6.1413499999999999e-01  1.9069800000000001e-01 -2.3039100000000001e-01 -2.9760399999999998e-01 -2.6889199999999999e-02  2.5531700000000002e-01  2.8353099999999998e-01  8.0900449999999999e-02 -1.3728275000000001e-01 -1.9703699999999999e-01 -9.4807950000000002e-02  5.1734750000000003e-02  1.3012840000000001e-01  1.0437589999999999e-01  7.1084349999999998e-03 -9.3309799999999998e-02 -1.2247735000000000e-01 -3.7002649999999998e-02  1.2567375000000000e-01  2.3283499999999999e-01  1.5087234999999999e-01 -9.8705950000000001e-02 -2.9718400000000000e-01 -2.0719450000000000e-01  1.3022945000000000e-01  3.0600050000000001e-01 -3.9994599999999998e-02 -6.2912500000000005e-01 -6.9575750000000003e-01  4.4126300000000003e-06  6.9576349999999998e-01  6.2912449999999998e-01  3.9989249999999997e-02 -3.0600600000000000e-01 -1.3023185000000001e-01  2.0719450000000000e-01  2.9718450000000002e-01  9.8706400000000000e-02 -1.5087195000000000e-01 -2.3283550000000000e-01 -1.2565960000000001e-01  3.7005150000000001e-02  1.2247980000000000e-01  9.3321650000000006e-02 -7.1067900000000000e-03 -1.0437645000000000e-01 -1.3013105000000000e-01 -5.1733500000000002e-02  9.4806000000000001e-02  1.9703599999999999e-01  1.3728609999999999e-01 -8.0902950000000001e-02 -2.8353099999999998e-01 -2.5531599999999999e-01  2.6889250000000000e-02  2.9759000000000002e-01  2.3039100000000001e-01 -1.9069800000000001e-01 -6.1413649999999997e-01 -7.0192100000000002e-01
  -1.0000000000000000e-03  2.5860349999999999e-01  8.4481000000000001e-02 -4.3633000000000000e-01 -8.5000549999999997e-01 -7.2609650000000003e-01 -1.7043949999999999e-01  3.1549749999999999e-01  3.8316650000000002e-01  1.1401835000000000e-01 -1.6826900000000000e-01 -2.3059399999999999e-01 -8.6630650000000003e-02  9.6495499999999998e-02  1.7988050000000000e-01  1.3210515000000000e-01 -2.0420299999999998e-03 -1.4495975000000000e-01 -2.0973900000000001e-01 -1.3213169999999999e-01  6.2407700000000003e-02  2.1100350000000001e-01  1.2158595000000000e-01 -1.9685150000000001e-01 -4.4621400000000000e-01 -2.5226500000000002e-01  4.0783900000000001e-01  9.6116199999999996e-01  7.3748700000000000e-01 -9.0332800000000005e-02 -4.9477100000000002e-01  9.5842299999999992e-06  4.9478450000000002e-01  9.0333200000000002e-02 -7.3750000000000004e-01 -9.6131449999999996e-01 -4.0784399999999998e-01  2.5226650000000000e-01  4.4616899999999998e-01  1.9680850000000000e-01 -1.2161915000000000e-01 -2.1101249999999999e-01 -6.2411500000000002e-02  1.3213715000000001e-01  2.0974000000000001e-01  1.4496760000000000e-01  2.0487449999999998e-03 -1.3210615000000001e-01 -1.7986849999999999e-01 -9.6502749999999998e-02  8.6631100000000003e-02  2.3059350000000001e-01  1.6826600000000000e-01 -1.1401940000000001e-01 -3.8316650000000002e-01 -3.1549749999999999e-01  1.7043949999999999e-01  7.2608200000000001e-01  8.5000500000000001e-01  4.3636900000000001e-01 -8.4481100000000003e-02 -2.5856350000000000e-01
  -1.5000000000000000e-03 -5.0823149999999995e-01 -8.2289650000000003e-01 -1.5226014999999999e+00 -1.9301150000000000e+00 -1.4505690000000000e+00 -3.6593100000000001e-01  4.7955700000000001e-01  5.8868949999999998e-01  1.7168100000000000e-01 -2.3685899999999999e-01 -2.9845300000000002e-01 -6.9902500000000006e-02  1.8136200000000000e-01  2.7078750000000001e-01  1.8280150000000001e-01 -1.4927210000000000e-02 -2.3175250000000000e-01 -3.6259849999999999e-01 -3.0434899999999998e-01 -5.0070499999999997e-02  1.8446850000000001e-01  8.5957500000000006e-02 -3.7327800000000000e-01 -7.5532500000000002e-01 -4.2178800000000000e-01  8.0942449999999999e-01  2.0788000000000002e+00  2.0909949999999999e+00  7.9315199999999997e-01 -2.3271149999999999e-01  1.6467600000000001e-05  2.3273350000000001e-01 -7.9332849999999999e-01 -2.0910099999999998e+00 -2.0788099999999998e+00 -8.0949749999999998e-01  4.2179149999999999e-01  7.5529000000000002e-01  3.7326850000000000e-01 -8.5960200000000000e-02 -1.8448249999999999e-01  5.0041349999999998e-02  3.0435150000000000e-01  3.6260049999999999e-01  2.3173949999999999e-01  1.4922085000000000e-02 -1.8280199999999999e-01 -2.7078649999999999e-01 -1.8134900000000001e-01  6.9903350000000003e-02  2.9843999999999998e-01  2.3685750000000000e-01 -1.7168249999999999e-01 -5.8867800000000003e-01 -4.7956850000000001e-01  3.6593150000000002e-01  1.4505950000000001e+00  1.9301299999999999e+00  1.5225640000000000e+00  8.2289599999999996e-01  5.0823149999999995e-01
  -2.0000000000000000e-03 -1.6485650000000001e+00 -2.1421999999999999e+00 -3.1288100000000001e+00 -3.5488949999999999e+00 -2.4877150000000001e+00 -5.3544650000000005e-01  8.5678750000000004e-01  9.6249450000000003e-01  2.5217450000000002e-01 -3.7574200000000002e-01 -4.2127850000000000e-01 -3.7547249999999997e-02  3.2438499999999998e-01  4.1499399999999997e-01  2.6270700000000002e-01 -2.7654450000000001e-02 -3.5342600000000002e-01 -5.9172800000000003e-01 -5.7786000000000004e-01 -2.2601700000000000e-01  1.7179900000000001e-01  7.1759550000000005e-02 -6.4062549999999996e-01 -1.3173805000000001e+00 -8.7710699999999997e-01  1.2232930000000000e+00  3.7032799999999999e+00  4.1277200000000001e+00  1.9802800000000000e+00 -7.1211949999999996e-02  2.6405650000000000e-05  7.1246199999999996e-02 -1.9802750000000000e+00 -4.1277650000000001e+00 -3.7033100000000001e+00 -1.2233019999999999e+00  8.7705599999999995e-01  1.3173235000000001e+00  6.4062750000000002e-01 -7.1789249999999999e-02 -1.7180350000000000e-01  2.2601750000000001e-01  5.7788850000000003e-01  5.9173149999999997e-01  3.5342150000000000e-01  2.7682700000000001e-02 -2.6271050000000001e-01 -4.1499300000000000e-01 -3.2441399999999998e-01  3.7548900000000003e-02  4.2127750000000003e-01  3.7573800000000002e-01 -2.5214500000000001e-01 -9.6249499999999999e-01 -8.5677650000000005e-01  5.3544700000000001e-01  2.4877449999999999e+00  3.5489299999999999e+00  3.1288100000000001e+00  2.1421999999999999e+00  1.6485650000000001e+00
  -2.5000000000000001e-03 -3.2558900000000000e+00 -3.9095700000000000e+00 -5.3331700000000000e+00 -5.8337550000000000e+00 -3.8649149999999999e+00 -5.4125849999999998e-01  1.6308199999999999e+00  1.5972350000000000e+00  3.3984399999999998e-01 -6.4710299999999998e-01 -6.3404199999999999e-01  2.7367849999999999e-02  5.5725250000000004e-01  6.2865150000000003e-01  3.7912800000000002e-01 -3.4495449999999997e-02 -5.0662149999999995e-01 -9.0949800000000003e-01 -9.9539149999999998e-01 -4.9563449999999998e-01  2.0751749999999999e-01  1.3652449999999999e-01 -1.0012265000000000e+00 -2.2631899999999998e+00 -1.8878750000000000e+00  1.4448760000000000e+00  5.9187399999999997e+00  7.0509700000000004e+00  3.3632100000000000e+00 -3.9129500000000000e-01  2.4149200000000000e-04  3.9134700000000000e-01 -3.3632350000000000e+00 -7.0510500000000000e+00 -5.9187900000000004e+00 -1.4448855000000000e+00  1.8878950000000001e+00  2.2632050000000001e+00  1.0012665000000001e+00 -1.3653455000000000e-01 -2.0756500000000000e-01  4.9564599999999998e-01  9.9539949999999999e-01  9.0953300000000004e-01  5.0661100000000003e-01  3.4492650000000000e-02 -3.7909150000000003e-01 -6.2865099999999996e-01 -5.5724700000000005e-01 -2.7324450000000000e-02  6.3404099999999997e-01  6.4710000000000001e-01 -3.3988550000000001e-01 -1.5972800000000000e+00 -1.6308950000000000e+00  5.4125950000000000e-01  3.8649450000000001e+00  5.8337149999999998e+00  5.3331299999999997e+00  3.9095550000000001e+00  3.2558799999999999e+00
  -3.0000000000000001e-03 -5.5173750000000004e+00 -6.1375200000000003e+00 -8.2070550000000004e+00 -8.9867150000000002e+00 -5.6310300000000000e+00 -1.4731965000000000e-01  3.0997150000000002e+00  2.6180900000000000e+00  3.8741700000000001e-01 -1.1632315000000000e+00 -9.9273999999999996e-01  1.6300750000000000e-01  9.3349300000000002e-01  9.2918650000000003e-01  5.3846600000000000e-01 -2.7461900000000001e-02 -6.8085150000000005e-01 -1.3229365000000000e+00 -1.6294450000000000e+00 -9.2355949999999998e-01  3.5466850000000000e-01  3.8979849999999999e-01 -1.4293155000000000e+00 -3.7490999999999999e+00 -3.8867349999999998e+00  1.1035465000000000e+00  8.8775350000000000e+00  1.1256085000000001e+01  4.7080700000000002e+00 -2.0620650000000000e+00  6.5217199999999996e-05  2.0621450000000001e+00 -4.7080849999999996e+00 -1.1256159999999999e+01 -8.8776050000000009e+00 -1.1035955000000000e+00  3.8867550000000000e+00  3.7491249999999998e+00  1.4294070000000001e+00 -3.8981700000000002e-01 -3.5468250000000001e-01  9.2352950000000000e-01  1.6295050000000000e+00  1.3229350000000000e+00  6.8084800000000001e-01  2.7448150000000001e-02 -5.3842350000000005e-01 -9.2918299999999998e-01 -9.3353299999999995e-01 -1.6300249999999999e-01  9.9273650000000002e-01  1.1632724999999999e+00 -3.8747199999999998e-01 -2.6180900000000000e+00 -3.0997100000000000e+00  1.4737030000000001e-01  5.6309950000000004e+00  8.9866799999999998e+00  8.2069700000000001e+00  6.1375549999999999e+00  5.5173300000000003e+00
  -3.5000000000000001e-03 -8.8544450000000001e+00 -8.7355450000000001e+00 -1.1741849999999999e+01 -1.3339715000000000e+01 -7.8827650000000000e+00  1.0508535000000001e+00  5.7423950000000001e+00  4.1760650000000004e+00  2.8576900000000000e-01 -2.1201050000000001e+00 -1.5857100000000000e+00  4.5336300000000002e-01  1.5425675000000001e+00  1.3245324999999999e+00  7.4372799999999994e-01  2.5341949999999999e-03 -8.5519449999999997e-01 -1.8134349999999999e+00 -2.6019250000000000e+00 -1.6494000000000000e+00  7.2964649999999998e-01  1.0276280000000000e+00 -1.8500300000000001e+00 -5.9130700000000003e+00 -7.5566149999999999e+00 -4.8512949999999999e-01  1.2859180000000000e+01  1.7534500000000001e+01  5.5682400000000003e+00 -7.0779399999999999e+00  1.0332780000000000e-04  7.0778400000000001e+00 -5.5682600000000004e+00 -1.7534849999999999e+01 -1.2859400000000001e+01  4.8489050000000000e-01  7.5566199999999997e+00  5.9131200000000002e+00  1.8500799999999999e+00 -1.0276065000000001e+00 -7.2963500000000003e-01  1.6493949999999999e+00  2.6020050000000001e+00  1.8134600000000001e+00  8.5518799999999995e-01 -2.5521250000000001e-03 -7.4374050000000003e-01 -1.3245264999999999e+00 -1.5425530000000001e+00 -4.5335500000000001e-01  1.5857049999999999e+00  2.1201500000000002e+00 -2.8565900000000000e-01 -4.1760050000000000e+00 -5.7423900000000003e+00 -1.0508500000000001e+00  7.8827499999999997e+00  1.3339710000000000e+01  1.1741754999999999e+01  8.7354550000000000e+00  8.8544149999999995e+00
  -4.0000000000000001e-03 -1.4365930000000001e+01 -1.1260680000000001e+01 -1.5647945000000000e+01 -1.9463300000000000e+01 -1.0822324999999999e+01  3.7428599999999999e+00  1.0322900000000001e+01  6.4150349999999996e+00 -1.7958499999999999e-01 -3.8443700000000001e+00 -2.5505650000000002e+00  1.0749890000000000e+00  2.5312999999999999e+00  1.7888599999999999e+00  9.9390800000000001e-01  6.3897350000000006e-02 -9.9817500000000003e-01 -2.2900299999999998e+00 -4.1074750000000000e+00 -2.9780950000000002e+00  1.5556334999999999e+00  2.3818400000000000e+00 -2.1317800000000000e+00 -8.7551050000000004e+00 -1.3942895000000000e+01 -4.5953099999999996e+00  1.8353600000000000e+01  2.7466750000000001e+01  5.2258950000000004e+00 -2.0056500000000000e+01  1.6534199999999999e-04  2.0056650000000001e+01 -5.2261749999999996e+00 -2.7466950000000001e+01 -1.8353700000000000e+01  4.5953350000000004e+00  1.3943070000000001e+01  8.7551799999999993e+00  2.1317650000000001e+00 -2.3818999999999999e+00 -1.5556695000000000e+00  2.9782400000000000e+00  4.1074500000000000e+00  2.2900499999999999e+00  9.9817100000000003e-01 -6.3927899999999996e-02 -9.9392499999999995e-01 -1.7888500000000001e+00 -2.5312749999999999e+00 -1.0750420000000001e+00  2.5504250000000002e+00  3.8443499999999999e+00  1.7957150000000000e-01 -6.4150299999999998e+00 -1.0322880000000000e+01 -3.7428800000000000e+00  1.0822455000000000e+01  1.9463450000000002e+01  1.5647895000000000e+01  1.1260680000000001e+01  1.4366030000000000e+01
  -4.4999999999999997e-03 -2.5517800000000001e+01 -1.2046720000000001e+01 -1.8762750000000000e+01 -2.8105200000000000e+01 -1.4735770000000000e+01  8.9373500000000003e+00  1.7871800000000000e+01  9.3486799999999999e+00 -1.3351124999999999e+00 -6.7682050000000000e+00 -4.0594650000000003e+00  2.3319500000000000e+00  4.0941850000000004e+00  2.2183000000000002e+00  1.2865465000000000e+00  1.6004850000000001e-01 -1.0810919999999999e+00 -2.5093250000000000e+00 -6.3512950000000004e+00 -5.4886799999999996e+00  3.1963249999999999e+00  4.8995499999999996e+00 -2.1376499999999998e+00 -1.1906219999999999e+01 -2.4276150000000001e+01 -1.3311070000000001e+01  2.5942750000000000e+01  4.3492049999999999e+01  2.5659399999999999e+00 -5.1635550000000002e+01  2.6293150000000000e-04  5.1636099999999999e+01 -2.5660349999999998e+00 -4.3492350000000002e+01 -2.5943000000000001e+01  1.3311140000000000e+01  2.4276350000000001e+01  1.1906330000000001e+01  2.1374650000000002e+00 -4.8997599999999997e+00 -3.1963800000000000e+00  5.4887550000000003e+00  6.3513549999999999e+00  2.5093700000000001e+00  1.0810725000000001e+00 -1.6009650000000000e-01 -1.2865735000000000e+00 -2.2182800000000000e+00 -4.0941450000000001e+00 -2.3320050000000001e+00  4.0595999999999997e+00  6.7681699999999996e+00  1.3350960000000001e+00 -9.3486049999999992e+00 -1.7871600000000001e+01 -8.9374149999999997e+00  1.4735765000000001e+01  2.8105200000000000e+01  1.8762750000000000e+01  1.2046720000000001e+01  2.5517800000000001e+01
  -5.0000000000000001e-03 -5.6667450000000002e+01 -4.5373250000000001e+00 -1.5872850000000000e+01 -3.5453899999999997e+01 -1.7829799999999999e+01  1.5705185000000000e+01  2.6776650000000000e+01  1.1961665000000000e+01 -2.8800750000000002e+00 -9.9993300000000005e+00 -5.6260100000000000e+00  3.9772300000000000e+00  5.8287300000000002e+00  2.4647199999999998e+00  1.5756740000000000e+00  2.8746850000000002e-01 -1.0572850000000000e+00 -2.1334700000000000e+00 -8.1811100000000003e+00 -9.0833800000000000e+00  5.0874699999999997e+00  7.7335700000000003e+00 -2.0760500000000000e+00 -1.4288024999999999e+01 -3.4969450000000002e+01 -2.5638700000000000e+01  3.2044750000000001e+01  5.8855100000000000e+01 -8.8159650000000003e+00 -1.2411715000000000e+02  3.6811700000000000e-04  1.2411750000000001e+02  8.8160399999999992e+00 -5.8855899999999998e+01 -3.2044849999999997e+01  2.5638850000000001e+01  3.4969749999999998e+01  1.4288005000000000e+01  2.0759850000000002e+00 -7.7337199999999999e+00 -5.0875649999999997e+00  9.0834100000000007e+00  8.1811950000000007e+00  2.1335199999999999e+00  1.0574135000000000e+00 -2.8754600000000002e-01 -1.5758855000000001e+00 -2.4646900000000000e+00 -5.8286699999999998e+00 -3.9771999999999998e+00  5.6259899999999998e+00  9.9992800000000006e+00  2.8800550000000000e+00 -1.1961824999999999e+01 -2.6776800000000001e+01 -1.5705175000000001e+01  1.7829799999999999e+01  3.5453749999999999e+01  1.5872850000000000e+01  4.5373299999999999e+00  5.6667650000000002e+01
# Vertical Kick [micro-rad]
START
                          -2.9999999999999999e-02 -2.9000000000000001e-02 -2.8000000000000001e-02 -2.7000000000000000e-02 -2.5999999999999999e-02 -2.5000000000000001e-02 -2.4000000000000000e-02 -2.3000000000000000e-02 -2.1999999999999999e-02 -2.1000000000000001e-02 -2.0000000000000000e-02 -1.9000000000000000e-02 -1.7999999999999999e-02 -1.7000000000000001e-02 -1.6000000000000000e-02 -1.4999999999999999e-02 -1.4000000000000000e-02 -1.2999999999999999e-02 -1.2000000000000000e-02 -1.0999999999999999e-02 -1.0000000000000000e-02 -8.9999999999999993e-03 -8.0000000000000002e-03 -7.0000000000000001e-03 -6.0000000000000001e-03 -5.0000000000000001e-03 -4.0000000000000001e-03 -3.0000000000000001e-03 -2.0000000000000000e-03 -1.0000000000000000e-03  0.0000000000000000e+00  1.0000000000000000e-03  2.0000000000000000e-03  3.0000000000000001e-03  4.0000000000000001e-03  5.0000000000000001e-03  6.0000000000000001e-03  7.0000000000000001e-03  8.0000000000000002e-03  8.9999999999999993e-03  1.0000000000000000e-02  1.0999999999999999e-02  1.2000000000000000e-02  1.2999999999999999e-02  1.4000000000000000e-02  1.4999999999999999e-02  1.6000000000000000e-02  1.7000000000000001e-02  1.7999999999999999e-02  1.9000000000000000e-02  2.0000000000000000e-02  2.1000000000000001e-02  2.1999999999999999e-02  2.3000000000000000e-02  2.4000000000000000e-02  2.5000000000000001e-02  2.5999999999999999e-02  2.7000000000000000e-02  2.8000000000000001e-02  2.9000000000000001e-02  2.9999999999999999e-02
   5.0000000000000001e-03 -6.7985650000000007e+01 -1.0779434999999999e+02 -6.7646749999999997e+01 -9.5680999999999997e+01 -1.2645144999999999e+02 -1.2149764999999999e+02 -7.9428399999999996e+01 -6.2318800000000003e+01 -6.2681199999999997e+01 -7.4751499999999993e+01 -8.6524349999999998e+01 -8.6176249999999996e+01 -7.4165450000000007e+01 -7.4230500000000006e+01 -7.3871650000000002e+01 -7.2688749999999999e+01 -7.3280799999999999e+01 -7.2587000000000003e+01 -6.9396150000000006e+01 -9.0143799999999999e+01 -9.2307299999999998e+01 -7.4360500000000002e+01 -7.0279700000000005e+01 -7.1918549999999996e+01 -7.9624700000000004e+01 -1.5331000000000000e+02 -1.6367150000000001e+02 -1.0264100000000001e+02 -3.4892049999999998e+01 -1.5725935000000001e+02 -3.4471949999999998e+02 -1.5726015000000001e+02 -3.4892449999999997e+01 -1.0264075000000000e+02 -1.6367099999999999e+02 -1.5330955000000000e+02 -7.9624849999999995e+01 -7.1918999999999997e+01 -7.0279849999999996e+01 -7.4360550000000003e+01 -9.2307149999999993e+01 -9.0143500000000003e+01 -6.9395949999999999e+01 -7.2587100000000007e+01 -7.3280900000000003e+01 -7.2688749999999999e+01 -7.3871600000000001e+01 -7.4230549999999994e+01 -7.4165450000000007e+01 -8.6176299999999998e+01 -8.6524400000000000e+01 -7.4751499999999993e+01 -6.2680950000000003e+01 -6.2318899999999999e+01 -7.9428200000000004e+01 -1.2149769999999999e+02 -1.2645144999999999e+02 -9.5680949999999996e+01 -6.7646699999999996e+01 -1.0779430000000001e+02 -6.7985650000000007e+01
   4.4999999999999997e-03 -4.7263900000000000e+01 -6.3620399999999997e+01 -5.8487949999999998e+01 -7.5399450000000002e+01 -9.3783000000000001e+01 -9.1366000000000000e+01 -7.0098050000000001e+01 -5.7153199999999998e+01 -5.5910899999999998e+01 -6.2478149999999999e+01 -6.9191000000000003e+01 -6.9257599999999996e+01 -6.3866100000000003e+01 -6.2237949999999998e+01 -6.1628500000000003e+01 -6.1033850000000001e+01 -6.1155000000000001e+01 -6.1117649999999998e+01 -6.2457500000000003e+01 -7.1551550000000006e+01 -7.2811750000000004e+01 -6.4708900000000000e+01 -6.1378850000000000e+01 -6.4034700000000001e+01 -7.7218100000000007e+01 -1.1186375000000000e+02 -1.1561060000000001e+02 -7.9784199999999998e+01 -5.0299799999999998e+01 -1.0696160000000000e+02 -1.7925399999999999e+02 -1.0696205000000000e+02 -5.0300350000000002e+01 -7.9784250000000000e+01 -1.1561035000000000e+02 -1.1186369999999999e+02 -7.7218050000000005e+01 -6.4034999999999997e+01 -6.1378850000000000e+01 -6.4708900000000000e+01 -7.2811650000000000e+01 -7.1551699999999997e+01 -6.2457650000000001e+01 -6.1117600000000003e+01 -6.1155000000000001e+01 -6.1033850000000001e+01 -6.1628650000000000e+01 -6.2237900000000003e+01 -6.3866100000000003e+01 -6.9257599999999996e+01 -6.9191199999999995e+01 -6.2478299999999997e+01 -5.5910850000000003e+01 -5.7153199999999998e+01 -7.0097849999999994e+01 -9.1365750000000006e+01 -9.3783000000000001e+01 -7.5399450000000002e+01 -5.8487949999999998e+01 -6.3620249999999999e+01 -4.7263900000000000e+01
   4.0000000000000001e-03 -3.3838149999999999e+01 -4.3579400000000000e+01 -4.7777749999999997e+01 -6.0082949999999997e+01 -7.2017200000000003e+01 -7.1512699999999995e+01 -6.0280200000000001e+01 -5.1472600000000000e+01 -4.9795200000000001e+01 -5.3281950000000002e+01 -5.7170349999999999e+01 -5.7444550000000000e+01 -5.4803950000000000e+01 -5.3201900000000002e+01 -5.2504049999999999e+01 -5.2117950000000000e+01 -5.2189950000000003e+01 -5.2627299999999998e+01 -5.4613399999999999e+01 -5.9118200000000002e+01 -5.9816600000000001e+01 -5.5983800000000002e+01 -5.4127600000000001e+01 -5.7161250000000003e+01 -6.8105999999999995e+01 -8.5288349999999994e+01 -8.5220950000000002e+01 -6.3468649999999997e+01 -4.8045600000000000e+01 -7.2336250000000007e+01 -9.9917150000000007e+01 -7.2336500000000001e+01 -4.8045900000000003e+01 -6.3468699999999998e+01 -8.5220650000000006e+01 -8.5288200000000003e+01 -6.8105800000000002e+01 -5.7161250000000003e+01 -5.4127699999999997e+01 -5.5983750000000001e+01 -5.9816600000000001e+01 -5.9118250000000003e+01 -5.4613450000000000e+01 -5.2627200000000002e+01 -5.2189999999999998e+01 -5.2117950000000000e+01 -5.2503999999999998e+01 -5.3201900000000002e+01 -5.4803950000000000e+01 -5.7444550000000000e+01 -5.7170349999999999e+01 -5.3281950000000002e+01 -4.9795299999999997e+01 -5.1472600000000000e+01 -6.0280250000000002e+01 -7.1512850000000000e+01 -7.2017099999999999e+01 -6.0082900000000002e+01 -4.7777749999999997e+01 -4.3579400000000000e+01 -3.3838149999999999e+01
   3.5000000000000001e-03 -2.5360150000000001e+01 -3.2171550000000003e+01 -3.8109400000000001e+01 -4.7527099999999997e+01 -5.5824150000000003e+01 -5.6479599999999998e+01 -5.0510350000000003e+01 -4.4882249999999999e+01 -4.3318199999999997e+01 -4.5092399999999998e+01 -4.7343299999999999e+01 -4.7652549999999998e+01 -4.6262050000000002e+01 -4.5046999999999997e+01 -4.4401750000000000e+01 -4.4120649999999998e+01 -4.4239600000000003e+01 -4.4860149999999997e+01 -4.6543050000000001e+01 -4.9021549999999998e+01 -4.9452800000000003e+01 -4.7625450000000001e+01 -4.6894199999999998e+01 -4.9672899999999998e+01 -5.7201349999999998e+01 -6.5835750000000004e+01 -6.3942149999999998e+01 -5.0067100000000003e+01 -4.0269500000000001e+01 -4.9480249999999998e+01 -6.0164400000000001e+01 -4.9480449999999998e+01 -4.0269700000000000e+01 -5.0066949999999999e+01 -6.3942100000000003e+01 -6.5835700000000003e+01 -5.7201250000000002e+01 -4.9672950000000000e+01 -4.6894150000000003e+01 -4.7625500000000002e+01 -4.9452800000000003e+01 -4.9021500000000003e+01 -4.6543050000000001e+01 -4.4860199999999999e+01 -4.4239649999999997e+01 -4.4120649999999998e+01 -4.4401750000000000e+01 -4.5046950000000002e+01 -4.6262000000000000e+01 -4.7652549999999998e+01 -4.7343299999999999e+01 -4.5092399999999998e+01 -4.3318150000000003e+01 -4.4882300000000001e+01 -5.0510399999999997e+01 -5.6479599999999998e+01 -5.5824100000000001e+01 -4.7527149999999999e+01 -3.8109400000000001e+01 -3.2171550000000003e+01 -2.5360199999999999e+01
   3.0000000000000001e-03 -1.9448250000000002e+01 -2.4531099999999999e+01 -3.0019500000000001e+01 -3.7196050000000000e+01 -4.3212899999999998e+01 -4.4435650000000003e+01 -4.1390999999999998e+01 -3.7948650000000001e+01 -3.6707650000000001e+01 -3.7557549999999999e+01 -3.8845350000000003e+01 -3.9104399999999998e+01 -3.8340550000000000e+01 -3.7489899999999999e+01 -3.6963700000000003e+01 -3.6760649999999998e+01 -3.6915649999999999e+01 -3.7531750000000002e+01 -3.8794199999999996e+01 -4.0259650000000001e+01 -4.0571750000000002e+01 -3.9752000000000002e+01 -3.9656199999999998e+01 -4.1869450000000001e+01 -4.6613549999999996e+01 -5.0733849999999997e+01 -4.8178699999999999e+01 -3.8856250000000003e+01 -3.1840699999999998e+01 -3.4341549999999998e+01 -3.8302149999999997e+01 -3.4341650000000001e+01 -3.1840800000000002e+01 -3.8856299999999997e+01 -4.8178699999999999e+01 -5.0733899999999998e+01 -4.6613549999999996e+01 -4.1869450000000001e+01 -3.9656250000000000e+01 -3.9752049999999997e+01 -4.0571800000000003e+01 -4.0259700000000002e+01 -3.8794150000000002e+01 -3.7531700000000001e+01 -3.6915649999999999e+01 -3.6760599999999997e+01 -3.6963650000000001e+01 -3.7489849999999997e+01 -3.8340550000000000e+01 -3.9104399999999998e+01 -3.8845350000000003e+01 -3.7557549999999999e+01 -3.6707650000000001e+01 -3.7948650000000001e+01 -4.1391050000000000e+01 -4.4435699999999997e+01 -4.3212949999999999e+01 -3.7196050000000000e+01 -3.0019449999999999e+01 -2.4531099999999999e+01 -1.9448300000000000e+01
   2.5000000000000001e-03 -1.4946730000000001e+01 -1.8792850000000001e+01 -2.3276850000000000e+01 -2.8654399999999999e+01 -3.3091549999999998e+01 -3.4482199999999999e+01 -3.3067399999999999e+01 -3.1050550000000001e+01 -3.0160799999999998e+01 -3.0537250000000000e+01 -3.1262350000000001e+01 -3.1449400000000001e+01 -3.1016600000000000e+01 -3.0443049999999999e+01 -3.0047249999999998e+01 -2.9907950000000000e+01 -3.0070100000000000e+01 -3.0597049999999999e+01 -3.1502150000000000e+01 -3.2415149999999997e+01 -3.2665399999999998e+01 -3.2352200000000003e+01 -3.2536349999999999e+01 -3.4135350000000003e+01 -3.6932800000000000e+01 -3.8645699999999998e+01 -3.6054600000000001e+01 -2.9538699999999999e+01 -2.4267550000000000e+01 -2.4020450000000000e+01 -2.5261649999999999e+01 -2.4020550000000000e+01 -2.4267650000000000e+01 -2.9538750000000000e+01 -3.6054699999999997e+01 -3.8645550000000000e+01 -3.6932800000000000e+01 -3.4135350000000003e+01 -3.2536299999999997e+01 -3.2352200000000003e+01 -3.2665399999999998e+01 -3.2415149999999997e+01 -3.1502099999999999e+01 -3.0597100000000001e+01 -3.0070100000000000e+01 -2.9907950000000000e+01 -3.0047249999999998e+01 -3.0443049999999999e+01 -3.1016600000000000e+01 -3.1449400000000001e+01 -3.1262350000000001e+01 -3.0537199999999999e+01 -3.0160750000000000e+01 -3.1050550000000001e+01 -3.3067399999999999e+01 -3.4482199999999999e+01 -3.3091549999999998e+01 -2.8654399999999999e+01 -2.3276850000000000e+01 -1.8792850000000001e+01 -1.4946730000000001e+01
   2.0000000000000000e-03 -1.1271305000000000e+01 -1.4134130000000001e+01 -1.7559100000000001e+01 -2.1484400000000001e+01 -2.4728950000000001e+01 -2.6036449999999999e+01 -2.5496099999999998e+01 -2.4372599999999998e+01 -2.3783249999999999e+01 -2.3932900000000000e+01 -2.4333400000000001e+01 -2.4456000000000000e+01 -2.4205500000000001e+01 -2.3829200000000000e+01 -2.3549550000000000e+01 -2.3459849999999999e+01 -2.3606249999999999e+01 -2.4018350000000002e+01 -2.4648550000000000e+01 -2.5235050000000001e+01 -2.5439150000000001e+01 -2.5365900000000000e+01 -2.5623249999999999e+01 -2.6691299999999998e+01 -2.8231549999999999e+01 -2.8715250000000001e+01 -2.6419450000000001e+01 -2.1802750000000000e+01 -1.7852850000000000e+01 -1.6697749999999999e+01 -1.6879650000000002e+01 -1.6697800000000001e+01 -1.7852900000000002e+01 -2.1802750000000000e+01 -2.6419450000000001e+01 -2.8715199999999999e+01 -2.8231549999999999e+01 -2.6691299999999998e+01 -2.5623249999999999e+01 -2.5365800000000000e+01 -2.5439100000000000e+01 -2.5235099999999999e+01 -2.4648550000000000e+01 -2.4018350000000002e+01 -2.3606249999999999e+01 -2.3459849999999999e+01 -2.3549550000000000e+01 -2.3829200000000000e+01 -2.4205500000000001e+01 -2.4456050000000001e+01 -2.4333400000000001e+01 -2.3932900000000000e+01 -2.3783300000000001e+01 -2.4372550000000000e+01 -2.5496099999999998e+01 -2.6036400000000000e+01 -2.4728950000000001e+01 -2.1484400000000001e+01 -1.7559149999999999e+01 -1.4134124999999999e+01 -1.1271345000000000e+01
   1.5000000000000000e-03 -8.1028900000000004e+00 -1.0136659999999999e+01 -1.2584780000000000e+01 -1.5319285000000001e+01 -1.7599200000000000e+01 -1.8672799999999999e+01 -1.8557200000000002e+01 -1.7970300000000002e+01 -1.7608650000000001e+01 -1.7658999999999999e+01 -1.7874450000000000e+01 -1.7948650000000001e+01 -1.7803149999999999e+01 -1.7565349999999999e+01 -1.7379799999999999e+01 -1.7326200000000000e+01 -1.7443049999999999e+01 -1.7740400000000001e+01 -1.8161899999999999e+01 -1.8537649999999999e+01 -1.8695650000000001e+01 -1.8719049999999999e+01 -1.8948049999999999e+01 -1.9609400000000001e+01 -2.0390400000000000e+01 -2.0325150000000001e+01 -1.8501899999999999e+01 -1.5308674999999999e+01 -1.2476364999999999e+01 -1.1247045000000000e+01 -1.1079115000000000e+01 -1.1247070000000001e+01 -1.2476400000000000e+01 -1.5308705000000000e+01 -1.8501899999999999e+01 -2.0325150000000001e+01 -2.0390450000000001e+01 -1.9609400000000001e+01 -1.8948149999999998e+01 -1.8719049999999999e+01 -1.8695699999999999e+01 -1.8537649999999999e+01 -1.8161899999999999e+01 -1.7740449999999999e+01 -1.7443049999999999e+01 -1.7326200000000000e+01 -1.7379799999999999e+01 -1.7565349999999999e+01 -1.7803149999999999e+01 -1.7948650000000001e+01 -1.7874450000000000e+01 -1.7658999999999999e+01 -1.7608650000000001e+01 -1.7970300000000002e+01 -1.8557200000000002e+01 -1.8672799999999999e+01 -1.7599200000000000e+01 -1.5319310000000000e+01 -1.2584780000000000e+01 -1.0136659999999999e+01 -8.1028900000000004e+00
   1.0000000000000000e-03 -5.2493850000000002e+00 -6.5540900000000004e+00 -8.1236250000000005e+00 -9.8511050000000004e+00 -1.1304800000000000e+01 -1.2057885000000001e+01 -1.2101540000000000e+01 -1.1821840000000000e+01 -1.1621195000000000e+01 -1.1633660000000001e+01 -1.1743235000000000e+01 -1.1783975000000000e+01 -1.1703365000000000e+01 -1.1564430000000000e+01 -1.1452870000000001e+01 -1.1423855000000000e+01 -1.1504185000000000e+01 -1.1695250000000000e+01 -1.1953545000000000e+01 -1.2179040000000001e+01 -1.2287145000000001e+01 -1.2332255000000000e+01 -1.2492694999999999e+01 -1.2862760000000000e+01 -1.3217485000000000e+01 -1.2997510000000000e+01 -1.1741800000000000e+01 -9.7192200000000000e+00 -7.8880949999999999e+00 -6.9505900000000000e+00 -6.7374450000000001e+00 -6.9504400000000004e+00 -7.8881249999999996e+00 -9.7192349999999994e+00 -1.1741804999999999e+01 -1.2997434999999999e+01 -1.3217480000000000e+01 -1.2862810000000000e+01 -1.2492755000000001e+01 -1.2332255000000000e+01 -1.2287184999999999e+01 -1.2179024999999999e+01 -1.1953550000000000e+01 -1.1695275000000001e+01 -1.1504180000000000e+01 -1.1423855000000000e+01 -1.1452880000000000e+01 -1.1564430000000000e+01 -1.1703365000000000e+01 -1.1783980000000000e+01 -1.1743240000000000e+01 -1.1633660000000001e+01 -1.1621200000000000e+01 -1.1821840000000000e+01 -1.2101540000000000e+01 -1.2057900000000000e+01 -1.1304795000000000e+01 -9.8511199999999999e+00 -8.1236250000000005e+00 -6.5540900000000004e+00 -5.2493800000000004e+00
   5.0000000000000001e-04 -2.5814349999999999e+00 -3.2189100000000002e+00 -3.9842599999999999e+00 -4.8202749999999996e+00 -5.5284100000000000e+00 -5.9148199999999997e+00 -5.9697449999999996e+00 -5.8614150000000000e+00 -5.7735500000000002e+00 -5.7749699999999997e+00 -5.8207399999999998e+00 -5.8384950000000000e+00 -5.8024449999999996e+00 -5.7385450000000002e+00 -5.6864900000000000e+00 -5.6740250000000003e+00 -5.7147249999999996e+00 -5.8078799999999999e+00 -5.9305550000000000e+00 -6.0367600000000001e+00 -6.0916649999999999e+00 -6.1216200000000001e+00 -6.2024299999999997e+00 -6.3655549999999996e+00 -6.4955900000000000e+00 -6.3372549999999999e+00 -5.6989500000000000e+00 -4.7159100000000000e+00 -3.8169100000000000e+00 -3.3217200000000000e+00 -3.1921750000000002e+00 -3.3217349999999999e+00 -3.8169350000000000e+00 -4.7159300000000002e+00 -5.6989549999999998e+00 -6.3372549999999999e+00 -6.4955850000000002e+00 -6.3655499999999998e+00 -6.2024350000000004e+00 -6.1215849999999996e+00 -6.0916699999999997e+00 -6.0367600000000001e+00 -5.9305700000000003e+00 -5.8078849999999997e+00 -5.7147249999999996e+00 -5.6740300000000001e+00 -5.6864949999999999e+00 -5.7385450000000002e+00 -5.8024449999999996e+00 -5.8384950000000000e+00 -5.8207399999999998e+00 -5.7749699999999997e+00 -5.7735500000000002e+00 -5.8614150000000000e+00 -5.9697399999999998e+00 -5.9148149999999999e+00 -5.5284100000000000e+00 -4.8203050000000003e+00 -3.9842599999999999e+00 -3.2188850000000002e+00 -2.5814349999999999e+00
   0.0000000000000000e+00 -1.4067429999999999e-06 -1.4599570000000001e-06 -1.3588985000000001e-06 -1.1683755000000000e-06 -1.1125114999999999e-06 -9.7906100000000006e-07 -1.0246974999999999e-06 -8.2988749999999996e-07 -4.7553900000000001e-07  1.7601600000000001e-07  6.2496100000000003e-07  6.3814249999999999e-07  3.9999550000000002e-07  1.2731919999999999e-07  3.7353799999999999e-07  7.6113349999999998e-07  1.1102895000000000e-06  9.8039150000000005e-07  4.2513250000000001e-07  1.0927215000000000e-07  4.7188700000000000e-07  1.0381374999999999e-06  9.4601600000000005e-07 -2.7476750000000002e-08 -1.1632529999999999e-06 -4.0000850000000000e-07  3.3301399999999999e-06  8.3194450000000001e-06  1.0744745000000000e-05  7.6701249999999997e-06  1.1645950000000000e-10 -7.6644099999999997e-06 -1.0726000000000000e-05 -8.2732500000000008e-06 -3.1640449999999999e-06  4.8191550000000000e-07  1.3379125000000000e-06  3.0025050000000002e-07 -6.1943949999999998e-07 -6.5868000000000002e-07  5.5275249999999997e-08  2.7673999999999998e-07 -3.7070500000000001e-08 -5.4151500000000002e-07  7.3992600000000002e-06 -4.6637449999999998e-07 -7.7729449999999999e-08  2.1056599999999999e-08 -2.0166549999999999e-07 -4.8908550000000003e-07 -5.2538200000000001e-07 -2.2583149999999999e-07  3.2620349999999999e-07  7.3065849999999996e-07  7.7907349999999999e-07  7.3798600000000000e-07  7.3998450000000000e-07  8.1726049999999996e-07  9.9895699999999996e-07  1.1444840000000000e-06  1.1255335000000000e-06
  -5.0000000000000001e-04  2.5814349999999999e+00  3.2189049999999999e+00  3.9842550000000001e+00  4.8202699999999998e+00  5.5284100000000000e+00  5.9148199999999997e+00  5.9697399999999998e+00  5.8614150000000000e+00  5.7735500000000002e+00  5.7749750000000004e+00  5.8207399999999998e+00  5.8384950000000000e+00  5.8024399999999998e+00  5.7385450000000002e+00  5.6864900000000000e+00  5.6740250000000003e+00  5.7147249999999996e+00  5.8078849999999997e+00  5.9305550000000000e+00  6.0367600000000001e+00  6.0916699999999997e+00  6.1215799999999998e+00  6.2024350000000004e+00  6.3655499999999998e+00  6.4955850000000002e+00  6.3372549999999999e+00  5.6989549999999998e+00  4.7159300000000002e+00  3.8169350000000000e+00  3.3217349999999999e+00  3.1921750000000002e+00  3.3217200000000000e+00  3.8169100000000000e+00  4.7159100000000000e+00  5.6989500000000000e+00  6.3372549999999999e+00  6.4955900000000000e+00  6.3655549999999996e+00  6.2024299999999997e+00  6.1215799999999998e+00  6.0916699999999997e+00  6.0367600000000001e+00  5.9305700000000003e+00  5.8078849999999997e+00  5.7147249999999996e+00  5.6740300000000001e+00  5.6864949999999999e+00  5.7385450000000002e+00  5.8024399999999998e+00  5.8384950000000000e+00  5.8207399999999998e+00  5.7749699999999997e+00  5.7735550000000000e+00  5.8614150000000000e+00  5.9697449999999996e+00  5.9148199999999997e+00  5.5284100000000000e+00  4.8202749999999996e+00  3.9842599999999999e+00  3.2188900000000000e+00  2.5814349999999999e+00
  -1.0000000000000000e-03  5.2493800000000004e+00  6.5540900000000004e+00  8.1236200000000007e+00  9.8511050000000004e+00  1.1304795000000000e+01  1.2057890000000000e+01  1.2101540000000000e+01  1.1821840000000000e+01  1.1621200000000000e+01  1.1633660000000001e+01  1.1743250000000000e+01  1.1783975000000000e+01  1.1703365000000000e+01  1.1564430000000000e+01  1.1452875000000001e+01  1.1423850000000000e+01  1.1504170000000000e+01  1.1695275000000001e+01  1.1953550000000000e+01  1.2179040000000001e+01  1.2287184999999999e+01  1.2332255000000000e+01  1.2492710000000001e+01  1.2862760000000000e+01  1.3217480000000000e+01  1.2997434999999999e+01  1.1741804999999999e+01  9.7192349999999994e+00  7.8881249999999996e+00  6.9504400000000004e+00  6.7374450000000001e+00  6.9505900000000000e+00  7.8880949999999999e+00  9.7192200000000000e+00  1.1741800000000000e+01  1.2997505000000000e+01  1.3217485000000000e+01  1.2862760000000000e+01  1.2492710000000001e+01  1.2332255000000000e+01  1.2287184999999999e+01  1.2179040000000001e+01  1.1953555000000000e+01  1.1695275000000001e+01  1.1504180000000000e+01  1.1423855000000000e+01  1.1452880000000000e+01  1.1564430000000000e+01  1.1703365000000000e+01  1.1783980000000000e+01  1.1743240000000000e+01  1.1633660000000001e+01  1.1621200000000000e+01  1.1821845000000000e+01  1.2101540000000000e+01  1.2057895000000000e+01  1.1304800000000000e+01  9.8511249999999997e+00  8.1236200000000007e+00  6.5540900000000004e+00  5.2493850000000002e+00
  -1.5000000000000000e-03  8.1028900000000004e+00  1.0136659999999999e+01  1.2584750000000000e+01  1.5319310000000000e+01  1.7599200000000000e+01  1.8672799999999999e+01  1.8557200000000002e+01  1.7970300000000002e+01  1.7608650000000001e+01  1.7658999999999999e+01  1.7874450000000000e+01  1.7948650000000001e+01  1.7803149999999999e+01  1.7565349999999999e+01  1.7379799999999999e+01  1.7326200000000000e+01  1.7443049999999999e+01  1.7740449999999999e+01  1.8161899999999999e+01  1.8537649999999999e+01  1.8695650000000001e+01  1.8719049999999999e+01  1.8948100000000000e+01  1.9609400000000001e+01  2.0390400000000000e+01  2.0325150000000001e+01  1.8501899999999999e+01  1.5308705000000000e+01  1.2476400000000000e+01  1.1247070000000001e+01  1.1079115000000000e+01  1.1247045000000000e+01  1.2476364999999999e+01  1.5308685000000001e+01  1.8501899999999999e+01  2.0325150000000001e+01  2.0390450000000001e+01  1.9609400000000001e+01  1.8948049999999999e+01  1.8719049999999999e+01  1.8695699999999999e+01  1.8537649999999999e+01  1.8161899999999999e+01  1.7740449999999999e+01  1.7443049999999999e+01  1.7326200000000000e+01  1.7379799999999999e+01  1.7565349999999999e+01  1.7803149999999999e+01  1.7948650000000001e+01  1.7874450000000000e+01  1.7658999999999999e+01  1.7608650000000001e+01  1.7970350000000000e+01  1.8557200000000002e+01  1.8672799999999999e+01  1.7599200000000000e+01  1.5319310000000000e+01  1.2584780000000000e+01  1.0136670000000001e+01  8.1028950000000002e+00
  -2.0000000000000000e-03  1.1271305000000000e+01  1.4134124999999999e+01  1.7559100000000001e+01  2.1484400000000001e+01  2.4728899999999999e+01  2.6036400000000000e+01  2.5496099999999998e+01  2.4372599999999998e+01  2.3783249999999999e+01  2.3932849999999998e+01  2.4333400000000001e+01  2.4456050000000001e+01  2.4205500000000001e+01  2.3829200000000000e+01  2.3549550000000000e+01  2.3459849999999999e+01  2.3606249999999999e+01  2.4018350000000002e+01  2.4648550000000000e+01  2.5235099999999999e+01  2.5439100000000000e+01  2.5365800000000000e+01  2.5623249999999999e+01  2.6691299999999998e+01  2.8231549999999999e+01  2.8715199999999999e+01  2.6419450000000001e+01  2.1802750000000000e+01  1.7852900000000002e+01  1.6697800000000001e+01  1.6879650000000002e+01  1.6697749999999999e+01  1.7852850000000000e+01  2.1802750000000000e+01  2.6419450000000001e+01  2.8715250000000001e+01  2.8231549999999999e+01  2.6691299999999998e+01  2.5623200000000001e+01  2.5365849999999998e+01  2.5439150000000001e+01  2.5235050000000001e+01  2.4648550000000000e+01  2.4018400000000000e+01  2.3606249999999999e+01  2.3459849999999999e+01  2.3549550000000000e+01  2.3829200000000000e+01  2.4205500000000001e+01  2.4456050000000001e+01  2.4333400000000001e+01  2.3932849999999998e+01  2.3783300000000001e+01  2.4372550000000000e+01  2.5496099999999998e+01  2.6036400000000000e+01  2.4728950000000001e+01  2.1484400000000001e+01  1.7559149999999999e+01  1.4134130000000001e+01  1.1271345000000000e+01
  -2.5000000000000001e-03  1.4946730000000001e+01  1.8792850000000001e+01  2.3276800000000001e+01  2.8654399999999999e+01  3.3091549999999998e+01  3.4482199999999999e+01  3.3067450000000001e+01  3.1050550000000001e+01  3.0160799999999998e+01  3.0537299999999998e+01  3.1262300000000000e+01  3.1449400000000001e+01  3.1016600000000000e+01  3.0443049999999999e+01  3.0047249999999998e+01  2.9907950000000000e+01  3.0070100000000000e+01  3.0597100000000001e+01  3.1502099999999999e+01  3.2415149999999997e+01  3.2665399999999998e+01  3.2352200000000003e+01  3.2536400000000000e+01  3.4135350000000003e+01  3.6932800000000000e+01  3.8645550000000000e+01  3.6054699999999997e+01  2.9538750000000000e+01  2.4267650000000000e+01  2.4020550000000000e+01  2.5261649999999999e+01  2.4020450000000000e+01  2.4267550000000000e+01  2.9538699999999999e+01  3.6054600000000001e+01  3.8645699999999998e+01  3.6932850000000002e+01  3.4135350000000003e+01  3.2536349999999999e+01  3.2352249999999998e+01  3.2665399999999998e+01  3.2415149999999997e+01  3.1502150000000000e+01  3.0597100000000001e+01  3.0070100000000000e+01  2.9907950000000000e+01  3.0047249999999998e+01  3.0443049999999999e+01  3.1016600000000000e+01  3.1449400000000001e+01  3.1262350000000001e+01  3.0537199999999999e+01  3.0160750000000000e+01  3.1050599999999999e+01  3.3067399999999999e+01  3.4482199999999999e+01  3.3091549999999998e+01  2.8654399999999999e+01  2.3276800000000001e+01  1.8792850000000001e+01  1.4946730000000001e+01
  -3.0000000000000001e-03  1.9448300000000000e+01  2.4531099999999999e+01  3.0019500000000001e+01  3.7196050000000000e+01  4.3212899999999998e+01  4.4435699999999997e+01  4.1391050000000000e+01  3.7948650000000001e+01  3.6707599999999999e+01  3.7557600000000001e+01  3.8845350000000003e+01  3.9104399999999998e+01  3.8340550000000000e+01  3.7489849999999997e+01  3.6963650000000001e+01  3.6760599999999997e+01  3.6915649999999999e+01  3.7531700000000001e+01  3.8794150000000002e+01  4.0259650000000001e+01  4.0571800000000003e+01  3.9752049999999997e+01  3.9656250000000000e+01  4.1869450000000001e+01  4.6613650000000000e+01  5.0733899999999998e+01  4.8178699999999999e+01  3.8856299999999997e+01  3.1840800000000002e+01  3.4341650000000001e+01  3.8302149999999997e+01  3.4341549999999998e+01  3.1840699999999998e+01  3.8856250000000003e+01  4.8178699999999999e+01  5.0733849999999997e+01  4.6613549999999996e+01  4.1869450000000001e+01  3.9656250000000000e+01  3.9752000000000002e+01  4.0571800000000003e+01  4.0259650000000001e+01  3.8794150000000002e+01  3.7531700000000001e+01  3.6915700000000001e+01  3.6760599999999997e+01  3.6963650000000001e+01  3.7489899999999999e+01  3.8340550000000000e+01  3.9104399999999998e+01  3.8845350000000003e+01  3.7557549999999999e+01  3.6707650000000001e+01  3.7948650000000001e+01  4.1390999999999998e+01  4.4435699999999997e+01  4.3212949999999999e+01  3.7196050000000000e+01  3.0019449999999999e+01  2.4531099999999999e+01  1.9448300000000000e+01
  -3.5000000000000001e-03  2.5360199999999999e+01  3.2171550000000003e+01  3.8109450000000002e+01  4.7527099999999997e+01  5.5824150000000003e+01  5.6479599999999998e+01  5.0510350000000003e+01  4.4882199999999997e+01  4.3318199999999997e+01  4.5092399999999998e+01  4.7343299999999999e+01  4.7652549999999998e+01  4.6261949999999999e+01  4.5046900000000001e+01  4.4401750000000000e+01  4.4120649999999998e+01  4.4239649999999997e+01  4.4860149999999997e+01  4.6542999999999999e+01  4.9021500000000003e+01  4.9452800000000003e+01  4.7625500000000002e+01  4.6894150000000003e+01  4.9673000000000002e+01  5.7201300000000003e+01  6.5835700000000003e+01  6.3942100000000003e+01  5.0066949999999999e+01  4.0269700000000000e+01  4.9480449999999998e+01  6.0164400000000001e+01  4.9480249999999998e+01  4.0269500000000001e+01  5.0067149999999998e+01  6.3942200000000000e+01  6.5835750000000004e+01  5.7201349999999998e+01  4.9672899999999998e+01  4.6894199999999998e+01  4.7625450000000001e+01  4.9452750000000002e+01  4.9021549999999998e+01  4.6542999999999999e+01  4.4860199999999999e+01  4.4239600000000003e+01  4.4120649999999998e+01  4.4401699999999998e+01  4.5046950000000002e+01  4.6262000000000000e+01  4.7652549999999998e+01  4.7343299999999999e+01  4.5092399999999998e+01  4.3318199999999997e+01  4.4882300000000001e+01  5.0510399999999997e+01  5.6479599999999998e+01  5.5824100000000001e+01  4.7527149999999999e+01  3.8109450000000002e+01  3.2171550000000003e+01  2.5360150000000001e+01
  -4.0000000000000001e-03  3.3838149999999999e+01  4.3579400000000000e+01  4.7777749999999997e+01  6.0082949999999997e+01  7.2017200000000003e+01  7.1512500000000003e+01  6.0280400000000000e+01  5.1472600000000000e+01  4.9795299999999997e+01  5.3281950000000002e+01  5.7170349999999999e+01  5.7444550000000000e+01  5.4803899999999999e+01  5.3201900000000002e+01  5.2503999999999998e+01  5.2117950000000000e+01  5.2189999999999998e+01  5.2627200000000002e+01  5.4613399999999999e+01  5.9118250000000003e+01  5.9816600000000001e+01  5.5983750000000001e+01  5.4127699999999997e+01  5.7161250000000003e+01  6.8105800000000002e+01  8.5288150000000002e+01  8.5220650000000006e+01  6.3468699999999998e+01  4.8045949999999998e+01  7.2336500000000001e+01  9.9917150000000007e+01  7.2336250000000007e+01  4.8045600000000000e+01  6.3468600000000002e+01  8.5220799999999997e+01  8.5288349999999994e+01  6.8105850000000004e+01  5.7161250000000003e+01  5.4127600000000001e+01  5.5983699999999999e+01  5.9816600000000001e+01  5.9118299999999998e+01  5.4613399999999999e+01  5.2627150000000000e+01  5.2189950000000003e+01  5.2117950000000000e+01  5.2504049999999999e+01  5.3201900000000002e+01  5.4803849999999997e+01  5.7444550000000000e+01  5.7170349999999999e+01  5.3281950000000002e+01  4.9795299999999997e+01  5.1472600000000000e+01  6.0280200000000001e+01  7.1512699999999995e+01  7.2017099999999999e+01  6.0082900000000002e+01  4.7777749999999997e+01  4.3579400000000000e+01  3.3838149999999999e+01
  -4.4999999999999997e-03  4.7263900000000000e+01  6.3620300000000000e+01  5.8488100000000003e+01  7.5399450000000002e+01  9.3783050000000003e+01  9.1366000000000000e+01  7.0098050000000001e+01  5.7153199999999998e+01  5.5910850000000003e+01  6.2478299999999997e+01  6.9191050000000004e+01  6.9257599999999996e+01  6.3866000000000000e+01  6.2237900000000003e+01  6.1628650000000000e+01  6.1033999999999999e+01  6.1154899999999998e+01  6.1117550000000001e+01  6.2457500000000003e+01  7.1551599999999993e+01  7.2811599999999999e+01  6.4708900000000000e+01  6.1378900000000002e+01  6.4034850000000006e+01  7.7217900000000000e+01  1.1186369999999999e+02  1.1561035000000000e+02  7.9784250000000000e+01  5.0300350000000002e+01  1.0696205000000000e+02  1.7925399999999999e+02  1.0696160000000000e+02  5.0299799999999998e+01  7.9784199999999998e+01  1.1561060000000001e+02  1.1186390000000000e+02  7.7218000000000004e+01  6.4034700000000001e+01  6.1378850000000000e+01  6.4708849999999998e+01  7.2811750000000004e+01  7.1551649999999995e+01  6.2457500000000003e+01  6.1117550000000001e+01  6.1154850000000003e+01  6.1033799999999999e+01  6.1628650000000000e+01  6.2237949999999998e+01  6.3866100000000003e+01  6.9257599999999996e+01  6.9191149999999993e+01  6.2478299999999997e+01  5.5910899999999998e+01  5.7153250000000000e+01  7.0097849999999994e+01  9.1365750000000006e+01  9.3782950000000000e+01  7.5399450000000002e+01  5.8487949999999998e+01  6.3620199999999997e+01  4.7263900000000000e+01
  -5.0000000000000001e-03  6.7985699999999994e+01  1.0779430000000001e+02  6.7646749999999997e+01  9.5680800000000005e+01  1.2645144999999999e+02  1.2149769999999999e+02  7.9428399999999996e+01  6.2318750000000001e+01  6.2680950000000003e+01  7.4751499999999993e+01  8.6524600000000007e+01  8.6176299999999998e+01  7.4165450000000007e+01  7.4230549999999994e+01  7.3871549999999999e+01  7.2688749999999999e+01  7.3280900000000003e+01  7.2587100000000007e+01  6.9396000000000001e+01  9.0143500000000003e+01  9.2307149999999993e+01  7.4360550000000003e+01  7.0280000000000001e+01  7.1918999999999997e+01  7.9624849999999995e+01  1.5330955000000000e+02  1.6367099999999999e+02  1.0264080000000000e+02  3.4892449999999997e+01  1.5726009999999999e+02  3.4471949999999998e+02  1.5725935000000001e+02  3.4891550000000002e+01  1.0264100000000001e+02  1.6367150000000001e+02  1.5331000000000000e+02  7.9624849999999995e+01  7.1918549999999996e+01  7.0279650000000004e+01  7.4360500000000002e+01  9.2307299999999998e+01  9.0143649999999994e+01  6.9395949999999999e+01  7.2587000000000003e+01  7.3280799999999999e+01  7.2688749999999999e+01  7.3871650000000002e+01  7.4230649999999997e+01  7.4165450000000007e+01  8.6176249999999996e+01  8.6524349999999998e+01  7.4751499999999993e+01  6.2680999999999997e+01  6.2318950000000001e+01  7.9428200000000004e+01  1.2149769999999999e+02  1.2645144999999999e+02  9.5680599999999998e+01  6.7646699999999996e+01  1.0779434999999999e+02  6.7985650000000007e+01
# Longitudinally Integrated Squared Transverse Magnetic Field [T2m]
START
                          -2.9999999999999999e-02 -2.9000000000000001e-02 -2.8000000000000001e-02 -2.7000000000000000e-02 -2.5999999999999999e-02 -2.5000000000000001e-02 -2.4000000000000000e-02 -2.3000000000000000e-02 -2.1999999999999999e-02 -2.1000000000000001e-02 -2.0000000000000000e-02 -1.9000000000000000e-02 -1.7999999999999999e-02 -1.7000000000000001e-02 -1.6000000000000000e-02 -1.4999999999999999e-02 -1.4000000000000000e-02 -1.2999999999999999e-02 -1.2000000000000000e-02 -1.0999999999999999e-02 -1.0000000000000000e-02 -8.9999999999999993e-03 -8.0000000000000002e-03 -7.0000000000000001e-03 -6.0000000000000001e-03 -5.0000000000000001e-03 -4.0000000000000001e-03 -3.0000000000000001e-03 -2.0000000000000000e-03 -1.0000000000000000e-03  0.0000000000000000e+00  1.0000000000000000e-03  2.0000000000000000e-03  3.0000000000000001e-03  4.0000000000000001e-03  5.0000000000000001e-03  6.0000000000000001e-03  7.0000000000000001e-03  8.0000000000000002e-03  8.9999999999999993e-03  1.0000000000000000e-02  1.0999999999999999e-02  1.2000000000000000e-02  1.2999999999999999e-02  1.4000000000000000e-02  1.4999999999999999e-02  1.6000000000000000e-02  1.7000000000000001e-02  1.7999999999999999e-02  1.9000000000000000e-02  2.0000000000000000e-02  2.1000000000000001e-02  2.1999999999999999e-02  2.3000000000000000e-02  2.4000000000000000e-02  2.5000000000000001e-02  2.5999999999999999e-02  2.7000000000000000e-02  2.8000000000000001e-02  2.9000000000000001e-02  2.9999999999999999e-02
   5.0000000000000001e-03  5.2004050000000002e-01  7.1521800000000002e-01  6.9706100000000004e-01  6.5349950000000001e-01  6.1655599999999999e-01  5.8655000000000002e-01  5.6159349999999997e-01  5.4269599999999996e-01  5.3331649999999997e-01  5.2630100000000002e-01  5.2092700000000003e-01  5.1725100000000002e-01  5.1521649999999997e-01  5.1475450000000000e-01  5.1581849999999996e-01  5.1836499999999996e-01  5.2225449999999995e-01  5.2695850000000000e-01  5.3230650000000002e-01  5.4957800000000001e-01  5.7494599999999996e-01  6.0472049999999999e-01  6.4064849999999995e-01  6.8443299999999996e-01  7.3665150000000001e-01  8.0881749999999997e-01  9.2240000000000000e-01  1.0814414999999999e+00  1.3173465000000000e+00  1.6786600000000000e+00  1.8940600000000001e+00  1.6786600000000000e+00  1.3173465000000000e+00  1.0814414999999999e+00  9.2240000000000000e-01  8.0881749999999997e-01  7.3665150000000001e-01  6.8443299999999996e-01  6.4064849999999995e-01  6.0472049999999999e-01  5.7494599999999996e-01  5.4957800000000001e-01  5.3230650000000002e-01  5.2695850000000000e-01  5.2225449999999995e-01  5.1836499999999996e-01  5.1581849999999996e-01  5.1475450000000000e-01  5.1521649999999997e-01  5.1725100000000002e-01  5.2092700000000003e-01  5.2630100000000002e-01  5.3331649999999997e-01  5.4269599999999996e-01  5.6159349999999997e-01  5.8655000000000002e-01  6.1655599999999999e-01  6.5349950000000001e-01  6.9706100000000004e-01  7.1521800000000002e-01  5.2004050000000002e-01
   4.4999999999999997e-03  4.1606700000000002e-01  5.1991600000000004e-01  5.3432650000000004e-01  5.1373100000000005e-01  4.8873499999999998e-01  4.6583900000000000e-01  4.4625799999999999e-01  4.3129899999999999e-01  4.2176399999999997e-01  4.1509000000000001e-01  4.1027150000000001e-01  4.0713149999999998e-01  4.0558300000000003e-01  4.0557399999999999e-01  4.0708850000000002e-01  4.1014050000000002e-01  4.1473800000000000e-01  4.2090250000000001e-01  4.2975600000000003e-01  4.4571949999999999e-01  4.6865699999999999e-01  4.9709900000000001e-01  5.3195850000000000e-01  5.7472849999999998e-01  6.2746199999999996e-01  6.9779700000000000e-01  7.9673300000000002e-01  9.3009100000000000e-01  1.1085815000000001e+00  1.3222594999999999e+00  1.4339470000000001e+00  1.3222594999999999e+00  1.1085815000000001e+00  9.3009100000000000e-01  7.9673300000000002e-01  6.9779700000000000e-01  6.2746199999999996e-01  5.7472849999999998e-01  5.3195850000000000e-01  4.9709900000000001e-01  4.6865699999999999e-01  4.4571949999999999e-01  4.2975600000000003e-01  4.2090250000000001e-01  4.1473800000000000e-01  4.1014050000000002e-01  4.0708850000000002e-01  4.0557399999999999e-01  4.0558300000000003e-01  4.0713149999999998e-01  4.1027150000000001e-01  4.1509000000000001e-01  4.2176399999999997e-01  4.3129899999999999e-01  4.4625799999999999e-01  4.6583900000000000e-01  4.8873499999999998e-01  5.1373100000000005e-01  5.3432650000000004e-01  5.1991600000000004e-01  4.1606700000000002e-01
   4.0000000000000001e-03  3.3510899999999999e-01  3.9525300000000002e-01  4.1142250000000002e-01  4.0112650000000000e-01  3.8332749999999999e-01  3.6522949999999998e-01  3.4924600000000000e-01  3.3661849999999999e-01  3.2765949999999999e-01  3.2133899999999999e-01  3.1694800000000001e-01  3.1423950000000000e-01  3.1310549999999998e-01  3.1350200000000000e-01  3.1544100000000003e-01  3.1898700000000002e-01  3.2426899999999997e-01  3.3159200000000000e-01  3.4203749999999999e-01  3.5776300000000000e-01  3.7944899999999998e-01  4.0696749999999998e-01  4.4110100000000002e-01  4.8323100000000002e-01  5.3555699999999995e-01  6.0289150000000002e-01  6.9120999999999999e-01  8.0372200000000005e-01  9.3997200000000003e-01  1.0775094999999999e+00  1.1415360000000001e+00  1.0775094999999999e+00  9.3997200000000003e-01  8.0372200000000005e-01  6.9120999999999999e-01  6.0289150000000002e-01  5.3555699999999995e-01  4.8323100000000002e-01  4.4110100000000002e-01  4.0696749999999998e-01  3.7944899999999998e-01  3.5776300000000000e-01  3.4203749999999999e-01  3.3159200000000000e-01  3.2426899999999997e-01  3.1898700000000002e-01  3.1544100000000003e-01  3.1350200000000000e-01  3.1310549999999998e-01  3.1423950000000000e-01  3.1694800000000001e-01  3.2133899999999999e-01  3.2765949999999999e-01  3.3661849999999999e-01  3.4924600000000000e-01  3.6522949999999998e-01  3.8332749999999999e-01  4.0112650000000000e-01  4.1142250000000002e-01  3.9525300000000002e-01  3.3510899999999999e-01
   3.5000000000000001e-03  2.7241599999999999e-01  3.0773499999999998e-01  3.1835449999999998e-01  3.1104250000000000e-01  2.9677550000000003e-01  2.8147800000000001e-01  2.6767600000000003e-01  2.5647999999999999e-01  2.4812149999999999e-01  2.4214250000000001e-01  2.3809100000000000e-01  2.3572950000000001e-01  2.3494399999999999e-01  2.3569750000000000e-01  2.3802150000000000e-01  2.4202000000000001e-01  2.4789749999999999e-01  2.5605800000000001e-01  2.6737650000000002e-01  2.8317199999999998e-01  3.0430849999999998e-01  3.3129399999999998e-01  3.6499100000000001e-01  4.0669200000000000e-01  4.5828900000000000e-01  5.2278400000000003e-01  6.0322200000000004e-01  7.0003249999999995e-01  8.0761249999999996e-01  9.0404099999999998e-01  9.4526750000000004e-01  9.0404099999999998e-01  8.0761249999999996e-01  7.0003249999999995e-01  6.0322249999999999e-01  5.2278400000000003e-01  4.5828900000000000e-01  4.0669200000000000e-01  3.6499100000000001e-01  3.3129399999999998e-01  3.0430849999999998e-01  2.8317199999999998e-01  2.6737650000000002e-01  2.5605800000000001e-01  2.4789749999999999e-01  2.4202000000000001e-01  2.3802150000000000e-01  2.3569750000000000e-01  2.3494399999999999e-01  2.3572950000000001e-01  2.3809100000000000e-01  2.4214250000000001e-01  2.4812149999999999e-01  2.5647999999999999e-01  2.6767600000000003e-01  2.8147749999999999e-01  2.9677550000000003e-01  3.1104250000000000e-01  3.1835449999999998e-01  3.0773499999999998e-01  2.7241599999999999e-01
   3.0000000000000001e-03  2.2360150000000001e-01  2.4335300000000001e-01  2.4757250000000000e-01  2.3979149999999999e-01  2.2667499999999999e-01  2.1268850000000000e-01  2.0003750000000001e-01  1.8965750000000001e-01  1.8173900000000001e-01  1.7603949999999999e-01  1.7225199999999999e-01  1.7016550000000000e-01  1.6966850000000000e-01  1.7072750000000000e-01  1.7338799999999999e-01  1.7777999999999999e-01  1.8414500000000000e-01  1.9290550000000001e-01  2.0478350000000001e-01  2.2075600000000001e-01  2.4171950000000000e-01  2.6846650000000000e-01  3.0195050000000001e-01  3.4338200000000002e-01  3.9428099999999999e-01  4.5647100000000002e-01  5.3112950000000003e-01  6.1665550000000002e-01  7.0540349999999996e-01  7.7861150000000001e-01  8.0811549999999999e-01  7.7861150000000001e-01  7.0540349999999996e-01  6.1665550000000002e-01  5.3112950000000003e-01  4.5647100000000002e-01  3.9428099999999999e-01  3.4338200000000002e-01  3.0195100000000002e-01  2.6846650000000000e-01  2.4171950000000000e-01  2.2075600000000001e-01  2.0478350000000001e-01  1.9290599999999999e-01  1.8414500000000000e-01  1.7777999999999999e-01  1.7338799999999999e-01  1.7072750000000000e-01  1.6966850000000000e-01  1.7016550000000000e-01  1.7225199999999999e-01  1.7603949999999999e-01  1.8173900000000001e-01  1.8965750000000001e-01  2.0003750000000001e-01  2.1268850000000000e-01  2.2667499999999999e-01  2.3979149999999999e-01  2.4757250000000000e-01  2.4335300000000001e-01  2.2360150000000001e-01
   2.5000000000000001e-03  1.8570100000000000e-01  1.9512599999999999e-01  1.9377700000000000e-01  1.8420700000000001e-01  1.7091100000000001e-01  1.5726140000000000e-01  1.4506569999999999e-01  1.3507235000000001e-01  1.2741325000000001e-01  1.2191030000000000e-01  1.1831835000000000e-01  1.1644570000000000e-01  1.1618090000000000e-01  1.1749360000000000e-01  1.2043685000000000e-01  1.2515525000000000e-01  1.3190625000000000e-01  1.4110465000000000e-01  1.5338075000000001e-01  1.6956299999999999e-01  1.9054650000000001e-01  2.1724750000000001e-01  2.5067800000000001e-01  2.9197350000000000e-01  3.4234049999999999e-01  4.0281000000000000e-01  4.7333649999999999e-01  5.5100499999999997e-01  6.2753150000000002e-01  6.8712549999999994e-01  7.1020550000000005e-01  6.8712549999999994e-01  6.2753150000000002e-01  5.5100499999999997e-01  4.7333649999999999e-01  4.0281050000000002e-01  3.4234049999999999e-01  2.9197350000000000e-01  2.5067800000000001e-01  2.1724750000000001e-01  1.9054650000000001e-01  1.6956299999999999e-01  1.5338075000000001e-01  1.4110465000000000e-01  1.3190625000000000e-01  1.2515525000000000e-01  1.2043685000000000e-01  1.1749360000000000e-01  1.1618090000000000e-01  1.1644570000000000e-01  1.1831835000000000e-01  1.2191030000000000e-01  1.2741320000000000e-01  1.3507235000000001e-01  1.4506569999999999e-01  1.5726140000000000e-01  1.7091100000000001e-01  1.8420700000000001e-01  1.9377700000000000e-01  1.9512599999999999e-01  1.8570100000000000e-01
   2.0000000000000000e-03  1.5673144999999999e-01  1.5912650000000000e-01  1.5337634999999999e-01  1.4175130000000000e-01  1.2767455000000000e-01  1.1381660000000000e-01  1.0165444999999999e-01  9.1770400000000002e-02  8.4225149999999999e-02  7.8840049999999995e-02  7.5384800000000002e-02  7.3671849999999997e-02  7.3588299999999995e-02  7.5103850000000000e-02  7.8275200000000003e-02  8.3253599999999997e-02  9.0301400000000004e-02  9.9822099999999997e-02  1.1239660000000000e-01  1.2878570000000000e-01  1.4987729999999999e-01  1.7664099999999999e-01  2.1011750000000001e-01  2.5138050000000001e-01  3.0139749999999998e-01  3.6066450000000000e-01  4.2832550000000003e-01  5.0065950000000004e-01  5.6930499999999995e-01  6.2070449999999999e-01  6.4009300000000002e-01  6.2070449999999999e-01  5.6930499999999995e-01  5.0065950000000004e-01  4.2832550000000003e-01  3.6066450000000000e-01  3.0139749999999998e-01  2.5138050000000001e-01  2.1011750000000001e-01  1.7664099999999999e-01  1.4987729999999999e-01  1.2878570000000000e-01  1.1239660000000000e-01  9.9822099999999997e-02  9.0301400000000004e-02  8.3253599999999997e-02  7.8275200000000003e-02  7.5103850000000000e-02  7.3588299999999995e-02  7.3671849999999997e-02  7.5384800000000002e-02  7.8840049999999995e-02  8.4225149999999999e-02  9.1770400000000002e-02  1.0165444999999999e-01  1.1381660000000000e-01  1.2767455000000000e-01  1.4175130000000000e-01  1.5337634999999999e-01  1.5912650000000000e-01  1.5673139999999999e-01
   1.5000000000000000e-03  1.3534945000000001e-01  1.3297575000000000e-01  1.2396180000000000e-01  1.1050680000000000e-01  9.5504649999999996e-02  8.1211699999999998e-02  6.8874450000000004e-02  5.8946300000000000e-02  5.1420700000000000e-02  4.6093650000000000e-02  4.2726899999999998e-02  4.1127749999999998e-02  4.1179000000000000e-02  4.2848700000000003e-02  4.6194350000000002e-02  5.1369550000000000e-02  5.8637000000000002e-02  6.8391649999999998e-02  8.1189349999999993e-02  9.7759650000000003e-02  1.1898460000000000e-01  1.4585604999999999e-01  1.7942649999999999e-01  2.2072100000000000e-01  2.7053850000000002e-01  3.2901449999999999e-01  3.9476349999999999e-01  4.6358100000000002e-01  5.2721450000000003e-01  5.7363500000000001e-01  5.9085049999999995e-01  5.7363500000000001e-01  5.2721450000000003e-01  4.6358100000000002e-01  3.9476349999999999e-01  3.2901449999999999e-01  2.7053850000000002e-01  2.2072100000000000e-01  1.7942649999999999e-01  1.4585604999999999e-01  1.1898460000000000e-01  9.7759650000000003e-02  8.1189349999999993e-02  6.8391649999999998e-02  5.8637000000000002e-02  5.1369550000000000e-02  4.6194350000000002e-02  4.2848700000000003e-02  4.1179000000000000e-02  4.1127749999999998e-02  4.2726899999999998e-02  4.6093650000000000e-02  5.1420700000000000e-02  5.8946300000000000e-02  6.8874400000000002e-02  8.1211699999999998e-02  9.5504649999999996e-02  1.1050680000000000e-01  1.2396180000000000e-01  1.3297575000000000e-01  1.3534945000000001e-01
   1.0000000000000000e-03  1.2064960000000000e-01  1.1518575000000000e-01  1.0393840000000000e-01  8.9095900000000006e-02  7.3292399999999994e-02  5.8555950000000002e-02  4.5990549999999998e-02  3.5962099999999997e-02  2.8410999999999999e-02  2.3104850000000000e-02  1.9790450000000001e-02  1.8266350000000001e-02  1.8410300000000001e-02  2.0187850000000000e-02  2.3655949999999999e-02  2.8968500000000001e-02  3.6387299999999997e-02  4.6302200000000002e-02  5.9256999999999997e-02  7.5967350000000003e-02  9.7311449999999994e-02  1.2429034999999999e-01  1.5796004999999999e-01  1.9931150000000000e-01  2.4903049999999999e-01  3.0702350000000000e-01  3.7157299999999999e-01  4.3819500000000000e-01  4.9876949999999998e-01  5.4223949999999999e-01  5.5819249999999998e-01  5.4223949999999999e-01  4.9876949999999998e-01  4.3819500000000000e-01  3.7157299999999999e-01  3.0702350000000000e-01  2.4903049999999999e-01  1.9931150000000000e-01  1.5796004999999999e-01  1.2429034999999999e-01  9.7311449999999994e-02  7.5967350000000003e-02  5.9256999999999997e-02  4.6302200000000002e-02  3.6387299999999997e-02  2.8968500000000001e-02  2.3655949999999999e-02  2.0187850000000000e-02  1.8410300000000001e-02  1.8266350000000001e-02  1.9790450000000001e-02  2.3104850000000000e-02  2.8410999999999999e-02  3.5962099999999997e-02  4.5990549999999998e-02  5.8555950000000002e-02  7.3292399999999994e-02  8.9095900000000006e-02  1.0393840000000000e-01  1.1518575000000000e-01  1.2064960000000000e-01
   5.0000000000000001e-04  1.1204780000000000e-01  1.0484245000000000e-01  9.2296050000000004e-02  7.6599150000000005e-02  6.0266649999999998e-02  4.5214999999999998e-02  3.2473099999999998e-02  2.2357050000000000e-02  1.4774260000000001e-02  9.4716999999999996e-03  6.1839249999999998e-03  4.7022449999999999e-03  4.9002799999999999e-03  6.7415150000000000e-03  1.0282190000000000e-02  1.5675794999999999e-02  2.3183349999999998e-02  3.3192149999999997e-02  4.6240950000000003e-02  6.3039499999999998e-02  8.4464100000000000e-02  1.1151935000000000e-01  1.4526149999999999e-01  1.8666150000000001e-01  2.3634150000000001e-01  2.9407850000000002e-01  3.5797299999999999e-01  4.2339700000000002e-01  4.8232350000000002e-01  5.2423149999999996e-01  5.3952449999999996e-01  5.2423149999999996e-01  4.8232350000000002e-01  4.2339700000000002e-01  3.5797299999999999e-01  2.9407850000000002e-01  2.3634150000000001e-01  1.8666150000000001e-01  1.4526149999999999e-01  1.1151935000000000e-01  8.4464100000000000e-02  6.3039499999999998e-02  4.6240950000000003e-02  3.3192149999999997e-02  2.3183349999999998e-02  1.5675794999999999e-02  1.0282190000000000e-02  6.7415150000000000e-03  4.9002749999999999e-03  4.7022449999999999e-03  6.1839249999999998e-03  9.4716999999999996e-03  1.4774260000000001e-02  2.2357050000000000e-02  3.2473099999999998e-02  4.5214999999999998e-02  6.0266649999999998e-02  7.6599150000000005e-02  9.2296050000000004e-02  1.0484245000000000e-01  1.1204780000000000e-01
   0.0000000000000000e+00  1.0921585000000000e-01  1.0144750000000000e-01  8.8475050000000000e-02  7.2490550000000001e-02  5.5974500000000003e-02  4.0809999999999999e-02  2.8002849999999999e-02  1.7853049999999999e-02  1.0256870000000000e-02  4.9539650000000003e-03  1.6742350000000000e-03  2.0623000000000001e-04  4.2202100000000002e-04  2.2843199999999998e-03  5.8490149999999999e-03  1.1269415000000000e-02  1.8806250000000000e-02  2.8846050000000002e-02  4.1926150000000002e-02  5.8754750000000001e-02  8.0207650000000005e-02  1.0729030000000001e-01  1.4105880000000001e-01  1.8247749999999999e-01  2.3214750000000001e-01  2.8980499999999998e-01  3.5349199999999997e-01  4.1853550000000000e-01  4.7694249999999999e-01  5.1836199999999999e-01  5.3344899999999995e-01  5.1836199999999999e-01  4.7694249999999999e-01  4.1853550000000000e-01  3.5349199999999997e-01  2.8980499999999998e-01  2.3214750000000001e-01  1.8247749999999999e-01  1.4105880000000001e-01  1.0729030000000001e-01  8.0207650000000005e-02  5.8754750000000001e-02  4.1926150000000002e-02  2.8846050000000002e-02  1.8806250000000000e-02  1.1269415000000000e-02  5.8490100000000000e-03  2.2843149999999999e-03  4.2202050000000001e-04  2.0623000000000001e-04  1.6742350000000000e-03  4.9539650000000003e-03  1.0256870000000000e-02  1.7853049999999999e-02  2.8002800000000001e-02  4.0809999999999999e-02  5.5974500000000003e-02  7.2490550000000001e-02  8.8475050000000000e-02  1.0144750000000000e-01  1.0921580000000000e-01
  -5.0000000000000001e-04  1.1204780000000000e-01  1.0484245000000000e-01  9.2296050000000004e-02  7.6599150000000005e-02  6.0266649999999998e-02  4.5214999999999998e-02  3.2473099999999998e-02  2.2357050000000000e-02  1.4774260000000001e-02  9.4716999999999996e-03  6.1839249999999998e-03  4.7022449999999999e-03  4.9002799999999999e-03  6.7415150000000000e-03  1.0282190000000000e-02  1.5675794999999999e-02  2.3183349999999998e-02  3.3192149999999997e-02  4.6240950000000003e-02  6.3039499999999998e-02  8.4464100000000000e-02  1.1151935000000000e-01  1.4526149999999999e-01  1.8666150000000001e-01  2.3634150000000001e-01  2.9407850000000002e-01  3.5797299999999999e-01  4.2339700000000002e-01  4.8232350000000002e-01  5.2423149999999996e-01  5.3952449999999996e-01  5.2423149999999996e-01  4.8232350000000002e-01  4.2339700000000002e-01  3.5797299999999999e-01  2.9407850000000002e-01  2.3634150000000001e-01  1.8666150000000001e-01  1.4526149999999999e-01  1.1151935000000000e-01  8.4464100000000000e-02  6.3039499999999998e-02  4.6240950000000003e-02  3.3192149999999997e-02  2.3183349999999998e-02  1.5675794999999999e-02  1.0282190000000000e-02  6.7415150000000000e-03  4.9002749999999999e-03  4.7022449999999999e-03  6.1839249999999998e-03  9.4716999999999996e-03  1.4774260000000001e-02  2.2357050000000000e-02  3.2473099999999998e-02  4.5214999999999998e-02  6.0266649999999998e-02  7.6599150000000005e-02  9.2296050000000004e-02  1.0484245000000000e-01  1.1204780000000000e-01
  -1.0000000000000000e-03  1.2064960000000000e-01  1.1518575000000000e-01  1.0393840000000000e-01  8.9095900000000006e-02  7.3292399999999994e-02  5.8555950000000002e-02  4.5990549999999998e-02  3.5962099999999997e-02  2.8410999999999999e-02  2.3104850000000000e-02  1.9790450000000001e-02  1.8266350000000001e-02  1.8410300000000001e-02  2.0187850000000000e-02  2.3655949999999999e-02  2.8968500000000001e-02  3.6387299999999997e-02  4.6302200000000002e-02  5.9257049999999999e-02  7.5967350000000003e-02  9.7311449999999994e-02  1.2429034999999999e-01  1.5796004999999999e-01  1.9931150000000000e-01  2.4903049999999999e-01  3.0702350000000000e-01  3.7157299999999999e-01  4.3819500000000000e-01  4.9876949999999998e-01  5.4223949999999999e-01  5.5819249999999998e-01  5.4223949999999999e-01  4.9876949999999998e-01  4.3819500000000000e-01  3.7157299999999999e-01  3.0702350000000000e-01  2.4903049999999999e-01  1.9931150000000000e-01  1.5796004999999999e-01  1.2429034999999999e-01  9.7311449999999994e-02  7.5967350000000003e-02  5.9256999999999997e-02  4.6302200000000002e-02  3.6387299999999997e-02  2.8968500000000001e-02  2.3655949999999999e-02  2.0187850000000000e-02  1.8410300000000001e-02  1.8266350000000001e-02  1.9790450000000001e-02  2.3104850000000000e-02  2.8410999999999999e-02  3.5962099999999997e-02  4.5990549999999998e-02  5.8555950000000002e-02  7.3292399999999994e-02  8.9095900000000006e-02  1.0393840000000000e-01  1.1518575000000000e-01  1.2064960000000000e-01
  -1.5000000000000000e-03  1.3534945000000001e-01  1.3297575000000000e-01  1.2396180000000000e-01  1.1050680000000000e-01  9.5504649999999996e-02  8.1211699999999998e-02  6.8874400000000002e-02  5.8946300000000000e-02  5.1420700000000000e-02  4.6093650000000000e-02  4.2726899999999998e-02  4.1127749999999998e-02  4.1179000000000000e-02  4.2848700000000003e-02  4.6194350000000002e-02  5.1369550000000000e-02  5.8637000000000002e-02  6.8391649999999998e-02  8.1189349999999993e-02  9.7759700000000005e-02  1.1898460000000000e-01  1.4585604999999999e-01  1.7942649999999999e-01  2.2072100000000000e-01  2.7053850000000002e-01  3.2901449999999999e-01  3.9476349999999999e-01  4.6358100000000002e-01  5.2721450000000003e-01  5.7363500000000001e-01  5.9085049999999995e-01  5.7363500000000001e-01  5.2721450000000003e-01  4.6358100000000002e-01  3.9476349999999999e-01  3.2901449999999999e-01  2.7053850000000002e-01  2.2072100000000000e-01  1.7942649999999999e-01  1.4585600000000001e-01  1.1898460000000000e-01  9.7759650000000003e-02  8.1189349999999993e-02  6.8391649999999998e-02  5.8637000000000002e-02  5.1369550000000000e-02  4.6194350000000002e-02  4.2848700000000003e-02  4.1179000000000000e-02  4.1127749999999998e-02  4.2726899999999998e-02  4.6093650000000000e-02  5.1420700000000000e-02  5.8946300000000000e-02  6.8874400000000002e-02  8.1211699999999998e-02  9.5504649999999996e-02  1.1050680000000000e-01  1.2396180000000000e-01  1.3297575000000000e-01  1.3534945000000001e-01
  -2.0000000000000000e-03  1.5673144999999999e-01  1.5912650000000000e-01  1.5337634999999999e-01  1.4175130000000000e-01  1.2767455000000000e-01  1.1381660000000000e-01  1.0165444999999999e-01  9.1770400000000002e-02  8.4225149999999999e-02  7.8840049999999995e-02  7.5384800000000002e-02  7.3671849999999997e-02  7.3588299999999995e-02  7.5103850000000000e-02  7.8275200000000003e-02  8.3253649999999998e-02  9.0301400000000004e-02  9.9822099999999997e-02  1.1239660000000000e-01  1.2878570000000000e-01  1.4987729999999999e-01  1.7664099999999999e-01  2.1011750000000001e-01  2.5138050000000001e-01  3.0139749999999998e-01  3.6066450000000000e-01  4.2832550000000003e-01  5.0065950000000004e-01  5.6930499999999995e-01  6.2070449999999999e-01  6.4009300000000002e-01  6.2070449999999999e-01  5.6930499999999995e-01  5.0065950000000004e-01  4.2832550000000003e-01  3.6066450000000000e-01  3.0139749999999998e-01  2.5138050000000001e-01  2.1011750000000001e-01  1.7664099999999999e-01  1.4987729999999999e-01  1.2878570000000000e-01  1.1239660000000000e-01  9.9822099999999997e-02  9.0301400000000004e-02  8.3253599999999997e-02  7.8275200000000003e-02  7.5103850000000000e-02  7.3588299999999995e-02  7.3671849999999997e-02  7.5384800000000002e-02  7.8840049999999995e-02  8.4225149999999999e-02  9.1770400000000002e-02  1.0165444999999999e-01  1.1381655000000000e-01  1.2767455000000000e-01  1.4175130000000000e-01  1.5337634999999999e-01  1.5912650000000000e-01  1.5673144999999999e-01
  -2.5000000000000001e-03  1.8570100000000000e-01  1.9512599999999999e-01  1.9377700000000000e-01  1.8420700000000001e-01  1.7091100000000001e-01  1.5726140000000000e-01  1.4506574999999999e-01  1.3507235000000001e-01  1.2741325000000001e-01  1.2191030000000000e-01  1.1831835000000000e-01  1.1644570000000000e-01  1.1618090000000000e-01  1.1749360000000000e-01  1.2043685000000000e-01  1.2515525000000000e-01  1.3190625000000000e-01  1.4110465000000000e-01  1.5338075000000001e-01  1.6956299999999999e-01  1.9054650000000001e-01  2.1724750000000001e-01  2.5067800000000001e-01  2.9197350000000000e-01  3.4234049999999999e-01  4.0281050000000002e-01  4.7333649999999999e-01  5.5100499999999997e-01  6.2753150000000002e-01  6.8712549999999994e-01  7.1020550000000005e-01  6.8712549999999994e-01  6.2753150000000002e-01  5.5100499999999997e-01  4.7333649999999999e-01  4.0281000000000000e-01  3.4234049999999999e-01  2.9197350000000000e-01  2.5067800000000001e-01  2.1724750000000001e-01  1.9054650000000001e-01  1.6956299999999999e-01  1.5338075000000001e-01  1.4110465000000000e-01  1.3190625000000000e-01  1.2515525000000000e-01  1.2043685000000000e-01  1.1749360000000000e-01  1.1618090000000000e-01  1.1644570000000000e-01  1.1831835000000000e-01  1.2191030000000000e-01  1.2741320000000000e-01  1.3507235000000001e-01  1.4506569999999999e-01  1.5726140000000000e-01  1.7091100000000001e-01  1.8420700000000001e-01  1.9377700000000000e-01  1.9512599999999999e-01  1.8570100000000000e-01
  -3.0000000000000001e-03  2.2360150000000001e-01  2.4335300000000001e-01  2.4757250000000000e-01  2.3979149999999999e-01  2.2667499999999999e-01  2.1268850000000000e-01  2.0003750000000001e-01  1.8965750000000001e-01  1.8173900000000001e-01  1.7604000000000000e-01  1.7225199999999999e-01  1.7016550000000000e-01  1.6966850000000000e-01  1.7072750000000000e-01  1.7338799999999999e-01  1.7777999999999999e-01  1.8414500000000000e-01  1.9290599999999999e-01  2.0478350000000001e-01  2.2075600000000001e-01  2.4171950000000000e-01  2.6846650000000000e-01  3.0195050000000001e-01  3.4338200000000002e-01  3.9428150000000001e-01  4.5647100000000002e-01  5.3112950000000003e-01  6.1665550000000002e-01  7.0540349999999996e-01  7.7861150000000001e-01  8.0811549999999999e-01  7.7861150000000001e-01  7.0540349999999996e-01  6.1665550000000002e-01  5.3112950000000003e-01  4.5647100000000002e-01  3.9428099999999999e-01  3.4338200000000002e-01  3.0195050000000001e-01  2.6846650000000000e-01  2.4171950000000000e-01  2.2075600000000001e-01  2.0478350000000001e-01  1.9290599999999999e-01  1.8414500000000000e-01  1.7777999999999999e-01  1.7338799999999999e-01  1.7072750000000000e-01  1.6966850000000000e-01  1.7016550000000000e-01  1.7225199999999999e-01  1.7603949999999999e-01  1.8173900000000001e-01  1.8965750000000001e-01  2.0003750000000001e-01  2.1268850000000000e-01  2.2667499999999999e-01  2.3979149999999999e-01  2.4757250000000000e-01  2.4335300000000001e-01  2.2360150000000001e-01
  -3.5000000000000001e-03  2.7241599999999999e-01  3.0773499999999998e-01  3.1835449999999998e-01  3.1104250000000000e-01  2.9677550000000003e-01  2.8147749999999999e-01  2.6767600000000003e-01  2.5647999999999999e-01  2.4812149999999999e-01  2.4214250000000001e-01  2.3809100000000000e-01  2.3572950000000001e-01  2.3494399999999999e-01  2.3569750000000000e-01  2.3802150000000000e-01  2.4202000000000001e-01  2.4789749999999999e-01  2.5605800000000001e-01  2.6737650000000002e-01  2.8317199999999998e-01  3.0430849999999998e-01  3.3129399999999998e-01  3.6499100000000001e-01  4.0669200000000000e-01  4.5828900000000000e-01  5.2278400000000003e-01  6.0322249999999999e-01  7.0003249999999995e-01  8.0761249999999996e-01  9.0404099999999998e-01  9.4526750000000004e-01  9.0404099999999998e-01  8.0761249999999996e-01  7.0003249999999995e-01  6.0322200000000004e-01  5.2278400000000003e-01  4.5828900000000000e-01  4.0669200000000000e-01  3.6499100000000001e-01  3.3129399999999998e-01  3.0430849999999998e-01  2.8317199999999998e-01  2.6737650000000002e-01  2.5605800000000001e-01  2.4789749999999999e-01  2.4202000000000001e-01  2.3802150000000000e-01  2.3569750000000000e-01  2.3494399999999999e-01  2.3572950000000001e-01  2.3809100000000000e-01  2.4214250000000001e-01  2.4812149999999999e-01  2.5647999999999999e-01  2.6767600000000003e-01  2.8147749999999999e-01  2.9677550000000003e-01  3.1104250000000000e-01  3.1835449999999998e-01  3.0773499999999998e-01  2.7241599999999999e-01
  -4.0000000000000001e-03  3.3510899999999999e-01  3.9525300000000002e-01  4.1142250000000002e-01  4.0112650000000000e-01  3.8332749999999999e-01  3.6522949999999998e-01  3.4924600000000000e-01  3.3661849999999999e-01  3.2765949999999999e-01  3.2133899999999999e-01  3.1694800000000001e-01  3.1423950000000000e-01  3.1310549999999998e-01  3.1350200000000000e-01  3.1544100000000003e-01  3.1898700000000002e-01  3.2426899999999997e-01  3.3159200000000000e-01  3.4203749999999999e-01  3.5776300000000000e-01  3.7944899999999998e-01  4.0696749999999998e-01  4.4110100000000002e-01  4.8323100000000002e-01  5.3555699999999995e-01  6.0289150000000002e-01  6.9120999999999999e-01  8.0372200000000005e-01  9.3997200000000003e-01  1.0775094999999999e+00  1.1415360000000001e+00  1.0775094999999999e+00  9.3997200000000003e-01  8.0372200000000005e-01  6.9120999999999999e-01  6.0289150000000002e-01  5.3555699999999995e-01  4.8323100000000002e-01  4.4110100000000002e-01  4.0696749999999998e-01  3.7944899999999998e-01  3.5776300000000000e-01  3.4203749999999999e-01  3.3159200000000000e-01  3.2426899999999997e-01  3.1898700000000002e-01  3.1544100000000003e-01  3.1350200000000000e-01  3.1310549999999998e-01  3.1423950000000000e-01  3.1694800000000001e-01  3.2133899999999999e-01  3.2765949999999999e-01  3.3661849999999999e-01  3.4924600000000000e-01  3.6522949999999998e-01  3.8332749999999999e-01  4.0112650000000000e-01  4.1142250000000002e-01  3.9525300000000002e-01  3.3510899999999999e-01
  -4.4999999999999997e-03  4.1606700000000002e-01  5.1991600000000004e-01  5.3432650000000004e-01  5.1373100000000005e-01  4.8873499999999998e-01  4.6583900000000000e-01  4.4625799999999999e-01  4.3129899999999999e-01  4.2176399999999997e-01  4.1509000000000001e-01  4.1027150000000001e-01  4.0713149999999998e-01  4.0558300000000003e-01  4.0557399999999999e-01  4.0708850000000002e-01  4.1014050000000002e-01  4.1473800000000000e-01  4.2090250000000001e-01  4.2975600000000003e-01  4.4571949999999999e-01  4.6865699999999999e-01  4.9709900000000001e-01  5.3195850000000000e-01  5.7472849999999998e-01  6.2746199999999996e-01  6.9779700000000000e-01  7.9673300000000002e-01  9.3009100000000000e-01  1.1085815000000001e+00  1.3222594999999999e+00  1.4339470000000001e+00  1.3222594999999999e+00  1.1085815000000001e+00  9.3009100000000000e-01  7.9673300000000002e-01  6.9779700000000000e-01  6.2746199999999996e-01  5.7472849999999998e-01  5.3195850000000000e-01  4.9709900000000001e-01  4.6865699999999999e-01  4.4571949999999999e-01  4.2975600000000003e-01  4.2090250000000001e-01  4.1473800000000000e-01  4.1014050000000002e-01  4.0708850000000002e-01  4.0557399999999999e-01  4.0558300000000003e-01  4.0713149999999998e-01  4.1027150000000001e-01  4.1509000000000001e-01  4.2176399999999997e-01  4.3129899999999999e-01  4.4625799999999999e-01  4.6583900000000000e-01  4.8873499999999998e-01  5.1373100000000005e-01  5.3432650000000004e-01  5.1991600000000004e-01  4.1606700000000002e-01
  -5.0000000000000001e-03  5.2004050000000002e-01  7.1521800000000002e-01  6.9706100000000004e-01  6.5349950000000001e-01  6.1655599999999999e-01  5.8655000000000002e-01  5.6159349999999997e-01  5.4269599999999996e-01  5.3331649999999997e-01  5.2630100000000002e-01  5.2092700000000003e-01  5.1725100000000002e-01  5.1521649999999997e-01  5.1475450000000000e-01  5.1581849999999996e-01  5.1836499999999996e-01  5.2225449999999995e-01  5.2695850000000000e-01  5.3230650000000002e-01  5.4957800000000001e-01  5.7494599999999996e-01  6.0472049999999999e-01  6.4064849999999995e-01  6.8443299999999996e-01  7.3665150000000001e-01  8.0881749999999997e-01  9.2240000000000000e-01  1.0814414999999999e+00  1.3173465000000000e+00  1.6786600000000000e+00  1.8940600000000001e+00  1.6786600000000000e+00  1.3173465000000000e+00  1.0814414999999999e+00  9.2240000000000000e-01  8.0881749999999997e-01  7.3665150000000001e-01  6.8443299999999996e-01  6.4064849999999995e-01  6.0472049999999999e-01  5.7494599999999996e-01  5.4957800000000001e-01  5.3230650000000002e-01  5.2695850000000000e-01  5.2225449999999995e-01  5.1836499999999996e-01  5.1581849999999996e-01  5.1475450000000000e-01  5.1521649999999997e-01  5.1725100000000002e-01  5.2092700000000003e-01  5.2630100000000002e-01  5.3331649999999997e-01  5.4269599999999996e-01  5.6159349999999997e-01  5.8655000000000002e-01  6.1655599999999999e-01  6.5349950000000001e-01  6.9706100000000004e-01  7.1521800000000002e-01  5.2004050000000002e-01
