# Auto-generated by pyeletra.utils.kickmap.generate_Radia_kickmap_file()
# Undulator Length [m]
1.96
# Number of Horizontal Points
61
# Number of Vertical Points
21
# Horizontal Kick [micro-rad]
START
                          -2.9999999999999999e-02 -2.9000000000000001e-02 -2.8000000000000001e-02 -2.7000000000000000e-02 -2.5999999999999999e-02 -2.5000000000000001e-02 -2.4000000000000000e-02 -2.3000000000000000e-02 -2.1999999999999999e-02 -2.1000000000000001e-02 -2.0000000000000000e-02 -1.9000000000000000e-02 -1.7999999999999999e-02 -1.7000000000000001e-02 -1.6000000000000000e-02 -1.4999999999999999e-02 -1.4000000000000000e-02 -1.2999999999999999e-02 -1.2000000000000000e-02 -1.0999999999999999e-02 -1.0000000000000000e-02 -8.9999999999999993e-03 -8.0000000000000002e-03 -7.0000000000000001e-03 -6.0000000000000001e-03 -5.0000000000000001e-03 -4.0000000000000001e-03 -3.0000000000000001e-03 -2.0000000000000000e-03 -1.0000000000000000e-03  0.0000000000000000e+00  1.0000000000000000e-03  2.0000000000000000e-03  3.0000000000000001e-03  4.0000000000000001e-03  5.0000000000000001e-03  6.0000000000000001e-03  7.0000000000000001e-03  8.0000000000000002e-03  8.9999999999999993e-03  1.0000000000000000e-02  1.0999999999999999e-02  1.2000000000000000e-02  1.2999999999999999e-02  1.4000000000000000e-02  1.4999999999999999e-02  1.6000000000000000e-02  1.7000000000000001e-02  1.7999999999999999e-02  1.9000000000000000e-02  2.0000000000000000e-02  2.1000000000000001e-02  2.1999999999999999e-02  2.3000000000000000e-02  2.4000000000000000e-02  2.5000000000000001e-02  2.5999999999999999e-02  2.7000000000000000e-02  2.8000000000000001e-02  2.9000000000000001e-02  2.9999999999999999e-02
   5.0000000000000001e-03 -5.5534199000000001e+01 -4.4465833999999997e+00 -1.5555392999999999e+01 -3.4744821999999999e+01 -1.7473155000000002e+01  1.5391056799999999e+01  2.6241067999999999e+01  1.1722407199999999e+01 -2.8226155999999998e+00 -9.7992944000000008e+00 -5.5134701999999995e+00  3.8976559999999996e+00  5.7120965999999997e+00  2.4153962000000000e+00  1.5443614200000000e+00  2.8179459000000001e-01 -1.0362696400000000e+00 -2.0906731999999999e+00 -8.0177230000000002e+00 -8.9017711999999989e+00  4.9858136999999996e+00  7.5790063999999999e+00 -2.0344653000000004e+00 -1.4002406599999999e+01 -3.4270354999999995e+01 -2.5126073000000002e+01  3.1403904000000001e+01  5.7678781999999998e+01 -8.6397191999999983e+00 -1.2163515000000001e+02 -3.6075416999999999e-04  1.2163480700000000e+02  8.6396457000000009e+00 -5.7677998000000002e+01 -3.1403855000000000e+01  2.5125926000000000e+01  3.4270060999999998e+01  1.4002264499999999e+01  2.0345290000000000e+00 -7.5788986000000005e+00 -4.9857401999999995e+00  8.9017075000000006e+00  8.0174780000000005e+00  2.0907907999999997e+00  1.0363078600000000e+00 -2.8172256000000001e-01 -1.5443290800000000e+00 -2.4154255999999998e+00 -5.7121554000000003e+00 -3.8976853999999999e+00  5.5134897999999994e+00  9.7993433999999997e+00  2.8224784000000001e+00 -1.1722598300000000e+01 -2.6241264000000001e+01 -1.5391081300000000e+01  1.7473203999999999e+01  3.4744870999999996e+01  1.5555392999999999e+01  4.4465785000000002e+00  5.5534297000000002e+01
   4.4999999999999997e-03 -2.5007493000000000e+01 -1.1805785600000000e+01 -1.8387495000000001e+01 -2.7543243000000000e+01 -1.4441049700000001e+01  8.7585932000000000e+00  1.7514364000000000e+01  9.1616328999999990e+00 -1.3084690500000000e+00 -6.6328065999999994e+00 -3.9784079999999995e+00  2.2852913999999998e+00  4.0122621000000001e+00  2.1739144000000001e+00  1.2608381099999999e+00  1.5697100999999999e-01 -1.0595892300000000e+00 -2.4593198000000003e+00 -6.2243278999999996e+00 -5.3789799000000000e+00  3.1324524000000000e+00  4.8015492000000002e+00 -2.0947157000000001e+00 -1.1668203399999999e+01 -2.3790675999999998e+01 -1.3044716300000001e+01  2.5424140000000001e+01  4.2622503000000002e+01  2.5147142999999996e+00 -5.0603377999999999e+01 -2.5838190000000000e-04  5.0602839000000003e+01 -2.5146211999999997e+00 -4.2622208999999998e+01 -2.5423894999999998e+01  1.3044848600000000e+01  2.3790627000000001e+01  1.1668095599999999e+01  2.0947548999999999e+00 -4.8015589999999992e+00 -3.1323984999999999e+00  5.3789504999999993e+00  6.2241122999999998e+00  2.4591482999999998e+00  1.0594735900000001e+00 -1.5684753000000001e-01 -1.2608145899999998e+00 -2.1739340000000000e+00 -4.0123013000000007e+00 -2.2853110000000001e+00  3.9784226999999999e+00  6.6328408999999997e+00  1.3084073100000000e+00 -9.1616328999999990e+00 -1.7514216999999999e+01 -8.7586519999999997e+00  1.4441054600000001e+01  2.7543145000000003e+01  1.8387445999999997e+01  1.1805903199999999e+01  2.5007394999999999e+01
   4.0000000000000001e-03 -1.4078655500000000e+01 -1.1035466400000001e+01 -1.5334937099999999e+01 -1.9074181000000003e+01 -1.0605873599999999e+01  3.6680223999999999e+00  1.0116432199999998e+01  6.2866020000000002e+00 -1.7597762000000000e-01 -3.7674629999999998e+00 -2.4994801999999998e+00  1.0535406700000001e+00  2.4806494999999997e+00  1.7530680999999999e+00  9.7404747999999997e-01  6.2652134999999998e-02 -9.7813162999999992e-01 -2.2441215999999997e+00 -4.0253744999999999e+00 -2.9187389000000001e+00  1.5244296900000001e+00  2.3342031999999997e+00 -2.0890659999999999e+00 -8.5800225000000001e+00 -1.3664208600000000e+01 -4.5034283000000004e+00  1.7986675000000002e+01  2.6917463999999999e+01  5.1216514999999996e+00 -1.9655517000000000e+01 -1.6219636999999999e-04  1.9655369999999998e+01 -5.1213329999999999e+00 -2.6917463999999999e+01 -1.7986528000000000e+01  4.5033450000000004e+00  1.3664037100000000e+01  8.5800029000000002e+00  2.0891443999999999e+00 -2.3342031999999997e+00 -1.5245208299999999e+00  2.9185331000000003e+00  4.0253255000000001e+00  2.2442196000000001e+00  9.7821983000000001e-01 -6.2622832999999989e-02 -9.7402787999999996e-01 -1.7530827999999998e+00 -2.4806740000000000e+00 -1.0535548800000001e+00  2.4994214000000001e+00  3.7674826000000001e+00  1.7599575000000001e-01 -6.2867342999999991e+00 -1.0116422399999999e+01 -3.6680272999999999e+00  1.0606005900000000e+01  1.9074034000000001e+01  1.5334942000000000e+01  1.1035466400000001e+01  1.4078709399999999e+01
   3.5000000000000001e-03 -8.6773267000000001e+00 -8.5608830999999999e+00 -1.1506919900000000e+01 -1.3072915800000001e+01 -7.7252175000000003e+00  1.0298893500000001e+00  5.6274834000000000e+00  4.0925437000000002e+00  2.8000559999999997e-01 -2.0776881999999999e+00 -1.5539908999999998e+00  4.4428740999999999e-01  1.5117014499999999e+00  1.2980349899999999e+00  7.2886470999999997e-01  2.5007199000000001e-03 -8.3812784999999990e-01 -1.7773034999999999e+00 -2.5499649000000000e+00 -1.6164071000000000e+00  7.1509718000000000e-01  1.0069999800000000e+00 -1.8130245000000000e+00 -5.7948036999999992e+00 -7.4054875999999998e+00 -4.7519268999999997e-01  1.2602256099999998e+01  1.7184300000000000e+01  5.4568948000000006e+00 -6.9360675999999994e+00 -1.0150389199999999e-04  6.9363811999999996e+00 -5.4568751999999998e+00 -1.7183810000000001e+01 -1.2601908200000000e+01  4.7542690999999998e-01  7.4054336999999997e+00  5.7948086000000005e+00  1.8130294000000000e+00 -1.0070754399999999e+00 -7.1500408000000004e-01  1.6163973000000000e+00  2.5499404000000001e+00  1.7771760999999999e+00  8.3809060999999996e-01 -2.4806151999999999e-03 -7.2885246000000004e-01 -1.2980428300000000e+00 -1.5117166399999999e+00 -4.4429622999999996e-01  1.5539957999999998e+00  2.0777568000000000e+00 -2.7993748999999996e-01 -4.0924898000000001e+00 -5.6275471000000001e+00 -1.0298364300000000e+00  7.7250949999999996e+00  1.3072920699999999e+01  1.1506924799999998e+01  8.5607948999999994e+00  8.6773267000000001e+00
   3.0000000000000001e-03 -5.4070176999999999e+00 -6.0148038999999995e+00 -8.0429139000000003e+00 -8.8068925000000000e+00 -5.5184093999999995e+00 -1.4437546200000001e-01  3.0377647999999997e+00  2.5657821000000003e+00  3.7972549999999999e-01 -1.1400070499999999e+00 -9.7288176999999998e-01  1.5974244999999998e-01  9.1486233999999989e-01  9.1059835999999994e-01  5.2765355999999997e-01 -2.6902617000000000e-02 -6.6727807999999988e-01 -1.2965336299999999e+00 -1.5969149000000000e+00 -9.0509174000000003e-01  3.4761873999999998e-01  3.8197460000000000e-01 -1.4007732900000001e+00 -3.6741915000000001e+00 -3.8090199000000000e+00  1.0815912100000000e+00  8.7000529000000011e+00  1.1031222999999999e+01  4.6139477999999992e+00 -2.0209021000000003e+00 -6.4042999999999997e-05  2.0208236999999998e+00 -4.6139183999999993e+00 -1.1030963300000000e+01 -8.6999843000000006e+00 -1.0814755700000001e+00  3.8089415000000000e+00  3.6741180000000000e+00  1.4007727999999999e+00 -3.8200253000000001e-01 -3.4757513000000001e-01  9.0504127000000001e-01  1.5968462999999999e+00  1.2964772800000000e+00  6.6723447000000002e-01  2.6909232000000002e-02 -5.2764571999999998e-01 -9.1060277000000001e-01 -9.1487116000000002e-01 -1.5974783999999997e-01  9.7288470999999999e-01  1.1400148900000000e+00 -3.7966865999999999e-01 -2.5657282000000001e+00 -3.0377206999999999e+00  1.4442068899999999e-01  5.5183800000000005e+00  8.8069022999999991e+00  8.0428306000000003e+00  6.0148038999999995e+00  5.4069834000000006e+00
   2.5000000000000001e-03 -3.1907869000000000e+00 -3.8313785999999999e+00 -5.2265065999999996e+00 -5.7170750000000004e+00 -3.7876705999999998e+00 -5.3043430999999996e-01  1.5981889000000000e+00  1.5652952000000000e+00  3.3304810000000001e-01 -6.3415848999999991e-01 -6.2136067000000006e-01  2.6777765000000002e-02  5.4610206000000006e-01  6.1611718000000004e-01  3.7150967000000001e-01 -3.3802943999999994e-02 -4.9647926999999997e-01 -8.9131342999999996e-01 -9.7549151000000001e-01 -4.8574778000000002e-01  2.0341370000000000e-01  1.3384193200000000e-01 -9.8124117000000000e-01 -2.2179604999999998e+00 -1.8501371000000000e+00  1.4159877900000000e+00  5.8004142000000005e+00  6.9100142999999994e+00  3.2959703000000000e+00 -3.8352006000000000e-01 -4.0748547000000000e-05  3.8346910000000001e-01 -3.2959458000000001e+00 -6.9099506000000002e+00 -5.8003651999999999e+00 -1.4159784799999999e+00  1.8501174999999999e+00  2.2179262000000000e+00  9.8120196999999998e-01 -1.3379400999999999e-01 -2.0336715000000000e-01  4.8574581999999999e-01  9.7548366999999991e-01  8.9133695000000002e-01  4.9648025000000001e-01  3.3808579000000005e-02 -3.7154544000000000e-01 -6.1607895999999995e-01 -5.4610745000000005e-01 -2.6781048000000002e-02  6.2136214000000001e-01  6.3416289999999997e-01 -3.3308436000000002e-01 -1.5653344000000000e+00 -1.5982820000000000e+00  5.3043332999999993e-01  3.7876460999999999e+00  5.7170455999999996e+00  5.2264673999999998e+00  3.8313932999999998e+00  3.1907722000000001e+00
   2.0000000000000000e-03 -1.6155839000000001e+00 -2.0993559999999998e+00 -3.0662484999999999e+00 -3.4779317999999999e+00 -2.4379900999999999e+00 -5.2473806000000001e-01  8.3964097000000004e-01  9.4324509999999995e-01  2.4713640000000001e-01 -3.6822520000000003e-01 -4.1285096999999998e-01 -3.6782438000000001e-02  3.1792523000000000e-01  4.0669216000000002e-01  2.5747049999999999e-01 -2.7129192999999999e-02 -3.4635306999999999e-01 -5.7992774000000002e-01 -5.6633807999999997e-01 -2.2146677000000001e-01  1.6836742999999998e-01  7.0314461000000009e-02 -6.2781494999999998e-01 -1.2909770300000001e+00 -8.5952909000000000e-01  1.1988359599999998e+00  3.6292438000000002e+00  4.0452097000000000e+00  1.9406793000000000e+00 -6.9821275999999988e-02 -2.5917276000000001e-05  6.9790013999999997e-02 -1.9406744000000000e+00 -4.0451655999999998e+00 -3.6292144000000000e+00 -1.1988271399999999e+00  8.5956485999999999e-01  1.2910328900000001e+00  6.2781298999999990e-01 -7.0324359000000003e-02 -1.6836302000000000e-01  2.2149665999999998e-01  5.6629054999999995e-01  5.7989343999999998e-01  3.4635356000000000e-01  2.7132329000000000e-02 -2.5745530999999999e-01 -4.0669411999999999e-01 -3.1789729999999999e-01  3.6796158000000002e-02  4.1285293000000001e-01  3.6822617999999996e-01 -2.4709915999999998e-01 -9.4324461000000004e-01 -8.3965125999999990e-01  5.2473756999999999e-01  2.4379900999999999e+00  3.4779513999999998e+00  3.0662484999999999e+00  2.0993559999999998e+00  1.6155397999999999e+00
   1.5000000000000000e-03 -4.9806344000000002e-01 -8.0643856999999997e-01 -1.4921489800000001e+00 -1.8915127000000000e+00 -1.4215576200000000e+00 -3.5861287000000003e-01  4.6996536999999999e-01  5.7691619999999999e-01  1.6824884999999998e-01 -2.3210858999999998e-01 -2.9248296000000001e-01 -6.8505429999999992e-02  1.7772152999999999e-01  2.6538203999999999e-01  1.7917045999999998e-01 -1.4635457200000000e-02 -2.2712088000000000e-01 -3.5533722000000001e-01 -2.9826447000000000e-01 -4.9032094999999998e-02  1.8076492000000000e-01  8.4240995999999999e-02 -3.6581390999999996e-01 -7.4018419999999996e-01 -4.1336645000000000e-01  7.9330754999999997e-01  2.0372337999999997e+00  2.0491897999999997e+00  7.7746192999999997e-01 -2.2807932000000000e-01 -1.6157603000000001e-05  2.2805726999999998e-01 -7.7728895999999992e-01 -2.0491750999999998e+00 -2.0372240000000001e+00 -7.9323600999999999e-01  4.1335223999999998e-01  7.4021850000000000e-01  3.6581244000000002e-01 -8.4238350000000004e-02 -1.8079039999999999e-01  4.9040327000000002e-02  2.9826201999999996e-01  3.5534652999999999e-01  2.2710520000000001e-01  1.4625485700000001e-02 -1.7914497999999998e-01 -2.6538302000000003e-01 -1.7772348999999998e-01  6.8504155999999997e-02  2.9247169000000001e-01  2.3213407000000000e-01 -1.6824738000000000e-01 -5.7690394999999994e-01 -4.6996733000000002e-01  3.5861238000000001e-01  1.4215723200000001e+00  1.8915274000000000e+00  1.4921137000000000e+00  8.0643856999999997e-01  4.9806686999999994e-01
   1.0000000000000000e-03  2.5343142999999996e-01  8.2791478000000002e-02 -4.2760290999999995e-01 -8.3300538999999996e-01 -7.1157408000000000e-01 -1.6703071000000000e-01  3.0917578999999995e-01  3.7551100999999998e-01  1.1173577799999999e-01 -1.6490067999999999e-01 -2.2598162999999999e-01 -8.4898625000000005e-02  9.4572253999999994e-02  1.7627015000000001e-01  1.2946373300000000e-01 -2.0118126000000002e-03 -1.4206815000000000e-01 -2.0554520000000001e-01 -1.2947892300000000e-01  6.1159497000000000e-02  2.0678882000000001e-01  1.1919793900000000e-01 -1.9287232999999998e-01 -4.3724562000000000e-01 -2.4721774000000002e-01  3.9968711999999995e-01  9.4209114999999999e-01  7.2275000000000000e-01 -8.8526536000000003e-02 -4.8488831999999998e-01 -9.4078284999999996e-06  4.8487606999999999e-01  8.8527025999999995e-02 -7.2273725999999994e-01 -9.4193875999999999e-01 -3.9968221999999998e-01  2.4721970000000001e-01  4.3729314999999996e-01  1.9291447000000000e-01 -1.1919294100000000e-01 -2.0679078000000001e-01 -6.1159546000000002e-02  1.2950077700000001e-01  2.0554422000000000e-01  1.4206834600000001e-01  2.0010129999999998e-03 -1.2946334100000001e-01 -1.7627504999999999e-01 -9.4573723999999998e-02  8.4897939000000006e-02  2.2598162999999999e-01  1.6490166000000001e-01 -1.1173798300000000e-01 -3.7549533000000002e-01 -3.0918754999999998e-01  1.6703071000000000e-01  7.1156084999999991e-01  8.3300538999999996e-01  4.2764211000000002e-01 -8.2791379999999998e-02 -2.5339223000000000e-01
   5.0000000000000001e-04  6.8795999999999990e-01  6.0185376999999995e-01  1.8688257000000000e-01 -2.2578220000000002e-01 -2.9165094000000003e-01 -2.6364890999999998e-02  2.5021262000000000e-01  2.7786037999999996e-01  7.9282931000000001e-02 -1.3453660500000000e-01 -1.9309625999999999e-01 -9.2910027000000006e-02  5.0696820999999996e-02  1.2752862500000001e-01  1.0229058700000000e-01  6.9666779000000000e-03 -9.1443554999999996e-02 -1.2001864000000000e-01 -3.6263185000000003e-02  1.2314591799999999e-01  2.2817683000000000e-01  1.4785544200000000e-01 -9.6732320999999996e-02 -2.9124081000000002e-01 -2.0305257000000002e-01  1.2762642899999999e-01  2.9988538999999997e-01 -3.9190102000000004e-02 -6.1654249999999999e-01 -6.8184872000000007e-01 -4.3276701999999996e-06  6.8184235000000004e-01  6.1654249999999999e-01  3.9194070999999997e-02 -2.9988049000000000e-01 -1.2762486100000001e-01  2.0305060999999999e-01  2.9123884999999999e-01  9.6731831000000004e-02 -1.4785397200000000e-01 -2.2817927999999998e-01 -1.2314831900000001e-01  3.6264508000000001e-02  1.2002780300000000e-01  9.1457176999999987e-02 -6.9652029999999997e-03 -1.0228862699999999e-01 -1.2752607700000002e-01 -5.0700202000000000e-02  9.2911595000000000e-02  1.9309527999999998e-01  1.3453890800000001e-01 -7.9282440999999995e-02 -2.7786037999999996e-01 -2.5021262000000000e-01  2.6351415999999999e-02  2.9163820000000001e-01  2.2578171000000000e-01 -1.8688257000000000e-01 -6.0185376999999995e-01 -6.8788258000000002e-01
   0.0000000000000000e+00  8.3021434999999999e-01  7.7233309999999999e-01  3.8766692999999997e-01 -2.7796572999999998e-02 -1.5266640900000000e-01  2.4495344999999998e-02  2.3643480000000000e-01  2.4907483999999999e-01  6.8855975999999999e-02 -1.2588893799999998e-01 -1.8322226999999999e-01 -9.5340965999999999e-02  3.7010288000000002e-02  1.1205937399999999e-01  9.3689126999999997e-02  1.0187457699999999e-02 -7.4694080999999996e-02 -9.2271752999999998e-02 -6.4226651999999993e-03  1.4317584400000000e-01  2.3622409999999999e-01  1.5852381999999998e-01 -6.6162348000000010e-02 -2.4843196000000001e-01 -1.9696187000000001e-01  3.1527089999999994e-02  8.7754393999999999e-02 -2.8769908999999999e-01 -7.9309930000000006e-01 -7.5265371999999997e-01 -1.6591351000000000e-10  7.5265371999999997e-01  7.9309930000000006e-01  2.8769908999999999e-01 -8.7754393999999999e-02 -3.1527089999999994e-02  1.9696187000000001e-01  2.4843196000000001e-01  6.6162348000000010e-02 -1.5852381999999998e-01 -2.3620793000000001e-01 -1.4319015199999999e-01  6.4226651999999993e-03  9.2251613999999996e-02  7.4685555000000001e-02 -1.0181489500000000e-02 -9.3689372000000007e-02 -1.1205961900000000e-01 -3.7010631000000002e-02  9.5340720999999989e-02  1.8322177999999997e-01  1.2588771300000001e-01 -6.8853330000000004e-02 -2.4908317000000002e-01 -2.3643480000000000e-01 -2.4506860000000002e-02  1.5268037400000001e-01  2.7796572999999998e-02 -3.8768407999999999e-01 -7.7233309999999999e-01 -8.3017563999999999e-01
  -5.0000000000000001e-04  6.8796049000000004e-01  6.0185230000000001e-01  1.8688404000000000e-01 -2.2578318000000000e-01 -2.9165191999999995e-01 -2.6351415999999999e-02  2.5021066000000003e-01  2.7786037999999996e-01  7.9282440999999995e-02 -1.3453709500000000e-01 -1.9309625999999999e-01 -9.2911790999999994e-02  5.0700055000000001e-02  1.2752583200000001e-01  1.0228838200000000e-01  6.9662662999999993e-03 -9.1443603999999998e-02 -1.2002780300000000e-01 -3.6262597000000001e-02  1.2316027500000000e-01  2.2817829999999997e-01  1.4785490299999998e-01 -9.6731831000000004e-02 -2.9124032000000000e-01 -2.0305060999999999e-01  1.2762486100000001e-01  2.9988049000000000e-01 -3.9194707999999995e-02 -6.1654249999999999e-01 -6.8184235000000004e-01  4.3243773999999998e-06  6.8184822999999994e-01  6.1654200999999997e-01  3.9189465000000000e-02 -2.9988587999999999e-01 -1.2762721300000002e-01  2.0305060999999999e-01  2.9124081000000002e-01  9.6732271999999994e-02 -1.4785451099999999e-01 -2.2817878999999999e-01 -1.2314640800000001e-01  3.6265047000000002e-02  1.2003020400000000e-01  9.1455217000000005e-02 -6.9646541999999999e-03 -1.0228892099999999e-01 -1.2752842900000000e-01 -5.0698830000000000e-02  9.2909880000000000e-02  1.9309527999999998e-01  1.3454037799999999e-01 -7.9284890999999996e-02 -2.7786037999999996e-01 -2.5020967999999999e-01  2.6351465000000001e-02  2.9163820000000001e-01  2.2578318000000000e-01 -1.8688404000000000e-01 -6.0185376999999995e-01 -6.8788258000000002e-01
  -1.0000000000000000e-03  2.5343142999999996e-01  8.2791379999999998e-02 -4.2760339999999997e-01 -8.3300538999999996e-01 -7.1157457000000002e-01 -1.6703071000000000e-01  3.0918754999999998e-01  3.7550317000000000e-01  1.1173798300000000e-01 -1.6490362000000000e-01 -2.2598211999999998e-01 -8.4898036999999996e-02  9.4565589999999991e-02  1.7628289000000000e-01  1.2946304700000000e-01 -2.0011893999999997e-03 -1.4206055500000001e-01 -2.0554422000000000e-01 -1.2948906599999999e-01  6.1159546000000002e-02  2.0678343000000002e-01  1.1915423100000000e-01 -1.9291447000000000e-01 -4.3728971999999999e-01 -2.4721970000000001e-01  3.9968221999999998e-01  9.4193875999999999e-01  7.2273725999999994e-01 -8.8526144000000001e-02 -4.8487558000000003e-01  9.3925453999999998e-06  4.8488881000000000e-01  8.8526536000000003e-02 -7.2275000000000000e-01 -9.4208820999999998e-01 -3.9968711999999995e-01  2.4722116999999999e-01  4.3724562000000000e-01  1.9287232999999998e-01 -1.1918676700000000e-01 -2.0679224999999998e-01 -6.1163269999999999e-02  1.2949440700000001e-01  2.0554520000000001e-01  1.4206824800000001e-01  2.0077700999999999e-03 -1.2946402700000001e-01 -1.7627112999999997e-01 -9.4572694999999998e-02  8.4898477999999999e-02  2.2598162999999999e-01  1.6490067999999999e-01 -1.1173901200000000e-01 -3.7550317000000000e-01 -3.0918754999999998e-01  1.6703071000000000e-01  7.1156036000000000e-01  8.3300490000000005e-01  4.2764162000000000e-01 -8.2791478000000002e-02 -2.5339223000000000e-01
  -1.5000000000000000e-03 -4.9806686999999994e-01 -8.0643856999999997e-01 -1.4921494700000000e+00 -1.8915127000000000e+00 -1.4215576200000000e+00 -3.5861238000000001e-01  4.6996586000000001e-01  5.7691570999999997e-01  1.6824738000000000e-01 -2.3212181999999998e-01 -2.9248394000000000e-01 -6.8504450000000008e-02  1.7773475999999999e-01  2.6537175000000002e-01  1.7914547000000000e-01 -1.4628665799999999e-02 -2.2711745000000000e-01 -3.5534652999999999e-01 -2.9826201999999996e-01 -4.9069089999999996e-02  1.8077913000000001e-01  8.4238350000000004e-02 -3.6581244000000002e-01 -7.4021850000000000e-01 -4.1335223999999998e-01  7.9323600999999999e-01  2.0372240000000001e+00  2.0491750999999998e+00  7.7728895999999992e-01 -2.2805726999999998e-01  1.6138248000000002e-05  2.2807883000000001e-01 -7.7746192999999997e-01 -2.0491897999999997e+00 -2.0372337999999997e+00 -7.9330754999999997e-01  4.1335566999999995e-01  7.4018419999999996e-01  3.6580312999999998e-01 -8.4240995999999999e-02 -1.8079284999999998e-01  4.9040522999999996e-02  2.9826447000000000e-01  3.5534848999999996e-01  2.2710470999999999e-01  1.4623643299999999e-02 -1.7914595999999999e-01 -2.6537076999999998e-01 -1.7772202000000001e-01  6.8505283000000000e-02  2.9247119999999999e-01  2.3212035000000000e-01 -1.6824884999999998e-01 -5.7690444000000007e-01 -4.6997713000000002e-01  3.5861287000000003e-01  1.4215831000000001e+00  1.8915274000000000e+00  1.4921127199999999e+00  8.0643807999999995e-01  4.9806686999999994e-01
  -2.0000000000000000e-03 -1.6155937000000000e+00 -2.0993559999999998e+00 -3.0662338000000000e+00 -3.4779171000000000e+00 -2.4379607000000001e+00 -5.2473756999999999e-01  8.3965175000000003e-01  9.4324461000000004e-01  2.4713101000000001e-01 -3.6822716000000000e-01 -4.1285293000000001e-01 -3.6796304999999994e-02  3.1789729999999999e-01  4.0669411999999999e-01  2.5745286000000001e-01 -2.7101361000000001e-02 -3.4635748000000000e-01 -5.7989343999999998e-01 -5.6630280000000000e-01 -2.2149665999999998e-01  1.6836302000000000e-01  7.0324359000000003e-02 -6.2781298999999990e-01 -1.2910328900000001e+00 -8.5956485999999999e-01  1.1988271399999999e+00  3.6292144000000000e+00  4.0451655999999998e+00  1.9406744000000000e+00 -6.9787710999999988e-02  2.5877536999999999e-05  6.9821275999999988e-02 -1.9406695000000000e+00 -4.0452097000000000e+00 -3.6292438000000002e+00 -1.1988359599999998e+00  8.5951487999999998e-01  1.2909770300000001e+00  6.2781494999999998e-01 -7.0353465000000004e-02 -1.6836742999999998e-01  2.2149715000000000e-01  5.6633073000000000e-01  5.7989687000000001e-01  3.4635306999999999e-01  2.7129046000000000e-02 -2.5745629000000003e-01 -4.0669314000000001e-01 -3.1792571999999997e-01  3.6797922000000004e-02  4.1285195000000002e-01  3.6822324000000001e-01 -2.4710209999999999e-01 -9.4324509999999995e-01 -8.3964097000000004e-01  5.2473806000000001e-01  2.4379900999999999e+00  3.4779513999999998e+00  3.0662338000000000e+00  2.0993559999999998e+00  1.6155937000000000e+00
  -2.5000000000000001e-03 -3.1907722000000001e+00 -3.8313785999999999e+00 -5.2265065999999996e+00 -5.7170798999999999e+00 -3.7876166999999996e+00 -5.3043332999999993e-01  1.5982035999999999e+00  1.5652903000000000e+00  3.3304711999999997e-01 -6.3416094000000001e-01 -6.2136115999999997e-01  2.6820492999999997e-02  5.4610745000000005e-01  6.1607847000000004e-01  3.7154544000000000e-01 -3.3805540999999995e-02 -4.9648906999999992e-01 -8.9130803999999997e-01 -9.7548366999999991e-01 -4.8572180999999998e-01  2.0336715000000000e-01  1.3379400999999999e-01 -9.8120196999999998e-01 -2.2179262000000000e+00 -1.8501174999999999e+00  1.4159784799999999e+00  5.8003651999999999e+00  6.9099506000000002e+00  3.2959458000000001e+00 -3.8346910000000001e-01  2.3666215999999999e-04  3.8352006000000000e-01 -3.2959703000000000e+00 -6.9100289999999998e+00 -5.8004142000000005e+00 -1.4159877900000000e+00  1.8501371000000000e+00  2.2179408999999999e+00  9.8124117000000000e-01 -1.3380385900000000e-01 -2.0341370000000000e-01  4.8573307999999998e-01  9.7549151000000001e-01  8.9134234000000001e-01  4.9647878000000001e-01  3.3802797000000002e-02 -3.7150967000000001e-01 -6.1607797999999991e-01 -5.4610206000000006e-01 -2.6777960999999999e-02  6.2136017999999993e-01  6.3415800000000000e-01 -3.3308778999999999e-01 -1.5653344000000000e+00 -1.5982771000000000e+00  5.3043430999999996e-01  3.7876460999999999e+00  5.7170407000000001e+00  5.2264673999999998e+00  3.8313638999999999e+00  3.1907623999999997e+00
  -3.0000000000000001e-03 -5.4070274999999999e+00 -6.0147696000000002e+00 -8.0429139000000003e+00 -8.8069807000000004e+00 -5.5184093999999995e+00 -1.4437325700000000e-01  3.0377206999999999e+00  2.5657282000000001e+00  3.7966865999999999e-01 -1.1399668699999999e+00 -9.7288519999999989e-01  1.5974735000000001e-01  9.1482313999999998e-01  9.1060277000000001e-01  5.2769668000000003e-01 -2.6912662000000000e-02 -6.6723447000000002e-01 -1.2964777699999999e+00 -1.5968561000000001e+00 -9.0508831000000001e-01  3.4757513000000001e-01  3.8200253000000001e-01 -1.4007291899999998e+00 -3.6741180000000000e+00 -3.8090002999999997e+00  1.0814755700000001e+00  8.6999843000000006e+00  1.1030963300000000e+01  4.6139086000000002e+00 -2.0208236999999998e+00  6.3912855999999989e-05  2.0209021000000003e+00 -4.6139232999999997e+00 -1.1031036799999999e+01 -8.7000529000000011e+00 -1.0815235900000000e+00  3.8090199000000000e+00  3.6741424999999999e+00  1.4008188600000000e+00 -3.8202066000000001e-01 -3.4758885000000000e-01  9.0505890999999994e-01  1.5969149000000000e+00  1.2964762999999999e+00  6.6723104000000000e-01  2.6899187000000001e-02 -5.2765503000000002e-01 -9.1059933999999998e-01 -9.1486233999999989e-01 -1.5974244999999998e-01  9.7288176999999998e-01  1.1400070499999999e+00 -3.7972255999999999e-01 -2.5657282000000001e+00 -3.0377158000000000e+00  1.4442289400000000e-01  5.5183751000000001e+00  8.8069463999999993e+00  8.0428306000000003e+00  6.0148038999999995e+00  5.4069834000000006e+00
  -3.5000000000000001e-03 -8.6773561000000008e+00 -8.5608340999999992e+00 -1.1507012999999999e+01 -1.3072920699999999e+01 -7.7251097000000000e+00  1.0298364300000000e+00  5.6275471000000001e+00  4.0925437000000002e+00  2.8005362000000000e-01 -2.0777029000000002e+00 -1.5539957999999998e+00  4.4429573999999999e-01  1.5117161500000000e+00  1.2980418499999999e+00  7.2885343999999996e-01  2.4835110999999999e-03 -8.3809060999999996e-01 -1.7771663000000000e+00 -2.5498864999999999e+00 -1.6164120000000000e+00  7.1505356999999992e-01  1.0070754399999999e+00 -1.8130294000000000e+00 -5.7948086000000005e+00 -7.4054826999999994e+00 -4.7542690999999998e-01  1.2601996400000001e+01  1.7183810000000001e+01  5.4568751999999998e+00 -6.9363811999999996e+00  1.0126124399999999e-04  6.9362832000000001e+00 -5.4568948000000006e+00 -1.7184152999999998e+01 -1.2602212000000000e+01  4.7519268999999997e-01  7.4054875999999998e+00  5.7948576000000003e+00  1.8130784000000000e+00 -1.0070543700000001e+00 -7.1504230000000002e-01  1.6164071000000000e+00  2.5499649000000000e+00  1.7771908000000001e+00  8.3808423999999992e-01 -2.5010825000000001e-03 -7.2886569000000001e-01 -1.2980359699999999e+00 -1.5117019400000000e+00 -4.4428790000000001e-01  1.5539908999999998e+00  2.0777470000000000e+00 -2.7994582000000001e-01 -4.0924848999999996e+00 -5.6275422000000006e+00 -1.0298330000000000e+00  7.7250949999999996e+00  1.3072915800000001e+01  1.1506919900000000e+01  8.5607459000000006e+00  8.6773267000000001e+00
  -4.0000000000000001e-03 -1.4078611400000000e+01 -1.1035466400000001e+01 -1.5334986100000000e+01 -1.9074034000000001e+01 -1.0605878499999999e+01  3.6680028000000000e+00  1.0116442000000001e+01  6.2867342999999991e+00 -1.7599329999999999e-01 -3.7674826000000001e+00 -2.4995537000000003e+00  1.0534892199999999e+00  2.4806740000000000e+00  1.7530827999999998e+00  9.7402984000000004e-01  6.2619403000000004e-02 -9.7821150000000001e-01 -2.2442293999999996e+00 -4.0253255000000001e+00 -2.9185331000000003e+00  1.5245208299999999e+00  2.3342031999999997e+00 -2.0891443999999999e+00 -8.5800029000000002e+00 -1.3664037100000000e+01 -4.5034037999999992e+00  1.7986528000000000e+01  2.6917415000000002e+01  5.1213771000000001e+00 -1.9655369999999998e+01  1.6203516000000000e-04  1.9655517000000000e+01 -5.1216514999999996e+00 -2.6917611000000001e+01 -1.7986626000000001e+01  4.5034283000000004e+00  1.3664208600000000e+01  8.5800763999999994e+00  2.0891297000000000e+00 -2.3342619999999998e+00 -1.5245561100000000e+00  2.9186752000000000e+00  4.0253009999999998e+00  2.2442489999999999e+00  9.7820757999999997e-01 -6.2649341999999997e-02 -9.7404649999999993e-01 -1.7530730000000001e+00 -2.4806494999999997e+00 -1.0535411600000000e+00  2.4994165000000002e+00  3.7674629999999998e+00  1.7598006999999999e-01 -6.2867293999999996e+00 -1.0116422399999999e+01 -3.6680223999999999e+00  1.0606005900000000e+01  1.9074181000000003e+01  1.5334937099999999e+01  1.1035466400000001e+01  1.4078709399999999e+01
  -4.4999999999999997e-03 -2.5007444000000000e+01 -1.1805785600000000e+01 -1.8387495000000001e+01 -2.7543095999999998e+01 -1.4441054600000001e+01  8.7586030000000008e+00  1.7514364000000000e+01  9.1617063999999999e+00 -1.3084102499999999e+00 -6.6328408999999997e+00 -3.9782757000000002e+00  2.2853110000000001e+00  4.0123013000000007e+00  2.1739340000000000e+00  1.2608155700000001e+00  1.5684753000000001e-01 -1.0594701599999998e+00 -2.4591384999999999e+00 -6.2242690999999999e+00 -5.3789063999999991e+00  3.1323984999999999e+00  4.8015589999999992e+00 -2.0948970000000000e+00 -1.1668095599999999e+01 -2.3790627000000001e+01 -1.3044848600000000e+01  2.5423894999999998e+01  4.2622208999999998e+01  2.5146211999999997e+00 -5.0602839000000003e+01  2.5767287000000002e-04  5.0603377999999999e+01 -2.5147142999999996e+00 -4.2622503000000002e+01 -2.5424140000000001e+01  1.3044917200000000e+01  2.3790823000000000e+01  1.1668203399999999e+01  2.0947157000000001e+00 -4.8017647999999999e+00 -3.1324524000000000e+00  5.3789799000000000e+00  6.2243278999999996e+00  2.4591826000000001e+00  1.0594510500000001e+00 -1.5689457000000001e-01 -1.2608420300000001e+00 -2.1739144000000001e+00 -4.0122621000000001e+00 -2.2853649000000003e+00  3.9784079999999995e+00  6.6328065999999994e+00  1.3083940800000000e+00 -9.1616328999999990e+00 -1.7514168000000002e+01 -8.7586666999999991e+00  1.4441049700000001e+01  2.7543095999999998e+01  1.8387495000000001e+01  1.1805785600000000e+01  2.5007444000000000e+01
  -5.0000000000000001e-03 -5.5534101000000000e+01 -4.4465785000000002e+00 -1.5555392999999999e+01 -3.4744821999999999e+01 -1.7473203999999999e+01  1.5391081300000000e+01  2.6241116999999999e+01  1.1722431700000000e+01 -2.8224735000000001e+00 -9.7993433999999997e+00 -5.5134897999999994e+00  3.8976853999999999e+00  5.7121554000000003e+00  2.4154255999999998e+00  1.5441605199999999e+00  2.8171912999999998e-01 -1.0361393000000001e+00 -2.0908006000000001e+00 -8.0174877999999996e+00 -8.9017123999999992e+00  4.9857205999999996e+00  7.5788986000000005e+00 -2.0345290000000000e+00 -1.4002264499999999e+01 -3.4270060999999998e+01 -2.5125926000000000e+01  3.1403855000000000e+01  5.7677998000000002e+01 -8.6396457000000009e+00 -1.2163480700000000e+02  3.6075465999999999e-04  1.2163515000000001e+02  8.6397191999999983e+00 -5.7678781999999998e+01 -3.1403952999999998e+01  2.5126073000000002e+01  3.4270354999999995e+01  1.4002244899999999e+01  2.0344653000000004e+00 -7.5790455999999997e+00 -4.9858136999999996e+00  8.9017417999999999e+00  8.0175710999999996e+00  2.0908495999999999e+00  1.0362652299999999e+00 -2.8179508000000003e-01 -1.5443677900000001e+00 -2.4153962000000000e+00 -5.7120965999999997e+00 -3.8976559999999996e+00  5.5134701999999995e+00  9.7992944000000008e+00  2.8224539000000002e+00 -1.1722588499999999e+01 -2.6241264000000001e+01 -1.5391071500000001e+01  1.7473203999999999e+01  3.4744675000000001e+01  1.5555392999999999e+01  4.4465833999999997e+00  5.5534297000000002e+01
# Vertical Kick [micro-rad]
START
                          -2.9999999999999999e-02 -2.9000000000000001e-02 -2.8000000000000001e-02 -2.7000000000000000e-02 -2.5999999999999999e-02 -2.5000000000000001e-02 -2.4000000000000000e-02 -2.3000000000000000e-02 -2.1999999999999999e-02 -2.1000000000000001e-02 -2.0000000000000000e-02 -1.9000000000000000e-02 -1.7999999999999999e-02 -1.7000000000000001e-02 -1.6000000000000000e-02 -1.4999999999999999e-02 -1.4000000000000000e-02 -1.2999999999999999e-02 -1.2000000000000000e-02 -1.0999999999999999e-02 -1.0000000000000000e-02 -8.9999999999999993e-03 -8.0000000000000002e-03 -7.0000000000000001e-03 -6.0000000000000001e-03 -5.0000000000000001e-03 -4.0000000000000001e-03 -3.0000000000000001e-03 -2.0000000000000000e-03 -1.0000000000000000e-03  0.0000000000000000e+00  1.0000000000000000e-03  2.0000000000000000e-03  3.0000000000000001e-03  4.0000000000000001e-03  5.0000000000000001e-03  6.0000000000000001e-03  7.0000000000000001e-03  8.0000000000000002e-03  8.9999999999999993e-03  1.0000000000000000e-02  1.0999999999999999e-02  1.2000000000000000e-02  1.2999999999999999e-02  1.4000000000000000e-02  1.4999999999999999e-02  1.6000000000000000e-02  1.7000000000000001e-02  1.7999999999999999e-02  1.9000000000000000e-02  2.0000000000000000e-02  2.1000000000000001e-02  2.1999999999999999e-02  2.3000000000000000e-02  2.4000000000000000e-02  2.5000000000000001e-02  2.5999999999999999e-02  2.7000000000000000e-02  2.8000000000000001e-02  2.9000000000000001e-02  2.9999999999999999e-02
   5.0000000000000001e-03 -6.6625937000000008e+01 -1.0563846299999999e+02 -6.6293814999999995e+01 -9.3767380000000003e+01 -1.2392242099999999e+02 -1.1906769700000000e+02 -7.7839832000000001e+01 -6.1072424000000005e+01 -6.1427575999999995e+01 -7.3256469999999993e+01 -8.4793863000000002e+01 -8.4452725000000001e+01 -7.2682141000000001e+01 -7.2745890000000003e+01 -7.2394216999999998e+01 -7.1234974999999991e+01 -7.1815184000000002e+01 -7.1135260000000002e+01 -6.8008227000000005e+01 -8.8340924000000001e+01 -9.0461153999999993e+01 -7.2873289999999997e+01 -6.8874105999999998e+01 -7.0480178999999993e+01 -7.8032206000000002e+01 -1.5024379999999999e+02 -1.6039807000000002e+02 -1.0058818000000001e+02 -3.4194208999999994e+01 -1.5411416300000002e+02 -3.3782511000000000e+02 -1.5411494700000000e+02 -3.4194600999999999e+01 -1.0058793500000000e+02 -1.6039757999999998e+02 -1.5024335900000000e+02 -7.8032353000000001e+01 -7.0480620000000002e+01 -6.8874252999999996e+01 -7.2873339000000001e+01 -9.0461006999999995e+01 -8.8340630000000004e+01 -6.8008031000000003e+01 -7.1135358000000011e+01 -7.1815281999999996e+01 -7.1234974999999991e+01 -7.2394167999999993e+01 -7.2745938999999993e+01 -7.2682141000000001e+01 -8.4452773999999991e+01 -8.4793911999999992e+01 -7.3256469999999993e+01 -6.1427331000000002e+01 -6.1072521999999999e+01 -7.7839635999999999e+01 -1.1906774600000000e+02 -1.2392242099999999e+02 -9.3767330999999999e+01 -6.6293765999999991e+01 -1.0563841400000001e+02 -6.6625937000000008e+01
   4.4999999999999997e-03 -4.6318621999999998e+01 -6.2347991999999998e+01 -5.7318190999999999e+01 -7.3891461000000007e+01 -9.1907340000000005e+01 -8.9538679999999999e+01 -6.8696089000000001e+01 -5.6010135999999996e+01 -5.4792681999999999e+01 -6.1228586999999997e+01 -6.7807180000000002e+01 -6.7872447999999991e+01 -6.2588778000000005e+01 -6.0993190999999996e+01 -6.0395930000000000e+01 -5.9813172999999999e+01 -5.9931899999999999e+01 -5.9895296999999999e+01 -6.1208350000000003e+01 -7.0120519000000002e+01 -7.1355514999999997e+01 -6.3414721999999998e+01 -6.0151272999999996e+01 -6.2754005999999997e+01 -7.5673738000000000e+01 -1.0962647500000000e+02 -1.1329838800000000e+02 -7.8188515999999993e+01 -4.9293803999999994e+01 -1.0482236800000000e+02 -1.7566891999999999e+02 -1.0482280900000001e+02 -4.9294342999999998e+01 -7.8188564999999997e+01 -1.1329814300000000e+02 -1.0962642600000000e+02 -7.5673689000000010e+01 -6.2754299999999994e+01 -6.0151272999999996e+01 -6.3414721999999998e+01 -7.1355417000000003e+01 -7.0120666000000000e+01 -6.1208497000000001e+01 -5.9895248000000002e+01 -5.9931899999999999e+01 -5.9813172999999999e+01 -6.0396076999999998e+01 -6.0993141999999999e+01 -6.2588778000000005e+01 -6.7872447999999991e+01 -6.7807375999999991e+01 -6.1228733999999996e+01 -5.4792633000000002e+01 -5.6010135999999996e+01 -6.8695892999999998e+01 -8.9538435000000007e+01 -9.1907340000000005e+01 -7.3891461000000007e+01 -5.7318190999999999e+01 -6.2347845000000000e+01 -4.6318621999999998e+01
   4.0000000000000001e-03 -3.3161386999999998e+01 -4.2707811999999997e+01 -4.6822194999999994e+01 -5.8881290999999997e+01 -7.0576856000000006e+01 -7.0082445999999990e+01 -5.9074596000000000e+01 -5.0443148000000001e+01 -4.8799295999999998e+01 -5.2216310999999997e+01 -5.6026942999999996e+01 -5.6295659000000001e+01 -5.3707870999999997e+01 -5.2137861999999998e+01 -5.1453969000000001e+01 -5.1075591000000003e+01 -5.1146151000000003e+01 -5.1574753999999999e+01 -5.3521131999999994e+01 -5.7935836000000002e+01 -5.8620268000000003e+01 -5.4864124000000004e+01 -5.3045048000000001e+01 -5.6018025000000002e+01 -6.6743879999999990e+01 -8.3582583000000000e+01 -8.3516531000000001e+01 -6.2199276999999995e+01 -4.7084688000000000e+01 -7.0889525000000006e+01 -9.7918807000000001e+01 -7.0889769999999999e+01 -4.7084982000000004e+01 -6.2199325999999999e+01 -8.3516237000000004e+01 -8.3582436000000001e+01 -6.6743684000000002e+01 -5.6018025000000002e+01 -5.3045145999999995e+01 -5.4864075000000000e+01 -5.8620268000000003e+01 -5.7935884999999999e+01 -5.3521180999999999e+01 -5.1574656000000004e+01 -5.1146200000000000e+01 -5.1075591000000003e+01 -5.1453919999999997e+01 -5.2137861999999998e+01 -5.3707870999999997e+01 -5.6295659000000001e+01 -5.6026942999999996e+01 -5.2216310999999997e+01 -4.8799393999999999e+01 -5.0443148000000001e+01 -5.9074645000000004e+01 -7.0082593000000003e+01 -7.0576757999999998e+01 -5.8881242000000000e+01 -4.6822194999999994e+01 -4.2707811999999997e+01 -3.3161386999999998e+01
   3.5000000000000001e-03 -2.4852947000000000e+01 -3.1528119000000004e+01 -3.7347211999999999e+01 -4.6576557999999999e+01 -5.4707667000000001e+01 -5.5350007999999995e+01 -4.9500143000000001e+01 -4.3984604999999995e+01 -4.2451836000000000e+01 -4.4190551999999997e+01 -4.6396433999999999e+01 -4.6699498999999996e+01 -4.5336809000000002e+01 -4.4146059999999999e+01 -4.3513714999999998e+01 -4.3238236999999998e+01 -4.3354808000000006e+01 -4.3962947000000000e+01 -4.5612189000000001e+01 -4.8041118999999995e+01 -4.8463744000000005e+01 -4.6672941000000002e+01 -4.5956315999999994e+01 -4.8679441999999995e+01 -5.6057322999999997e+01 -6.4519035000000002e+01 -6.2663306999999996e+01 -4.9065758000000002e+01 -3.9464109999999998e+01 -4.8490645000000001e+01 -5.8961112000000000e+01 -4.8490840999999996e+01 -3.9464306000000001e+01 -4.9065610999999997e+01 -6.2663257999999999e+01 -6.4518985999999998e+01 -5.6057225000000003e+01 -4.8679490999999999e+01 -4.5956267000000004e+01 -4.6672989999999999e+01 -4.8463744000000005e+01 -4.8041070000000005e+01 -4.5612189000000001e+01 -4.3962995999999997e+01 -4.3354856999999996e+01 -4.3238236999999998e+01 -4.3513714999999998e+01 -4.4146011000000001e+01 -4.5336759999999998e+01 -4.6699498999999996e+01 -4.6396433999999999e+01 -4.4190551999999997e+01 -4.2451787000000003e+01 -4.3984653999999999e+01 -4.9500191999999998e+01 -5.5350007999999995e+01 -5.4707618000000004e+01 -4.6576606999999996e+01 -3.7347211999999999e+01 -3.1528119000000004e+01 -2.4852995999999997e+01
   3.0000000000000001e-03 -1.9059285000000003e+01 -2.4040477999999997e+01 -2.9419110000000000e+01 -3.6452128999999999e+01 -4.2348641999999998e+01 -4.3546937000000000e+01 -4.0563179999999996e+01 -3.7189677000000003e+01 -3.5973497000000002e+01 -3.6806398999999999e+01 -3.8068443000000002e+01 -3.8322311999999997e+01 -3.7573738999999996e+01 -3.6740102000000000e+01 -3.6224426000000001e+01 -3.6025436999999997e+01 -3.6177337000000001e+01 -3.6781115000000000e+01 -3.8018315999999999e+01 -3.9454456999999998e+01 -3.9760314999999999e+01 -3.8956960000000002e+01 -3.8863076000000000e+01 -4.1032060999999999e+01 -4.5681278999999996e+01 -4.9719172999999998e+01 -4.7215125999999998e+01 -3.8079125000000005e+01 -3.1203885999999997e+01 -3.3654719000000000e+01 -3.7536106999999994e+01 -3.3654817000000001e+01 -3.1203984000000002e+01 -3.8079173999999995e+01 -4.7215125999999998e+01 -4.9719221999999995e+01 -4.5681278999999996e+01 -4.1032060999999999e+01 -3.8863124999999997e+01 -3.8957008999999999e+01 -3.9760364000000003e+01 -3.9454506000000002e+01 -3.8018267000000002e+01 -3.6781066000000003e+01 -3.6177337000000001e+01 -3.6025388000000000e+01 -3.6224377000000004e+01 -3.6740052999999996e+01 -3.7573738999999996e+01 -3.8322311999999997e+01 -3.8068443000000002e+01 -3.6806398999999999e+01 -3.5973497000000002e+01 -3.7189677000000003e+01 -4.0563229000000000e+01 -4.3546985999999997e+01 -4.2348690999999995e+01 -3.6452128999999999e+01 -2.9419060999999999e+01 -2.4040477999999997e+01 -1.9059334000000000e+01
   2.5000000000000001e-03 -1.4647795400000000e+01 -1.8416993000000002e+01 -2.2811312999999998e+01 -2.8081311999999997e+01 -3.2429718999999999e+01 -3.3792555999999998e+01 -3.2406051999999995e+01 -3.0429539000000002e+01 -2.9557583999999999e+01 -2.9926504999999999e+01 -3.0637103000000000e+01 -3.0820412000000001e+01 -3.0396267999999999e+01 -2.9834188999999999e+01 -2.9446304999999999e+01 -2.9309791000000001e+01 -2.9468698000000000e+01 -2.9985108999999998e+01 -3.0872107000000000e+01 -3.1766846999999995e+01 -3.2012091999999996e+01 -3.1705156000000002e+01 -3.1885622999999999e+01 -3.3452643000000002e+01 -3.6194144000000001e+01 -3.7872785999999998e+01 -3.5333508000000002e+01 -2.8947925999999999e+01 -2.3782198999999999e+01 -2.3540040999999999e+01 -2.4756416999999999e+01 -2.3540139000000000e+01 -2.3782297000000000e+01 -2.8947975000000000e+01 -3.5333605999999996e+01 -3.7872638999999999e+01 -3.6194144000000001e+01 -3.3452643000000002e+01 -3.1885573999999998e+01 -3.1705156000000002e+01 -3.2012091999999996e+01 -3.1766846999999995e+01 -3.0872057999999999e+01 -2.9985158000000002e+01 -2.9468698000000000e+01 -2.9309791000000001e+01 -2.9446304999999999e+01 -2.9834188999999999e+01 -3.0396267999999999e+01 -3.0820412000000001e+01 -3.0637103000000000e+01 -2.9926455999999998e+01 -2.9557534999999998e+01 -3.0429539000000002e+01 -3.2406051999999995e+01 -3.3792555999999998e+01 -3.2429718999999999e+01 -2.8081311999999997e+01 -2.2811312999999998e+01 -1.8416993000000002e+01 -1.4647795400000000e+01
   2.0000000000000000e-03 -1.1045878900000000e+01 -1.3851447400000000e+01 -1.7207917999999999e+01 -2.1054712000000002e+01 -2.4234370999999999e+01 -2.5515720999999999e+01 -2.4986177999999999e+01 -2.3885147999999997e+01 -2.3307585000000000e+01 -2.3454242000000001e+01 -2.3846731999999999e+01 -2.3966880000000000e+01 -2.3721390000000000e+01 -2.3352616000000001e+01 -2.3078558999999998e+01 -2.2990652999999998e+01 -2.3134124999999997e+01 -2.3537983000000001e+01 -2.4155578999999999e+01 -2.4730349000000000e+01 -2.4930367000000000e+01 -2.4858581999999998e+01 -2.5110785000000000e+01 -2.6157473999999997e+01 -2.7666918999999996e+01 -2.8140945000000002e+01 -2.5891061000000001e+01 -2.1366695000000000e+01 -1.7495792999999999e+01 -1.6363795000000000e+01 -1.6542057000000000e+01 -1.6363844000000000e+01 -1.7495842000000000e+01 -2.1366695000000000e+01 -2.5891061000000001e+01 -2.8140895999999998e+01 -2.7666918999999996e+01 -2.6157473999999997e+01 -2.5110785000000000e+01 -2.4858484000000001e+01 -2.4930318000000000e+01 -2.4730397999999997e+01 -2.4155578999999999e+01 -2.3537983000000001e+01 -2.3134124999999997e+01 -2.2990652999999998e+01 -2.3078558999999998e+01 -2.3352616000000001e+01 -2.3721390000000000e+01 -2.3966929000000000e+01 -2.3846731999999999e+01 -2.3454242000000001e+01 -2.3307634000000000e+01 -2.3885099000000000e+01 -2.4986177999999999e+01 -2.5515671999999999e+01 -2.4234370999999999e+01 -2.1054712000000002e+01 -1.7207967000000000e+01 -1.3851442499999999e+01 -1.1045918100000000e+01
   1.5000000000000000e-03 -7.9408322000000000e+00 -9.9339267999999983e+00 -1.2333084400000001e+01 -1.5012899300000001e+01 -1.7247215999999998e+01 -1.8299343999999998e+01 -1.8186056000000001e+01 -1.7610894000000002e+01 -1.7256477000000000e+01 -1.7305819999999997e+01 -1.7516960999999998e+01 -1.7589677000000002e+01 -1.7447087000000000e+01 -1.7214042999999997e+01 -1.7032204000000000e+01 -1.6979676000000001e+01 -1.7094189000000000e+01 -1.7385591999999999e+01 -1.7798662000000000e+01 -1.8166896999999999e+01 -1.8321736999999999e+01 -1.8344669000000000e+01 -1.8569088999999998e+01 -1.9217212000000000e+01 -1.9982592000000000e+01 -1.9918647000000000e+01 -1.8131861999999998e+01 -1.5002501499999999e+01 -1.2226837699999999e+01 -1.1022104100000000e+01 -1.0857532700000000e+01 -1.1022128600000000e+01 -1.2226872000000000e+01 -1.5002530900000000e+01 -1.8131861999999998e+01 -1.9918647000000000e+01 -1.9982641000000001e+01 -1.9217212000000000e+01 -1.8569186999999999e+01 -1.8344669000000000e+01 -1.8321785999999999e+01 -1.8166896999999999e+01 -1.7798662000000000e+01 -1.7385641000000000e+01 -1.7094189000000000e+01 -1.6979676000000001e+01 -1.7032204000000000e+01 -1.7214042999999997e+01 -1.7447087000000000e+01 -1.7589677000000002e+01 -1.7516960999999998e+01 -1.7305819999999997e+01 -1.7256477000000000e+01 -1.7610894000000002e+01 -1.8186056000000001e+01 -1.8299343999999998e+01 -1.7247215999999998e+01 -1.5012923799999999e+01 -1.2333084400000001e+01 -9.9339267999999983e+00 -7.9408322000000000e+00
   1.0000000000000000e-03 -5.1443973000000005e+00 -6.4230081999999999e+00 -7.9611525000000007e+00 -9.6540829000000006e+00 -1.1078704000000000e+01 -1.1816727300000000e+01 -1.1859509200000000e+01 -1.1585403200000000e+01 -1.1388771100000000e+01 -1.1400986800000000e+01 -1.1508370299999999e+01 -1.1548295500000000e+01 -1.1469297700000000e+01 -1.1333141399999999e+01 -1.1223812600000000e+01 -1.1195377899999999e+01 -1.1274101300000000e+01 -1.1461345000000000e+01 -1.1714474100000000e+01 -1.1935459200000000e+01 -1.2041402100000001e+01 -1.2085609900000000e+01 -1.2242841100000000e+01 -1.2605504800000000e+01 -1.2953135300000000e+01 -1.2737559800000000e+01 -1.1506964000000000e+01 -9.5248355999999994e+00 -7.7303330999999993e+00 -6.8115781999999996e+00 -6.6026961000000002e+00 -6.8114312000000004e+00 -7.7303624999999991e+00 -9.5248502999999989e+00 -1.1506968899999999e+01 -1.2737486299999999e+01 -1.2953130399999999e+01 -1.2605553799999999e+01 -1.2242899900000001e+01 -1.2085609900000000e+01 -1.2041441299999999e+01 -1.1935444499999999e+01 -1.1714478999999999e+01 -1.1461369500000000e+01 -1.1274096399999999e+01 -1.1195377899999999e+01 -1.1223822400000000e+01 -1.1333141399999999e+01 -1.1469297700000000e+01 -1.1548300399999999e+01 -1.1508375200000000e+01 -1.1400986800000000e+01 -1.1388776000000000e+01 -1.1585403200000000e+01 -1.1859509200000000e+01 -1.1816742000000000e+01 -1.1078699100000000e+01 -9.6540976000000001e+00 -7.9611525000000007e+00 -6.4230081999999999e+00 -5.1443924000000001e+00
   5.0000000000000001e-04 -2.5298062999999997e+00 -3.1545318000000000e+00 -3.9045747999999998e+00 -4.7238694999999993e+00 -5.4178417999999997e+00 -5.7965235999999996e+00 -5.8503500999999991e+00 -5.7441867000000002e+00 -5.6580789999999999e+00 -5.6594705999999997e+00 -5.7043251999999995e+00 -5.7217250999999996e+00 -5.6863960999999996e+00 -5.6237741000000003e+00 -5.5727602000000003e+00 -5.5605444999999998e+00 -5.6004304999999999e+00 -5.6917223999999997e+00 -5.8119439000000002e+00 -5.9160247999999998e+00 -5.9698316999999994e+00 -5.9991876000000000e+00 -6.0783813999999996e+00 -6.2382438999999996e+00 -6.3656781999999996e+00 -6.2105098999999999e+00 -5.5849709999999995e+00 -4.6215918000000000e+00 -3.7405718000000001e+00 -3.2552856000000001e+00 -3.1283315000000003e+00 -3.2553003000000000e+00 -3.7405963000000000e+00 -4.6216113999999999e+00 -5.5849758999999999e+00 -6.2105098999999999e+00 -6.3656733000000001e+00 -6.2382390000000001e+00 -6.0783863000000000e+00 -5.9991532999999997e+00 -5.9698365999999998e+00 -5.9160247999999998e+00 -5.8119586000000005e+00 -5.6917272999999993e+00 -5.6004304999999999e+00 -5.5605494000000002e+00 -5.5727650999999998e+00 -5.6237741000000003e+00 -5.6863960999999996e+00 -5.7217250999999996e+00 -5.7043251999999995e+00 -5.6594705999999997e+00 -5.6580789999999999e+00 -5.7441867000000002e+00 -5.8503451999999996e+00 -5.7965187000000000e+00 -5.4178417999999997e+00 -4.7238989000000000e+00 -3.9045747999999998e+00 -3.1545073000000001e+00 -2.5298062999999997e+00
   0.0000000000000000e+00 -1.3786081399999999e-06 -1.4307578599999999e-06 -1.3317205300000000e-06 -1.1450079900000000e-06 -1.0902612699999999e-06 -9.5947978000000001e-07 -1.0042035500000000e-06 -8.1328974999999999e-07 -4.6602822000000000e-07  1.7249568000000002e-07  6.1246178000000002e-07  6.2537964999999995e-07  3.9199559000000001e-07  1.2477281600000000e-07  3.6606723999999999e-07  7.4591082999999993e-07  1.0880837100000000e-06  9.6078367000000003e-07  4.1662984999999998e-07  1.0708670699999999e-07  4.6244925999999998e-07  1.0173747499999999e-06  9.2709567999999998e-07 -2.6927215000000003e-08 -1.1399879400000000e-06 -3.9200833000000000e-07  3.2635372000000000e-06  8.1530560999999995e-06  1.0529850100000000e-05  7.5167224999999994e-06  1.1413031000000000e-10 -7.5111217999999994e-06 -1.0511480000000000e-05 -8.1077850000000012e-06 -3.1007640999999998e-06  4.7227719000000002e-07  1.3111542499999999e-06  2.9424549000000003e-07 -6.0705071000000001e-07 -6.4550640000000003e-07  5.4169744999999996e-08  2.7120519999999996e-07 -3.6329090000000003e-08 -5.3068470000000004e-07  7.2512748000000004e-06 -4.5704700999999999e-07 -7.6174860999999991e-08  2.0635467999999999e-08 -1.9763218999999998e-07 -4.7930378999999999e-07 -5.1487435999999999e-07 -2.2131487000000000e-07  3.1967942999999996e-07  7.1604532999999990e-07  7.6349202999999997e-07  7.2322627999999995e-07  7.2518481000000002e-07  8.0091528999999991e-07  9.7897786000000001e-07  1.1215943199999999e-06  1.1030228300000001e-06
  -5.0000000000000001e-04  2.5298062999999997e+00  3.1545269000000000e+00  3.9045698999999998e+00  4.7238645999999997e+00  5.4178417999999997e+00  5.7965235999999996e+00  5.8503451999999996e+00  5.7441867000000002e+00  5.6580789999999999e+00  5.6594755000000001e+00  5.7043251999999995e+00  5.7217250999999996e+00  5.6863912000000001e+00  5.6237741000000003e+00  5.5727602000000003e+00  5.5605444999999998e+00  5.6004304999999999e+00  5.6917272999999993e+00  5.8119439000000002e+00  5.9160247999999998e+00  5.9698365999999998e+00  5.9991483999999993e+00  6.0783863000000000e+00  6.2382390000000001e+00  6.3656733000000001e+00  6.2105098999999999e+00  5.5849758999999999e+00  4.6216113999999999e+00  3.7405963000000000e+00  3.2553003000000000e+00  3.1283315000000003e+00  3.2552856000000001e+00  3.7405718000000001e+00  4.6215918000000000e+00  5.5849709999999995e+00  6.2105098999999999e+00  6.3656781999999996e+00  6.2382438999999996e+00  6.0783813999999996e+00  5.9991483999999993e+00  5.9698365999999998e+00  5.9160247999999998e+00  5.8119586000000005e+00  5.6917272999999993e+00  5.6004304999999999e+00  5.5605494000000002e+00  5.5727650999999998e+00  5.6237741000000003e+00  5.6863912000000001e+00  5.7217250999999996e+00  5.7043251999999995e+00  5.6594705999999997e+00  5.6580839000000003e+00  5.7441867000000002e+00  5.8503500999999991e+00  5.7965235999999996e+00  5.4178417999999997e+00  4.7238694999999993e+00  3.9045747999999998e+00  3.1545122000000001e+00  2.5298062999999997e+00
  -1.0000000000000000e-03  5.1443924000000001e+00  6.4230081999999999e+00  7.9611476000000003e+00  9.6540829000000006e+00  1.1078699100000000e+01  1.1816732200000001e+01  1.1859509200000000e+01  1.1585403200000000e+01  1.1388776000000000e+01  1.1400986800000000e+01  1.1508384999999999e+01  1.1548295500000000e+01  1.1469297700000000e+01  1.1333141399999999e+01  1.1223817500000001e+01  1.1195373000000000e+01  1.1274086600000000e+01  1.1461369500000000e+01  1.1714478999999999e+01  1.1935459200000000e+01  1.2041441299999999e+01  1.2085609900000000e+01  1.2242855800000001e+01  1.2605504800000000e+01  1.2953130399999999e+01  1.2737486299999999e+01  1.1506968899999999e+01  9.5248502999999989e+00  7.7303624999999991e+00  6.8114312000000004e+00  6.6026961000000002e+00  6.8115781999999996e+00  7.7303330999999993e+00  9.5248355999999994e+00  1.1506964000000000e+01  1.2737554899999999e+01  1.2953135300000000e+01  1.2605504800000000e+01  1.2242855800000001e+01  1.2085609900000000e+01  1.2041441299999999e+01  1.1935459200000000e+01  1.1714483899999999e+01  1.1461369500000000e+01  1.1274096399999999e+01  1.1195377899999999e+01  1.1223822400000000e+01  1.1333141399999999e+01  1.1469297700000000e+01  1.1548300399999999e+01  1.1508375200000000e+01  1.1400986800000000e+01  1.1388776000000000e+01  1.1585408099999999e+01  1.1859509200000000e+01  1.1816737099999999e+01  1.1078704000000000e+01  9.6541024999999987e+00  7.9611476000000003e+00  6.4230081999999999e+00  5.1443973000000005e+00
  -1.5000000000000000e-03  7.9408322000000000e+00  9.9339267999999983e+00  1.2333055000000000e+01  1.5012923799999999e+01  1.7247215999999998e+01  1.8299343999999998e+01  1.8186056000000001e+01  1.7610894000000002e+01  1.7256477000000000e+01  1.7305819999999997e+01  1.7516960999999998e+01  1.7589677000000002e+01  1.7447087000000000e+01  1.7214042999999997e+01  1.7032204000000000e+01  1.6979676000000001e+01  1.7094189000000000e+01  1.7385641000000000e+01  1.7798662000000000e+01  1.8166896999999999e+01  1.8321736999999999e+01  1.8344669000000000e+01  1.8569137999999999e+01  1.9217212000000000e+01  1.9982592000000000e+01  1.9918647000000000e+01  1.8131861999999998e+01  1.5002530900000000e+01  1.2226872000000000e+01  1.1022128600000000e+01  1.0857532700000000e+01  1.1022104100000000e+01  1.2226837699999999e+01  1.5002511300000000e+01  1.8131861999999998e+01  1.9918647000000000e+01  1.9982641000000001e+01  1.9217212000000000e+01  1.8569088999999998e+01  1.8344669000000000e+01  1.8321785999999999e+01  1.8166896999999999e+01  1.7798662000000000e+01  1.7385641000000000e+01  1.7094189000000000e+01  1.6979676000000001e+01  1.7032204000000000e+01  1.7214042999999997e+01  1.7447087000000000e+01  1.7589677000000002e+01  1.7516960999999998e+01  1.7305819999999997e+01  1.7256477000000000e+01  1.7610942999999999e+01  1.8186056000000001e+01  1.8299343999999998e+01  1.7247215999999998e+01  1.5012923799999999e+01  1.2333084400000001e+01  9.9339366000000009e+00  7.9408371000000004e+00
  -2.0000000000000000e-03  1.1045878900000000e+01  1.3851442499999999e+01  1.7207917999999999e+01  2.1054712000000002e+01  2.4234321999999999e+01  2.5515671999999999e+01  2.4986177999999999e+01  2.3885147999999997e+01  2.3307585000000000e+01  2.3454192999999997e+01  2.3846731999999999e+01  2.3966929000000000e+01  2.3721390000000000e+01  2.3352616000000001e+01  2.3078558999999998e+01  2.2990652999999998e+01  2.3134124999999997e+01  2.3537983000000001e+01  2.4155578999999999e+01  2.4730397999999997e+01  2.4930318000000000e+01  2.4858484000000001e+01  2.5110785000000000e+01  2.6157473999999997e+01  2.7666918999999996e+01  2.8140895999999998e+01  2.5891061000000001e+01  2.1366695000000000e+01  1.7495842000000000e+01  1.6363844000000000e+01  1.6542057000000000e+01  1.6363795000000000e+01  1.7495792999999999e+01  2.1366695000000000e+01  2.5891061000000001e+01  2.8140945000000002e+01  2.7666918999999996e+01  2.6157473999999997e+01  2.5110735999999999e+01  2.4858532999999998e+01  2.4930367000000000e+01  2.4730349000000000e+01  2.4155578999999999e+01  2.3538031999999998e+01  2.3134124999999997e+01  2.2990652999999998e+01  2.3078558999999998e+01  2.3352616000000001e+01  2.3721390000000000e+01  2.3966929000000000e+01  2.3846731999999999e+01  2.3454192999999997e+01  2.3307634000000000e+01  2.3885099000000000e+01  2.4986177999999999e+01  2.5515671999999999e+01  2.4234370999999999e+01  2.1054712000000002e+01  1.7207967000000000e+01  1.3851447400000000e+01  1.1045918100000000e+01
  -2.5000000000000001e-03  1.4647795400000000e+01  1.8416993000000002e+01  2.2811264000000001e+01  2.8081311999999997e+01  3.2429718999999999e+01  3.3792555999999998e+01  3.2406101000000000e+01  3.0429539000000002e+01  2.9557583999999999e+01  2.9926553999999999e+01  3.0637053999999999e+01  3.0820412000000001e+01  3.0396267999999999e+01  2.9834188999999999e+01  2.9446304999999999e+01  2.9309791000000001e+01  2.9468698000000000e+01  2.9985158000000002e+01  3.0872057999999999e+01  3.1766846999999995e+01  3.2012091999999996e+01  3.1705156000000002e+01  3.1885672000000000e+01  3.3452643000000002e+01  3.6194144000000001e+01  3.7872638999999999e+01  3.5333605999999996e+01  2.8947975000000000e+01  2.3782297000000000e+01  2.3540139000000000e+01  2.4756416999999999e+01  2.3540040999999999e+01  2.3782198999999999e+01  2.8947925999999999e+01  3.5333508000000002e+01  3.7872785999999998e+01  3.6194192999999999e+01  3.3452643000000002e+01  3.1885622999999999e+01  3.1705204999999996e+01  3.2012091999999996e+01  3.1766846999999995e+01  3.0872107000000000e+01  2.9985158000000002e+01  2.9468698000000000e+01  2.9309791000000001e+01  2.9446304999999999e+01  2.9834188999999999e+01  3.0396267999999999e+01  3.0820412000000001e+01  3.0637103000000000e+01  2.9926455999999998e+01  2.9557534999999998e+01  3.0429587999999999e+01  3.2406051999999995e+01  3.3792555999999998e+01  3.2429718999999999e+01  2.8081311999999997e+01  2.2811264000000001e+01  1.8416993000000002e+01  1.4647795400000000e+01
  -3.0000000000000001e-03  1.9059334000000000e+01  2.4040477999999997e+01  2.9419110000000000e+01  3.6452128999999999e+01  4.2348641999999998e+01  4.3546985999999997e+01  4.0563229000000000e+01  3.7189677000000003e+01  3.5973447999999998e+01  3.6806448000000003e+01  3.8068443000000002e+01  3.8322311999999997e+01  3.7573738999999996e+01  3.6740052999999996e+01  3.6224377000000004e+01  3.6025388000000000e+01  3.6177337000000001e+01  3.6781066000000003e+01  3.8018267000000002e+01  3.9454456999999998e+01  3.9760364000000003e+01  3.8957008999999999e+01  3.8863124999999997e+01  4.1032060999999999e+01  4.5681376999999998e+01  4.9719221999999995e+01  4.7215125999999998e+01  3.8079173999999995e+01  3.1203984000000002e+01  3.3654817000000001e+01  3.7536106999999994e+01  3.3654719000000000e+01  3.1203885999999997e+01  3.8079125000000005e+01  4.7215125999999998e+01  4.9719172999999998e+01  4.5681278999999996e+01  4.1032060999999999e+01  3.8863124999999997e+01  3.8956960000000002e+01  3.9760364000000003e+01  3.9454456999999998e+01  3.8018267000000002e+01  3.6781066000000003e+01  3.6177385999999998e+01  3.6025388000000000e+01  3.6224377000000004e+01  3.6740102000000000e+01  3.7573738999999996e+01  3.8322311999999997e+01  3.8068443000000002e+01  3.6806398999999999e+01  3.5973497000000002e+01  3.7189677000000003e+01  4.0563179999999996e+01  4.3546985999999997e+01  4.2348690999999995e+01  3.6452128999999999e+01  2.9419060999999999e+01  2.4040477999999997e+01  1.9059334000000000e+01
  -3.5000000000000001e-03  2.4852995999999997e+01  3.1528119000000004e+01  3.7347261000000003e+01  4.6576557999999999e+01  5.4707667000000001e+01  5.5350007999999995e+01  4.9500143000000001e+01  4.3984555999999998e+01  4.2451836000000000e+01  4.4190551999999997e+01  4.6396433999999999e+01  4.6699498999999996e+01  4.5336711000000001e+01  4.4145961999999997e+01  4.3513714999999998e+01  4.3238236999999998e+01  4.3354856999999996e+01  4.3962947000000000e+01  4.5612139999999997e+01  4.8041070000000005e+01  4.8463744000000005e+01  4.6672989999999999e+01  4.5956267000000004e+01  4.8679540000000003e+01  5.6057274000000000e+01  6.4518985999999998e+01  6.2663257999999999e+01  4.9065610999999997e+01  3.9464306000000001e+01  4.8490840999999996e+01  5.8961112000000000e+01  4.8490645000000001e+01  3.9464109999999998e+01  4.9065807000000000e+01  6.2663356000000000e+01  6.4519035000000002e+01  5.6057322999999997e+01  4.8679441999999995e+01  4.5956315999999994e+01  4.6672941000000002e+01  4.8463695000000001e+01  4.8041118999999995e+01  4.5612139999999997e+01  4.3962995999999997e+01  4.3354808000000006e+01  4.3238236999999998e+01  4.3513666000000001e+01  4.4146011000000001e+01  4.5336759999999998e+01  4.6699498999999996e+01  4.6396433999999999e+01  4.4190551999999997e+01  4.2451836000000000e+01  4.3984653999999999e+01  4.9500191999999998e+01  5.5350007999999995e+01  5.4707618000000004e+01  4.6576606999999996e+01  3.7347261000000003e+01  3.1528119000000004e+01  2.4852947000000000e+01
  -4.0000000000000001e-03  3.3161386999999998e+01  4.2707811999999997e+01  4.6822194999999994e+01  5.8881290999999997e+01  7.0576856000000006e+01  7.0082250000000002e+01  5.9074792000000002e+01  5.0443148000000001e+01  4.8799393999999999e+01  5.2216310999999997e+01  5.6026942999999996e+01  5.6295659000000001e+01  5.3707822000000000e+01  5.2137861999999998e+01  5.1453919999999997e+01  5.1075591000000003e+01  5.1146200000000000e+01  5.1574656000000004e+01  5.3521131999999994e+01  5.7935884999999999e+01  5.8620268000000003e+01  5.4864075000000000e+01  5.3045145999999995e+01  5.6018025000000002e+01  6.6743684000000002e+01  8.3582386999999997e+01  8.3516237000000004e+01  6.2199325999999999e+01  4.7085030999999994e+01  7.0889769999999999e+01  9.7918807000000001e+01  7.0889525000000006e+01  4.7084688000000000e+01  6.2199227999999998e+01  8.3516384000000002e+01  8.3582583000000000e+01  6.6743733000000006e+01  5.6018025000000002e+01  5.3045048000000001e+01  5.4864025999999996e+01  5.8620268000000003e+01  5.7935933999999996e+01  5.3521131999999994e+01  5.1574607000000000e+01  5.1146151000000003e+01  5.1075591000000003e+01  5.1453969000000001e+01  5.2137861999999998e+01  5.3707772999999996e+01  5.6295659000000001e+01  5.6026942999999996e+01  5.2216310999999997e+01  4.8799393999999999e+01  5.0443148000000001e+01  5.9074596000000000e+01  7.0082445999999990e+01  7.0576757999999998e+01  5.8881242000000000e+01  4.6822194999999994e+01  4.2707811999999997e+01  3.3161386999999998e+01
  -4.4999999999999997e-03  4.6318621999999998e+01  6.2347893999999997e+01  5.7318338000000004e+01  7.3891461000000007e+01  9.1907388999999995e+01  8.9538679999999999e+01  6.8696089000000001e+01  5.6010135999999996e+01  5.4792633000000002e+01  6.1228733999999996e+01  6.7807229000000007e+01  6.7872447999999991e+01  6.2588679999999997e+01  6.0993141999999999e+01  6.0396076999999998e+01  5.9813319999999997e+01  5.9931801999999998e+01  5.9895198999999998e+01  6.1208350000000003e+01  7.0120567999999992e+01  7.1355367999999999e+01  6.3414721999999998e+01  6.0151322000000000e+01  6.2754153000000002e+01  7.5673541999999998e+01  1.0962642600000000e+02  1.1329814300000000e+02  7.8188564999999997e+01  4.9294342999999998e+01  1.0482280900000001e+02  1.7566891999999999e+02  1.0482236800000000e+02  4.9293803999999994e+01  7.8188515999999993e+01  1.1329838800000000e+02  1.0962662200000000e+02  7.5673640000000006e+01  6.2754005999999997e+01  6.0151272999999996e+01  6.3414673000000001e+01  7.1355514999999997e+01  7.0120616999999996e+01  6.1208350000000003e+01  5.9895198999999998e+01  5.9931753000000000e+01  5.9813123999999995e+01  6.0396076999999998e+01  6.0993190999999996e+01  6.2588778000000005e+01  6.7872447999999991e+01  6.7807326999999987e+01  6.1228733999999996e+01  5.4792681999999999e+01  5.6010185000000000e+01  6.8695892999999998e+01  8.9538435000000007e+01  9.1907291000000001e+01  7.3891461000000007e+01  5.7318190999999999e+01  6.2347795999999995e+01  4.6318621999999998e+01
  -5.0000000000000001e-03  6.6625985999999997e+01  1.0563841400000001e+02  6.6293814999999995e+01  9.3767184000000000e+01  1.2392242099999999e+02  1.1906774600000000e+02  7.7839832000000001e+01  6.1072375000000001e+01  6.1427331000000002e+01  7.3256469999999993e+01  8.4794108000000008e+01  8.4452773999999991e+01  7.2682141000000001e+01  7.2745938999999993e+01  7.2394119000000003e+01  7.1234974999999991e+01  7.1815281999999996e+01  7.1135358000000011e+01  6.8008079999999993e+01  8.8340630000000004e+01  9.0461006999999995e+01  7.2873339000000001e+01  6.8874399999999994e+01  7.0480620000000002e+01  7.8032353000000001e+01  1.5024335900000000e+02  1.6039757999999998e+02  1.0058798399999999e+02  3.4194600999999999e+01  1.5411489799999998e+02  3.3782511000000000e+02  1.5411416300000002e+02  3.4193719000000002e+01  1.0058818000000001e+02  1.6039807000000002e+02  1.5024379999999999e+02  7.8032353000000001e+01  7.0480178999999993e+01  6.8874057000000008e+01  7.2873289999999997e+01  9.0461153999999993e+01  8.8340776999999989e+01  6.8008031000000003e+01  7.1135260000000002e+01  7.1815184000000002e+01  7.1234974999999991e+01  7.2394216999999998e+01  7.2746037000000001e+01  7.2682141000000001e+01  8.4452725000000001e+01  8.4793863000000002e+01  7.3256469999999993e+01  6.1427379999999999e+01  6.1072570999999996e+01  7.7839635999999999e+01  1.1906774600000000e+02  1.2392242099999999e+02  9.3766987999999998e+01  6.6293765999999991e+01  1.0563846299999999e+02  6.6625937000000008e+01
# Longitudinally Integrated Squared Transverse Magnetic Field [T2m]
START
                          -2.9999999999999999e-02 -2.9000000000000001e-02 -2.8000000000000001e-02 -2.7000000000000000e-02 -2.5999999999999999e-02 -2.5000000000000001e-02 -2.4000000000000000e-02 -2.3000000000000000e-02 -2.1999999999999999e-02 -2.1000000000000001e-02 -2.0000000000000000e-02 -1.9000000000000000e-02 -1.7999999999999999e-02 -1.7000000000000001e-02 -1.6000000000000000e-02 -1.4999999999999999e-02 -1.4000000000000000e-02 -1.2999999999999999e-02 -1.2000000000000000e-02 -1.0999999999999999e-02 -1.0000000000000000e-02 -8.9999999999999993e-03 -8.0000000000000002e-03 -7.0000000000000001e-03 -6.0000000000000001e-03 -5.0000000000000001e-03 -4.0000000000000001e-03 -3.0000000000000001e-03 -2.0000000000000000e-03 -1.0000000000000000e-03  0.0000000000000000e+00  1.0000000000000000e-03  2.0000000000000000e-03  3.0000000000000001e-03  4.0000000000000001e-03  5.0000000000000001e-03  6.0000000000000001e-03  7.0000000000000001e-03  8.0000000000000002e-03  8.9999999999999993e-03  1.0000000000000000e-02  1.0999999999999999e-02  1.2000000000000000e-02  1.2999999999999999e-02  1.4000000000000000e-02  1.4999999999999999e-02  1.6000000000000000e-02  1.7000000000000001e-02  1.7999999999999999e-02  1.9000000000000000e-02  2.0000000000000000e-02  2.1000000000000001e-02  2.1999999999999999e-02  2.3000000000000000e-02  2.4000000000000000e-02  2.5000000000000001e-02  2.5999999999999999e-02  2.7000000000000000e-02  2.8000000000000001e-02  2.9000000000000001e-02  2.9999999999999999e-02
   5.0000000000000001e-03  5.0963968999999998e-01  7.0091364000000000e-01  6.8311978000000007e-01  6.4042951000000004e-01  6.0422487999999996e-01  5.7481899999999997e-01  5.5036162999999994e-01  5.3184207999999999e-01  5.2265016999999991e-01  5.1577497999999999e-01  5.1050846000000005e-01  5.0690597999999998e-01  5.0491216999999999e-01  5.0445940999999994e-01  5.0550212999999999e-01  5.0799770000000000e-01  5.1180940999999991e-01  5.1641932999999995e-01  5.2166036999999998e-01  5.3858644000000000e-01  5.6344707999999999e-01  5.9262608999999999e-01  6.2783552999999992e-01  6.7074433999999994e-01  7.2191846999999998e-01  7.9264114999999991e-01  9.0395199999999998e-01  1.0598126699999999e+00  1.2909995699999999e+00  1.6450868000000001e+00  1.8561788000000001e+00  1.6450868000000001e+00  1.2909995699999999e+00  1.0598126699999999e+00  9.0395199999999998e-01  7.9264114999999991e-01  7.2191846999999998e-01  6.7074433999999994e-01  6.2783552999999992e-01  5.9262608999999999e-01  5.6344707999999999e-01  5.3858644000000000e-01  5.2166036999999998e-01  5.1641932999999995e-01  5.1180940999999991e-01  5.0799770000000000e-01  5.0550212999999999e-01  5.0445940999999994e-01  5.0491216999999999e-01  5.0690597999999998e-01  5.1050846000000005e-01  5.1577497999999999e-01  5.2265016999999991e-01  5.3184207999999999e-01  5.5036162999999994e-01  5.7481899999999997e-01  6.0422487999999996e-01  6.4042951000000004e-01  6.8311978000000007e-01  7.0091364000000000e-01  5.0963968999999998e-01
   4.4999999999999997e-03  4.0774566000000001e-01  5.0951768000000008e-01  5.2363997000000007e-01  5.0345638000000004e-01  4.7896029999999995e-01  4.5652221999999998e-01  4.3733284000000000e-01  4.2267301999999995e-01  4.1332871999999998e-01  4.0678819999999999e-01  4.0206607000000000e-01  3.9898887000000000e-01  3.9747134000000001e-01  3.9746251999999999e-01  3.9894673000000003e-01  4.0193769000000001e-01  4.0644323999999998e-01  4.1248445000000000e-01  4.2116088000000002e-01  4.3680511000000000e-01  4.5928385999999999e-01  4.8715702000000000e-01  5.2131932999999997e-01  5.6323392999999999e-01  6.1491275999999995e-01  6.8384106000000000e-01  7.8079834000000004e-01  9.1148918000000001e-01  1.0864098700000000e+00  1.2958143099999999e+00  1.4052680600000000e+00  1.2958143099999999e+00  1.0864098700000000e+00  9.1148918000000001e-01  7.8079834000000004e-01  6.8384106000000000e-01  6.1491275999999995e-01  5.6323392999999999e-01  5.2131932999999997e-01  4.8715702000000000e-01  4.5928385999999999e-01  4.3680511000000000e-01  4.2116088000000002e-01  4.1248445000000000e-01  4.0644323999999998e-01  4.0193769000000001e-01  3.9894673000000003e-01  3.9746251999999999e-01  3.9747134000000001e-01  3.9898887000000000e-01  4.0206607000000000e-01  4.0678819999999999e-01  4.1332871999999998e-01  4.2267301999999995e-01  4.3733284000000000e-01  4.5652221999999998e-01  4.7896029999999995e-01  5.0345638000000004e-01  5.2363997000000007e-01  5.0951768000000008e-01  4.0774566000000001e-01
   4.0000000000000001e-03  3.2840681999999999e-01  3.8734794000000000e-01  4.0319405000000003e-01  3.9310396999999997e-01  3.7566094999999999e-01  3.5792490999999999e-01  3.4226108000000000e-01  3.2988613000000000e-01  3.2110631000000001e-01  3.1491221999999996e-01  3.1060904000000000e-01  3.0795471000000002e-01  3.0684338999999999e-01  3.0723195999999997e-01  3.0913218000000003e-01  3.1260726000000000e-01  3.1778361999999999e-01  3.2496016000000000e-01  3.3519674999999999e-01  3.5060774000000000e-01  3.7186001999999996e-01  3.9882814999999999e-01  4.3227898000000003e-01  4.7356638000000001e-01  5.2484585999999989e-01  5.9083366999999998e-01  6.7738579999999993e-01  7.8764756000000002e-01  9.2117256000000003e-01  1.0559593100000000e+00  1.1187052800000001e+00  1.0559593100000000e+00  9.2117256000000003e-01  7.8764756000000002e-01  6.7738579999999993e-01  5.9083366999999998e-01  5.2484585999999989e-01  4.7356638000000001e-01  4.3227898000000003e-01  3.9882814999999999e-01  3.7186001999999996e-01  3.5060774000000000e-01  3.3519674999999999e-01  3.2496016000000000e-01  3.1778361999999999e-01  3.1260726000000000e-01  3.0913218000000003e-01  3.0723195999999997e-01  3.0684338999999999e-01  3.0795471000000002e-01  3.1060904000000000e-01  3.1491221999999996e-01  3.2110631000000001e-01  3.2988613000000000e-01  3.4226108000000000e-01  3.5792490999999999e-01  3.7566094999999999e-01  3.9310396999999997e-01  4.0319405000000003e-01  3.8734794000000000e-01  3.2840681999999999e-01
   3.5000000000000001e-03  2.6696767999999998e-01  3.0158029999999997e-01  3.1198740999999997e-01  3.0482165000000000e-01  2.9083998999999999e-01  2.7584844000000003e-01  2.6232248000000002e-01  2.5135039999999997e-01  2.4315906999999998e-01  2.3729965000000000e-01  2.3332918000000000e-01  2.3101491000000002e-01  2.3024511999999997e-01  2.3098355000000001e-01  2.3326106999999999e-01  2.3717960000000002e-01  2.4293954999999998e-01  2.5093683999999999e-01  2.6202897000000003e-01  2.7750855999999996e-01  2.9822232999999998e-01  3.2466811999999995e-01  3.5769118000000000e-01  3.9855815999999999e-01  4.4912321999999999e-01  5.1232832000000006e-01  5.9115755999999997e-01  6.8603184999999989e-01  7.9146024999999998e-01  8.8596017999999999e-01  9.2636215000000000e-01  8.8596017999999999e-01  7.9146024999999998e-01  6.8603184999999989e-01  5.9115804999999999e-01  5.1232832000000006e-01  4.4912321999999999e-01  3.9855815999999999e-01  3.5769118000000000e-01  3.2466811999999995e-01  2.9822232999999998e-01  2.7750855999999996e-01  2.6202897000000003e-01  2.5093683999999999e-01  2.4293954999999998e-01  2.3717960000000002e-01  2.3326106999999999e-01  2.3098355000000001e-01  2.3024511999999997e-01  2.3101491000000002e-01  2.3332918000000000e-01  2.3729965000000000e-01  2.4315906999999998e-01  2.5135039999999997e-01  2.6232248000000002e-01  2.7584795000000001e-01  2.9083998999999999e-01  3.0482165000000000e-01  3.1198740999999997e-01  3.0158029999999997e-01  2.6696767999999998e-01
   3.0000000000000001e-03  2.1912946999999999e-01  2.3848594000000001e-01  2.4262105000000000e-01  2.3499566999999999e-01  2.2214149999999999e-01  2.0843473000000001e-01  1.9603675000000001e-01  1.8586435000000001e-01  1.7810422000000001e-01  1.7251870999999999e-01  1.6880695999999998e-01  1.6676219000000000e-01  1.6627512999999999e-01  1.6731294999999999e-01  1.6992023999999997e-01  1.7422440000000000e-01  1.8046209999999999e-01  1.8904739000000001e-01  2.0068783000000001e-01  2.1634088000000001e-01  2.3688511000000001e-01  2.6309716999999999e-01  2.9591149000000000e-01  3.3651436000000001e-01  3.8639538000000001e-01  4.4734158000000002e-01  5.2050691000000004e-01  6.0432238999999999e-01  6.9129542999999993e-01  7.6303927000000005e-01  7.9195318999999997e-01  7.6303927000000005e-01  6.9129542999999993e-01  6.0432238999999999e-01  5.2050691000000004e-01  4.4734158000000002e-01  3.8639538000000001e-01  3.3651436000000001e-01  2.9591198000000002e-01  2.6309716999999999e-01  2.3688511000000001e-01  2.1634088000000001e-01  2.0068783000000001e-01  1.8904788000000000e-01  1.8046209999999999e-01  1.7422440000000000e-01  1.6992023999999997e-01  1.6731294999999999e-01  1.6627512999999999e-01  1.6676219000000000e-01  1.6880695999999998e-01  1.7251870999999999e-01  1.7810422000000001e-01  1.8586435000000001e-01  1.9603675000000001e-01  2.0843473000000001e-01  2.2214149999999999e-01  2.3499566999999999e-01  2.4262105000000000e-01  2.3848594000000001e-01  2.1912946999999999e-01
   2.5000000000000001e-03  1.8198697999999999e-01  1.9122348000000000e-01  1.8990145999999999e-01  1.8052286000000001e-01  1.6749278000000001e-01  1.5411617200000000e-01  1.4216438599999998e-01  1.3237090300000001e-01  1.2486498500000000e-01  1.1947209400000000e-01  1.1595198299999999e-01  1.1411678600000000e-01  1.1385728200000000e-01  1.1514372800000000e-01  1.1802811299999999e-01  1.2265214499999999e-01  1.2926812500000001e-01  1.3828255700000000e-01  1.5031313500000001e-01  1.6617173999999998e-01  1.8673557000000002e-01  2.1290255000000000e-01  2.4566444000000001e-01  2.8613402999999998e-01  3.3549369000000001e-01  3.9475379999999999e-01  4.6386976999999996e-01  5.3998489999999999e-01  6.1498087000000001e-01  6.7338298999999990e-01  6.9600139000000005e-01  6.7338298999999990e-01  6.1498087000000001e-01  5.3998489999999999e-01  4.6386976999999996e-01  3.9475429000000001e-01  3.3549369000000001e-01  2.8613402999999998e-01  2.4566444000000001e-01  2.1290255000000000e-01  1.8673557000000002e-01  1.6617173999999998e-01  1.5031313500000001e-01  1.3828255700000000e-01  1.2926812500000001e-01  1.2265214499999999e-01  1.1802811299999999e-01  1.1514372800000000e-01  1.1385728200000000e-01  1.1411678600000000e-01  1.1595198299999999e-01  1.1947209400000000e-01  1.2486493600000000e-01  1.3237090300000001e-01  1.4216438599999998e-01  1.5411617200000000e-01  1.6749278000000001e-01  1.8052286000000001e-01  1.8990145999999999e-01  1.9122348000000000e-01  1.8198697999999999e-01
   2.0000000000000000e-03  1.5359682099999999e-01  1.5594396999999999e-01  1.5030882299999998e-01  1.3891627400000001e-01  1.2512105900000001e-01  1.1154026800000000e-01  9.9621360999999992e-02  8.9934992000000005e-02  8.2540646999999995e-02  7.7263248999999992e-02  7.3877103999999999e-02  7.2198412999999989e-02  7.2116533999999996e-02  7.3601772999999995e-02  7.6709696000000008e-02  8.1588527999999994e-02  8.8495372000000003e-02  9.7825657999999996e-02  1.1014866799999999e-01  1.2620998600000000e-01  1.4687975400000000e-01  1.7310818000000000e-01  2.0591515000000002e-01  2.4635288999999999e-01  2.9536954999999998e-01  3.5345121000000002e-01  4.1975899000000000e-01  4.9064631000000003e-01  5.5791890000000000e-01  6.0829040999999995e-01  6.2729113999999997e-01  6.0829040999999995e-01  5.5791890000000000e-01  4.9064631000000003e-01  4.1975899000000000e-01  3.5345121000000002e-01  2.9536954999999998e-01  2.4635288999999999e-01  2.0591515000000002e-01  1.7310818000000000e-01  1.4687975400000000e-01  1.2620998600000000e-01  1.1014866799999999e-01  9.7825657999999996e-02  8.8495372000000003e-02  8.1588527999999994e-02  7.6709696000000008e-02  7.3601772999999995e-02  7.2116533999999996e-02  7.2198412999999989e-02  7.3877103999999999e-02  7.7263248999999992e-02  8.2540646999999995e-02  8.9934992000000005e-02  9.9621360999999992e-02  1.1154026800000000e-01  1.2512105900000001e-01  1.3891627400000001e-01  1.5030882299999998e-01  1.5594396999999999e-01  1.5359677199999999e-01
   1.5000000000000000e-03  1.3264246100000002e-01  1.3031623500000000e-01  1.2148256400000000e-01  1.0829666400000000e-01  9.3594556999999995e-02  7.9587465999999996e-02  6.7496961000000008e-02  5.7767373999999996e-02  5.0392286000000001e-02  4.5171776999999996e-02  4.1872361999999996e-02  4.0305194999999995e-02  4.0355420000000003e-02  4.1991726000000000e-02  4.5270463000000004e-02  5.0342158999999997e-02  5.7464260000000003e-02  6.7023816999999999e-02  7.9565562999999992e-02  9.5804456999999996e-02  1.1660490799999999e-01  1.4293892899999999e-01  1.7583796999999998e-01  2.1630658000000000e-01  2.6512773000000001e-01  3.2243421000000000e-01  3.8686822999999998e-01  4.5430937999999998e-01  5.1667021000000002e-01  5.6216230000000000e-01  5.7903348999999993e-01  5.6216230000000000e-01  5.1667021000000002e-01  4.5430937999999998e-01  3.8686822999999998e-01  3.2243421000000000e-01  2.6512773000000001e-01  2.1630658000000000e-01  1.7583796999999998e-01  1.4293892899999999e-01  1.1660490799999999e-01  9.5804456999999996e-02  7.9565562999999992e-02  6.7023816999999999e-02  5.7464260000000003e-02  5.0342158999999997e-02  4.5270463000000004e-02  4.1991726000000000e-02  4.0355420000000003e-02  4.0305194999999995e-02  4.1872361999999996e-02  4.5171776999999996e-02  5.0392286000000001e-02  5.7767373999999996e-02  6.7496912000000006e-02  7.9587465999999996e-02  9.3594556999999995e-02  1.0829666400000000e-01  1.2148256400000000e-01  1.3031623500000000e-01  1.3264246100000002e-01
   1.0000000000000000e-03  1.1823660799999999e-01  1.1288203500000001e-01  1.0185963199999999e-01  8.7313981999999998e-02  7.1826551999999988e-02  5.7384831000000004e-02  4.5070738999999999e-02  3.5242857999999995e-02  2.7842779999999998e-02  2.2642752999999998e-02  1.9394641000000001e-02  1.7901023000000002e-02  1.8042094000000002e-02  1.9784092999999999e-02  2.3182830999999997e-02  2.8389130000000002e-02  3.5659553999999996e-02  4.5376156000000001e-02  5.8071859999999996e-02  7.4448002999999999e-02  9.5365220999999986e-02  1.2180454299999999e-01  1.5480084899999999e-01  1.9532527000000000e-01  2.4404988999999999e-01  3.0088303000000000e-01  3.6414153999999999e-01  4.2943110000000001e-01  4.8879410999999995e-01  5.3139470999999994e-01  5.4702865000000001e-01  5.3139470999999994e-01  4.8879410999999995e-01  4.2943110000000001e-01  3.6414153999999999e-01  3.0088303000000000e-01  2.4404988999999999e-01  1.9532527000000000e-01  1.5480084899999999e-01  1.2180454299999999e-01  9.5365220999999986e-02  7.4448002999999999e-02  5.8071859999999996e-02  4.5376156000000001e-02  3.5659553999999996e-02  2.8389130000000002e-02  2.3182830999999997e-02  1.9784092999999999e-02  1.8042094000000002e-02  1.7901023000000002e-02  1.9394641000000001e-02  2.2642752999999998e-02  2.7842779999999998e-02  3.5242857999999995e-02  4.5070738999999999e-02  5.7384831000000004e-02  7.1826551999999988e-02  8.7313981999999998e-02  1.0185963199999999e-01  1.1288203500000001e-01  1.1823660799999999e-01
   5.0000000000000001e-04  1.0980684400000000e-01  1.0274560100000001e-01  9.0450129000000004e-02  7.5067167000000004e-02  5.9061316999999995e-02  4.4310699999999995e-02  3.1823637999999994e-02  2.1909908999999998e-02  1.4478774800000000e-02  9.2822659999999991e-03  6.0602464999999998e-03  4.6082000999999994e-03  4.8022743999999997e-03  6.6066846999999996e-03  1.0076546200000000e-02  1.5362279099999999e-02  2.2719682999999997e-02  3.2528306999999999e-02  4.5316131000000003e-02  6.1778710000000001e-02  8.2774818000000000e-02  1.0928896300000000e-01  1.4235626999999998e-01  1.8292827000000000e-01  2.3161466999999999e-01  2.8819693000000002e-01  3.5081353999999998e-01  4.1492906000000002e-01  4.7267703000000000e-01  5.1374686999999997e-01  5.2873400999999998e-01  5.1374686999999997e-01  4.7267703000000000e-01  4.1492906000000002e-01  3.5081353999999998e-01  2.8819693000000002e-01  2.3161466999999999e-01  1.8292827000000000e-01  1.4235626999999998e-01  1.0928896300000000e-01  8.2774818000000000e-02  6.1778710000000001e-02  4.5316131000000003e-02  3.2528306999999999e-02  2.2719682999999997e-02  1.5362279099999999e-02  1.0076546200000000e-02  6.6066846999999996e-03  4.8022695000000002e-03  4.6082000999999994e-03  6.0602464999999998e-03  9.2822659999999991e-03  1.4478774800000000e-02  2.1909908999999998e-02  3.1823637999999994e-02  4.4310699999999995e-02  5.9061316999999995e-02  7.5067167000000004e-02  9.0450129000000004e-02  1.0274560100000001e-01  1.0980684400000000e-01
   0.0000000000000000e+00  1.0703153300000000e-01  9.9418549999999994e-02  8.6705548999999993e-02  7.1040739000000006e-02  5.4855010000000003e-02  3.9993799999999996e-02  2.7442793000000000e-02  1.7495989000000000e-02  1.0051732600000000e-02  4.8548857000000004e-03  1.6407502999999999e-03  2.0210540000000000e-04  4.1358057999999999e-04  2.2386335999999996e-03  5.7320347000000002e-03  1.1044026699999999e-02  1.8430124999999999e-02  2.8269129000000000e-02  4.1087627000000002e-02  5.7579655000000000e-02  7.8603497000000008e-02  1.0514449400000001e-01  1.3823762400000000e-01  1.7882794999999999e-01  2.2750455000000000e-01  2.8400889999999995e-01  3.4642215999999998e-01  4.1016479000000000e-01  4.6740365000000000e-01  5.0799475999999999e-01  5.2278001999999990e-01  5.0799475999999999e-01  4.6740365000000000e-01  4.1016479000000000e-01  3.4642215999999998e-01  2.8400889999999995e-01  2.2750455000000000e-01  1.7882794999999999e-01  1.3823762400000000e-01  1.0514449400000001e-01  7.8603497000000008e-02  5.7579655000000000e-02  4.1087627000000002e-02  2.8269129000000000e-02  1.8430124999999999e-02  1.1044026699999999e-02  5.7320297999999999e-03  2.2386286999999997e-03  4.1358009000000000e-04  2.0210540000000000e-04  1.6407502999999999e-03  4.8548857000000004e-03  1.0051732600000000e-02  1.7495989000000000e-02  2.7442744000000002e-02  3.9993799999999996e-02  5.4855010000000003e-02  7.1040739000000006e-02  8.6705548999999993e-02  9.9418549999999994e-02  1.0703148400000000e-01
  -5.0000000000000001e-04  1.0980684400000000e-01  1.0274560100000001e-01  9.0450129000000004e-02  7.5067167000000004e-02  5.9061316999999995e-02  4.4310699999999995e-02  3.1823637999999994e-02  2.1909908999999998e-02  1.4478774800000000e-02  9.2822659999999991e-03  6.0602464999999998e-03  4.6082000999999994e-03  4.8022743999999997e-03  6.6066846999999996e-03  1.0076546200000000e-02  1.5362279099999999e-02  2.2719682999999997e-02  3.2528306999999999e-02  4.5316131000000003e-02  6.1778710000000001e-02  8.2774818000000000e-02  1.0928896300000000e-01  1.4235626999999998e-01  1.8292827000000000e-01  2.3161466999999999e-01  2.8819693000000002e-01  3.5081353999999998e-01  4.1492906000000002e-01  4.7267703000000000e-01  5.1374686999999997e-01  5.2873400999999998e-01  5.1374686999999997e-01  4.7267703000000000e-01  4.1492906000000002e-01  3.5081353999999998e-01  2.8819693000000002e-01  2.3161466999999999e-01  1.8292827000000000e-01  1.4235626999999998e-01  1.0928896300000000e-01  8.2774818000000000e-02  6.1778710000000001e-02  4.5316131000000003e-02  3.2528306999999999e-02  2.2719682999999997e-02  1.5362279099999999e-02  1.0076546200000000e-02  6.6066846999999996e-03  4.8022695000000002e-03  4.6082000999999994e-03  6.0602464999999998e-03  9.2822659999999991e-03  1.4478774800000000e-02  2.1909908999999998e-02  3.1823637999999994e-02  4.4310699999999995e-02  5.9061316999999995e-02  7.5067167000000004e-02  9.0450129000000004e-02  1.0274560100000001e-01  1.0980684400000000e-01
  -1.0000000000000000e-03  1.1823660799999999e-01  1.1288203500000001e-01  1.0185963199999999e-01  8.7313981999999998e-02  7.1826551999999988e-02  5.7384831000000004e-02  4.5070738999999999e-02  3.5242857999999995e-02  2.7842779999999998e-02  2.2642752999999998e-02  1.9394641000000001e-02  1.7901023000000002e-02  1.8042094000000002e-02  1.9784092999999999e-02  2.3182830999999997e-02  2.8389130000000002e-02  3.5659553999999996e-02  4.5376156000000001e-02  5.8071908999999998e-02  7.4448002999999999e-02  9.5365220999999986e-02  1.2180454299999999e-01  1.5480084899999999e-01  1.9532527000000000e-01  2.4404988999999999e-01  3.0088303000000000e-01  3.6414153999999999e-01  4.2943110000000001e-01  4.8879410999999995e-01  5.3139470999999994e-01  5.4702865000000001e-01  5.3139470999999994e-01  4.8879410999999995e-01  4.2943110000000001e-01  3.6414153999999999e-01  3.0088303000000000e-01  2.4404988999999999e-01  1.9532527000000000e-01  1.5480084899999999e-01  1.2180454299999999e-01  9.5365220999999986e-02  7.4448002999999999e-02  5.8071859999999996e-02  4.5376156000000001e-02  3.5659553999999996e-02  2.8389130000000002e-02  2.3182830999999997e-02  1.9784092999999999e-02  1.8042094000000002e-02  1.7901023000000002e-02  1.9394641000000001e-02  2.2642752999999998e-02  2.7842779999999998e-02  3.5242857999999995e-02  4.5070738999999999e-02  5.7384831000000004e-02  7.1826551999999988e-02  8.7313981999999998e-02  1.0185963199999999e-01  1.1288203500000001e-01  1.1823660799999999e-01
  -1.5000000000000000e-03  1.3264246100000002e-01  1.3031623500000000e-01  1.2148256400000000e-01  1.0829666400000000e-01  9.3594556999999995e-02  7.9587465999999996e-02  6.7496912000000006e-02  5.7767373999999996e-02  5.0392286000000001e-02  4.5171776999999996e-02  4.1872361999999996e-02  4.0305194999999995e-02  4.0355420000000003e-02  4.1991726000000000e-02  4.5270463000000004e-02  5.0342158999999997e-02  5.7464260000000003e-02  6.7023816999999999e-02  7.9565562999999992e-02  9.5804505999999998e-02  1.1660490799999999e-01  1.4293892899999999e-01  1.7583796999999998e-01  2.1630658000000000e-01  2.6512773000000001e-01  3.2243421000000000e-01  3.8686822999999998e-01  4.5430937999999998e-01  5.1667021000000002e-01  5.6216230000000000e-01  5.7903348999999993e-01  5.6216230000000000e-01  5.1667021000000002e-01  4.5430937999999998e-01  3.8686822999999998e-01  3.2243421000000000e-01  2.6512773000000001e-01  2.1630658000000000e-01  1.7583796999999998e-01  1.4293888000000002e-01  1.1660490799999999e-01  9.5804456999999996e-02  7.9565562999999992e-02  6.7023816999999999e-02  5.7464260000000003e-02  5.0342158999999997e-02  4.5270463000000004e-02  4.1991726000000000e-02  4.0355420000000003e-02  4.0305194999999995e-02  4.1872361999999996e-02  4.5171776999999996e-02  5.0392286000000001e-02  5.7767373999999996e-02  6.7496912000000006e-02  7.9587465999999996e-02  9.3594556999999995e-02  1.0829666400000000e-01  1.2148256400000000e-01  1.3031623500000000e-01  1.3264246100000002e-01
  -2.0000000000000000e-03  1.5359682099999999e-01  1.5594396999999999e-01  1.5030882299999998e-01  1.3891627400000001e-01  1.2512105900000001e-01  1.1154026800000000e-01  9.9621360999999992e-02  8.9934992000000005e-02  8.2540646999999995e-02  7.7263248999999992e-02  7.3877103999999999e-02  7.2198412999999989e-02  7.2116533999999996e-02  7.3601772999999995e-02  7.6709696000000008e-02  8.1588576999999995e-02  8.8495372000000003e-02  9.7825657999999996e-02  1.1014866799999999e-01  1.2620998600000000e-01  1.4687975400000000e-01  1.7310818000000000e-01  2.0591515000000002e-01  2.4635288999999999e-01  2.9536954999999998e-01  3.5345121000000002e-01  4.1975899000000000e-01  4.9064631000000003e-01  5.5791890000000000e-01  6.0829040999999995e-01  6.2729113999999997e-01  6.0829040999999995e-01  5.5791890000000000e-01  4.9064631000000003e-01  4.1975899000000000e-01  3.5345121000000002e-01  2.9536954999999998e-01  2.4635288999999999e-01  2.0591515000000002e-01  1.7310818000000000e-01  1.4687975400000000e-01  1.2620998600000000e-01  1.1014866799999999e-01  9.7825657999999996e-02  8.8495372000000003e-02  8.1588527999999994e-02  7.6709696000000008e-02  7.3601772999999995e-02  7.2116533999999996e-02  7.2198412999999989e-02  7.3877103999999999e-02  7.7263248999999992e-02  8.2540646999999995e-02  8.9934992000000005e-02  9.9621360999999992e-02  1.1154021900000000e-01  1.2512105900000001e-01  1.3891627400000001e-01  1.5030882299999998e-01  1.5594396999999999e-01  1.5359682099999999e-01
  -2.5000000000000001e-03  1.8198697999999999e-01  1.9122348000000000e-01  1.8990145999999999e-01  1.8052286000000001e-01  1.6749278000000001e-01  1.5411617200000000e-01  1.4216443499999998e-01  1.3237090300000001e-01  1.2486498500000000e-01  1.1947209400000000e-01  1.1595198299999999e-01  1.1411678600000000e-01  1.1385728200000000e-01  1.1514372800000000e-01  1.1802811299999999e-01  1.2265214499999999e-01  1.2926812500000001e-01  1.3828255700000000e-01  1.5031313500000001e-01  1.6617173999999998e-01  1.8673557000000002e-01  2.1290255000000000e-01  2.4566444000000001e-01  2.8613402999999998e-01  3.3549369000000001e-01  3.9475429000000001e-01  4.6386976999999996e-01  5.3998489999999999e-01  6.1498087000000001e-01  6.7338298999999990e-01  6.9600139000000005e-01  6.7338298999999990e-01  6.1498087000000001e-01  5.3998489999999999e-01  4.6386976999999996e-01  3.9475379999999999e-01  3.3549369000000001e-01  2.8613402999999998e-01  2.4566444000000001e-01  2.1290255000000000e-01  1.8673557000000002e-01  1.6617173999999998e-01  1.5031313500000001e-01  1.3828255700000000e-01  1.2926812500000001e-01  1.2265214499999999e-01  1.1802811299999999e-01  1.1514372800000000e-01  1.1385728200000000e-01  1.1411678600000000e-01  1.1595198299999999e-01  1.1947209400000000e-01  1.2486493600000000e-01  1.3237090300000001e-01  1.4216438599999998e-01  1.5411617200000000e-01  1.6749278000000001e-01  1.8052286000000001e-01  1.8990145999999999e-01  1.9122348000000000e-01  1.8198697999999999e-01
  -3.0000000000000001e-03  2.1912946999999999e-01  2.3848594000000001e-01  2.4262105000000000e-01  2.3499566999999999e-01  2.2214149999999999e-01  2.0843473000000001e-01  1.9603675000000001e-01  1.8586435000000001e-01  1.7810422000000001e-01  1.7251920000000001e-01  1.6880695999999998e-01  1.6676219000000000e-01  1.6627512999999999e-01  1.6731294999999999e-01  1.6992023999999997e-01  1.7422440000000000e-01  1.8046209999999999e-01  1.8904788000000000e-01  2.0068783000000001e-01  2.1634088000000001e-01  2.3688511000000001e-01  2.6309716999999999e-01  2.9591149000000000e-01  3.3651436000000001e-01  3.8639586999999997e-01  4.4734158000000002e-01  5.2050691000000004e-01  6.0432238999999999e-01  6.9129542999999993e-01  7.6303927000000005e-01  7.9195318999999997e-01  7.6303927000000005e-01  6.9129542999999993e-01  6.0432238999999999e-01  5.2050691000000004e-01  4.4734158000000002e-01  3.8639538000000001e-01  3.3651436000000001e-01  2.9591149000000000e-01  2.6309716999999999e-01  2.3688511000000001e-01  2.1634088000000001e-01  2.0068783000000001e-01  1.8904788000000000e-01  1.8046209999999999e-01  1.7422440000000000e-01  1.6992023999999997e-01  1.6731294999999999e-01  1.6627512999999999e-01  1.6676219000000000e-01  1.6880695999999998e-01  1.7251870999999999e-01  1.7810422000000001e-01  1.8586435000000001e-01  1.9603675000000001e-01  2.0843473000000001e-01  2.2214149999999999e-01  2.3499566999999999e-01  2.4262105000000000e-01  2.3848594000000001e-01  2.1912946999999999e-01
  -3.5000000000000001e-03  2.6696767999999998e-01  3.0158029999999997e-01  3.1198740999999997e-01  3.0482165000000000e-01  2.9083998999999999e-01  2.7584795000000001e-01  2.6232248000000002e-01  2.5135039999999997e-01  2.4315906999999998e-01  2.3729965000000000e-01  2.3332918000000000e-01  2.3101491000000002e-01  2.3024511999999997e-01  2.3098355000000001e-01  2.3326106999999999e-01  2.3717960000000002e-01  2.4293954999999998e-01  2.5093683999999999e-01  2.6202897000000003e-01  2.7750855999999996e-01  2.9822232999999998e-01  3.2466811999999995e-01  3.5769118000000000e-01  3.9855815999999999e-01  4.4912321999999999e-01  5.1232832000000006e-01  5.9115804999999999e-01  6.8603184999999989e-01  7.9146024999999998e-01  8.8596017999999999e-01  9.2636215000000000e-01  8.8596017999999999e-01  7.9146024999999998e-01  6.8603184999999989e-01  5.9115755999999997e-01  5.1232832000000006e-01  4.4912321999999999e-01  3.9855815999999999e-01  3.5769118000000000e-01  3.2466811999999995e-01  2.9822232999999998e-01  2.7750855999999996e-01  2.6202897000000003e-01  2.5093683999999999e-01  2.4293954999999998e-01  2.3717960000000002e-01  2.3326106999999999e-01  2.3098355000000001e-01  2.3024511999999997e-01  2.3101491000000002e-01  2.3332918000000000e-01  2.3729965000000000e-01  2.4315906999999998e-01  2.5135039999999997e-01  2.6232248000000002e-01  2.7584795000000001e-01  2.9083998999999999e-01  3.0482165000000000e-01  3.1198740999999997e-01  3.0158029999999997e-01  2.6696767999999998e-01
  -4.0000000000000001e-03  3.2840681999999999e-01  3.8734794000000000e-01  4.0319405000000003e-01  3.9310396999999997e-01  3.7566094999999999e-01  3.5792490999999999e-01  3.4226108000000000e-01  3.2988613000000000e-01  3.2110631000000001e-01  3.1491221999999996e-01  3.1060904000000000e-01  3.0795471000000002e-01  3.0684338999999999e-01  3.0723195999999997e-01  3.0913218000000003e-01  3.1260726000000000e-01  3.1778361999999999e-01  3.2496016000000000e-01  3.3519674999999999e-01  3.5060774000000000e-01  3.7186001999999996e-01  3.9882814999999999e-01  4.3227898000000003e-01  4.7356638000000001e-01  5.2484585999999989e-01  5.9083366999999998e-01  6.7738579999999993e-01  7.8764756000000002e-01  9.2117256000000003e-01  1.0559593100000000e+00  1.1187052800000001e+00  1.0559593100000000e+00  9.2117256000000003e-01  7.8764756000000002e-01  6.7738579999999993e-01  5.9083366999999998e-01  5.2484585999999989e-01  4.7356638000000001e-01  4.3227898000000003e-01  3.9882814999999999e-01  3.7186001999999996e-01  3.5060774000000000e-01  3.3519674999999999e-01  3.2496016000000000e-01  3.1778361999999999e-01  3.1260726000000000e-01  3.0913218000000003e-01  3.0723195999999997e-01  3.0684338999999999e-01  3.0795471000000002e-01  3.1060904000000000e-01  3.1491221999999996e-01  3.2110631000000001e-01  3.2988613000000000e-01  3.4226108000000000e-01  3.5792490999999999e-01  3.7566094999999999e-01  3.9310396999999997e-01  4.0319405000000003e-01  3.8734794000000000e-01  3.2840681999999999e-01
  -4.4999999999999997e-03  4.0774566000000001e-01  5.0951768000000008e-01  5.2363997000000007e-01  5.0345638000000004e-01  4.7896029999999995e-01  4.5652221999999998e-01  4.3733284000000000e-01  4.2267301999999995e-01  4.1332871999999998e-01  4.0678819999999999e-01  4.0206607000000000e-01  3.9898887000000000e-01  3.9747134000000001e-01  3.9746251999999999e-01  3.9894673000000003e-01  4.0193769000000001e-01  4.0644323999999998e-01  4.1248445000000000e-01  4.2116088000000002e-01  4.3680511000000000e-01  4.5928385999999999e-01  4.8715702000000000e-01  5.2131932999999997e-01  5.6323392999999999e-01  6.1491275999999995e-01  6.8384106000000000e-01  7.8079834000000004e-01  9.1148918000000001e-01  1.0864098700000000e+00  1.2958143099999999e+00  1.4052680600000000e+00  1.2958143099999999e+00  1.0864098700000000e+00  9.1148918000000001e-01  7.8079834000000004e-01  6.8384106000000000e-01  6.1491275999999995e-01  5.6323392999999999e-01  5.2131932999999997e-01  4.8715702000000000e-01  4.5928385999999999e-01  4.3680511000000000e-01  4.2116088000000002e-01  4.1248445000000000e-01  4.0644323999999998e-01  4.0193769000000001e-01  3.9894673000000003e-01  3.9746251999999999e-01  3.9747134000000001e-01  3.9898887000000000e-01  4.0206607000000000e-01  4.0678819999999999e-01  4.1332871999999998e-01  4.2267301999999995e-01  4.3733284000000000e-01  4.5652221999999998e-01  4.7896029999999995e-01  5.0345638000000004e-01  5.2363997000000007e-01  5.0951768000000008e-01  4.0774566000000001e-01
  -5.0000000000000001e-03  5.0963968999999998e-01  7.0091364000000000e-01  6.8311978000000007e-01  6.4042951000000004e-01  6.0422487999999996e-01  5.7481899999999997e-01  5.5036162999999994e-01  5.3184207999999999e-01  5.2265016999999991e-01  5.1577497999999999e-01  5.1050846000000005e-01  5.0690597999999998e-01  5.0491216999999999e-01  5.0445940999999994e-01  5.0550212999999999e-01  5.0799770000000000e-01  5.1180940999999991e-01  5.1641932999999995e-01  5.2166036999999998e-01  5.3858644000000000e-01  5.6344707999999999e-01  5.9262608999999999e-01  6.2783552999999992e-01  6.7074433999999994e-01  7.2191846999999998e-01  7.9264114999999991e-01  9.0395199999999998e-01  1.0598126699999999e+00  1.2909995699999999e+00  1.6450868000000001e+00  1.8561788000000001e+00  1.6450868000000001e+00  1.2909995699999999e+00  1.0598126699999999e+00  9.0395199999999998e-01  7.9264114999999991e-01  7.2191846999999998e-01  6.7074433999999994e-01  6.2783552999999992e-01  5.9262608999999999e-01  5.6344707999999999e-01  5.3858644000000000e-01  5.2166036999999998e-01  5.1641932999999995e-01  5.1180940999999991e-01  5.0799770000000000e-01  5.0550212999999999e-01  5.0445940999999994e-01  5.0491216999999999e-01  5.0690597999999998e-01  5.1050846000000005e-01  5.1577497999999999e-01  5.2265016999999991e-01  5.3184207999999999e-01  5.5036162999999994e-01  5.7481899999999997e-01  6.0422487999999996e-01  6.4042951000000004e-01  6.8311978000000007e-01  7.0091364000000000e-01  5.0963968999999998e-01
