# Auto-generated by pyeletra.utils.kickmap.generate_Radia_kickmap_file()
# Undulator Length [m]
2.0
# Number of Horizontal Points
61
# Number of Vertical Points
21
# Horizontal Kick [micro-rad]
START
                          -2.9999999999999999e-02 -2.9000000000000001e-02 -2.8000000000000001e-02 -2.7000000000000000e-02 -2.5999999999999999e-02 -2.5000000000000001e-02 -2.4000000000000000e-02 -2.3000000000000000e-02 -2.1999999999999999e-02 -2.1000000000000001e-02 -2.0000000000000000e-02 -1.9000000000000000e-02 -1.7999999999999999e-02 -1.7000000000000001e-02 -1.6000000000000000e-02 -1.4999999999999999e-02 -1.4000000000000000e-02 -1.2999999999999999e-02 -1.2000000000000000e-02 -1.0999999999999999e-02 -1.0000000000000000e-02 -8.9999999999999993e-03 -8.0000000000000002e-03 -7.0000000000000001e-03 -6.0000000000000001e-03 -5.0000000000000001e-03 -4.0000000000000001e-03 -3.0000000000000001e-03 -2.0000000000000000e-03 -1.0000000000000000e-03  0.0000000000000000e+00  1.0000000000000000e-03  2.0000000000000000e-03  3.0000000000000001e-03  4.0000000000000001e-03  5.0000000000000001e-03  6.0000000000000001e-03  7.0000000000000001e-03  8.0000000000000002e-03  8.9999999999999993e-03  1.0000000000000000e-02  1.0999999999999999e-02  1.2000000000000000e-02  1.2999999999999999e-02  1.4000000000000000e-02  1.4999999999999999e-02  1.6000000000000000e-02  1.7000000000000001e-02  1.7999999999999999e-02  1.9000000000000000e-02  2.0000000000000000e-02  2.1000000000000001e-02  2.1999999999999999e-02  2.3000000000000000e-02  2.4000000000000000e-02  2.5000000000000001e-02  2.5999999999999999e-02  2.7000000000000000e-02  2.8000000000000001e-02  2.9000000000000001e-02  2.9999999999999999e-02
   5.0000000000000001e-03 -7.7864999999999995e+01 -1.5199249999999999e+01  1.3227950000000000e+01  1.2432399999999999e+01  1.0126250000000001e+01  8.2970500000000005e+00  6.9997999999999996e+00  3.9321600000000001e+00  2.3813800000000001e+00  1.9020200000000000e+00  1.3824799999999999e+00  8.6948000000000003e-01  3.7892250000000000e-01 -9.4143500000000005e-02 -5.5550500000000003e-01 -9.9700999999999995e-01 -1.3593450000000000e+00 -1.4517500000000001e+00 -2.6254949999999999e+00 -7.1080500000000004e+00 -8.3649500000000003e+00 -9.9526500000000002e+00 -1.2117649999999999e+01 -1.4689900000000000e+01 -1.7375050000000002e+01 -2.8670900000000000e+01 -4.0744549999999997e+01 -5.7973999999999997e+01 -8.9216999999999999e+01 -1.2233300000000000e+02  8.7108999999999999e-06  1.2233300000000000e+02  8.9216999999999999e+01  5.7974499999999999e+01  4.0744349999999997e+01  2.8670900000000000e+01  1.7375050000000002e+01  1.4689900000000000e+01  1.2117649999999999e+01  9.9526000000000003e+00  8.3649500000000003e+00  7.1080500000000004e+00  2.6253400000000000e+00  1.4519200000000001e+00  1.3593500000000001e+00  9.9700999999999995e-01  5.5550500000000003e-01  9.4141500000000003e-02 -3.7892250000000000e-01 -8.6948000000000003e-01 -1.3824850000000000e+00 -1.9020200000000000e+00 -2.3815450000000000e+00 -3.9323450000000002e+00 -7.0000000000000000e+00 -8.2970500000000005e+00 -1.0126250000000001e+01 -1.2432350000000000e+01 -1.3227950000000000e+01  1.5199249999999999e+01  7.7864999999999995e+01
   4.4999999999999997e-03 -4.0060000000000002e+01 -1.6949950000000001e+01  3.6375150000000001e+00  7.5573499999999996e+00  7.4229000000000003e+00  6.5148000000000001e+00  5.3959000000000001e+00  3.6468550000000000e+00  2.3763100000000001e+00  1.7423400000000000e+00  1.2117549999999999e+00  7.1326000000000001e-01  2.3628150000000001e-01 -2.3057549999999999e-01 -6.9804500000000003e-01 -1.1708250000000000e+00 -1.6419100000000000e+00 -2.1626150000000002e+00 -3.5674700000000001e+00 -6.1141500000000004e+00 -7.8472999999999997e+00 -9.6123999999999992e+00 -1.1793200000000001e+01 -1.4454450000000000e+01 -1.8139250000000001e+01 -2.5583400000000001e+01 -3.5085700000000003e+01 -4.7041400000000003e+01 -6.2146500000000003e+01 -6.0890500000000003e+01  4.2305800000000001e-06  6.0890000000000001e+01  6.2146000000000001e+01  4.7041300000000000e+01  3.5085700000000003e+01  2.5583600000000001e+01  1.8139399999999998e+01  1.4454450000000000e+01  1.1793200000000001e+01  9.6122999999999994e+00  7.8472999999999997e+00  6.1141500000000004e+00  3.5673200000000000e+00  2.1624750000000001e+00  1.6417700000000000e+00  1.1709000000000001e+00  6.9803999999999999e-01  2.3057500000000000e-01 -2.3628199999999999e-01 -7.1326000000000001e-01 -1.2117549999999999e+00 -1.7423450000000000e+00 -2.3763899999999998e+00 -3.6468550000000000e+00 -5.3957499999999996e+00 -6.5148500000000000e+00 -7.4229000000000003e+00 -7.5575000000000001e+00 -3.6375649999999999e+00  1.6950099999999999e+01  4.0059899999999999e+01
   4.0000000000000001e-03 -2.2850349999999999e+01 -1.1731650000000000e+01  4.3198950000000003e-01  4.8643799999999997e+00  5.6697499999999996e+00  5.2797999999999998e+00  4.4281350000000002e+00  3.2675049999999999e+00  2.2818800000000001e+00  1.6188700000000000e+00  1.0780900000000000e+00  5.8392500000000003e-01  1.1166650000000000e-01 -3.5562700000000003e-01 -8.3467499999999994e-01 -1.3424400000000001e+00 -1.9041750000000000e+00 -2.6277750000000002e+00 -3.9019249999999999e+00 -5.7450000000000001e+00 -7.5108499999999996e+00 -9.3732500000000005e+00 -1.1584849999999999e+01 -1.4294700000000001e+01 -1.7964500000000001e+01 -2.3572800000000001e+01 -3.0588550000000001e+01 -3.8268850000000000e+01 -4.4145099999999999e+01 -3.5667700000000004e+01  2.4539450000000001e-06  3.5667700000000004e+01  4.4145299999999999e+01  3.8268549999999998e+01  3.0588550000000001e+01  2.3572700000000001e+01  1.7964449999999999e+01  1.4294750000000001e+01  1.1584899999999999e+01  9.3732000000000006e+00  7.5107499999999998e+00  5.7447999999999997e+00  3.9019149999999998e+00  2.6278950000000001e+00  1.9042500000000000e+00  1.3424350000000000e+00  8.3467999999999998e-01  3.5562500000000002e-01 -1.1166700000000000e-01 -5.8392500000000003e-01 -1.0781600000000000e+00 -1.6188700000000000e+00 -2.2818749999999999e+00 -3.2676400000000001e+00 -4.4281150000000000e+00 -5.2797999999999998e+00 -5.6696000000000000e+00 -4.8645500000000004e+00 -4.3198950000000003e-01  1.1731650000000000e+01  2.2850400000000000e+01
   3.5000000000000001e-03 -1.3581250000000001e+01 -7.1364999999999998e+00  1.4246049999999999e-01  3.7244600000000001e+00  4.7047450000000000e+00  4.5277649999999996e+00  3.8571900000000001e+00  2.9785699999999999e+00  2.1641599999999999e+00  1.5178100000000001e+00  9.7282000000000002e-01  4.7753400000000001e-01  4.3528799999999999e-03 -4.6780949999999999e-01 -9.6041500000000002e-01 -1.4980599999999999e+00 -2.1196950000000001e+00 -2.9202499999999998e+00 -4.0843699999999998e+00 -5.6265000000000001e+00 -7.3315000000000001e+00 -9.2298500000000008e+00 -1.1459849999999999e+01 -1.4154150000000000e+01 -1.7579400000000000e+01 -2.2059799999999999e+01 -2.7186299999999999e+01 -3.1806000000000001e+01 -3.2955050000000000e+01 -2.3523800000000001e+01  1.4852500000000001e-06  2.3524249999999999e+01  3.2955050000000000e+01  3.1806349999999998e+01  2.7186550000000000e+01  2.2060050000000000e+01  1.7579400000000000e+01  1.4154199999999999e+01  1.1459849999999999e+01  9.2297499999999992e+00  7.3315999999999999e+00  5.6265000000000001e+00  4.0843699999999998e+00  2.9201350000000001e+00  2.1196500000000000e+00  1.4980650000000000e+00  9.6042000000000005e-01  4.6780749999999999e-01 -4.3532299999999996e-03 -4.7753400000000001e-01 -9.7282000000000002e-01 -1.5177499999999999e+00 -2.1640999999999999e+00 -2.9785100000000000e+00 -3.8572500000000001e+00 -4.5277050000000001e+00 -4.7048699999999997e+00 -3.7244600000000001e+00 -1.4246049999999999e-01  7.1364000000000001e+00  1.3581250000000001e+01
   3.0000000000000001e-03 -7.9901999999999997e+00 -3.7068400000000001e+00  8.9881999999999995e-01  3.4951300000000001e+00  4.3030049999999997e+00  4.1453350000000002e+00  3.5485750000000000e+00  2.7940749999999999e+00  2.0662400000000001e+00  1.4379800000000000e+00  8.9063000000000003e-01  3.9139150000000000e-01 -8.5941500000000004e-02 -5.6510000000000005e-01 -1.0705499999999999e+00 -1.6308000000000000e+00 -2.2874300000000001e+00 -3.1134599999999999e+00 -4.2112499999999997e+00 -5.6124499999999999e+00 -7.2587999999999999e+00 -9.1623999999999999e+00 -1.1395899999999999e+01 -1.4041550000000001e+01 -1.7210850000000001e+01 -2.0924499999999998e+01 -2.4699600000000000e+01 -2.7278300000000002e+01 -2.6076899999999998e+01 -1.7135999999999999e+01  1.0065850000000000e-06  1.7135999999999999e+01  2.6076899999999998e+01  2.7278500000000001e+01  2.4699600000000000e+01  2.0924600000000002e+01  1.7210799999999999e+01  1.4041499999999999e+01  1.1395899999999999e+01  9.1623500000000000e+00  7.2587999999999999e+00  5.6124000000000001e+00  4.2111900000000002e+00  3.1134149999999998e+00  2.2873800000000002e+00  1.6307950000000000e+00  1.0705549999999999e+00  5.6510000000000005e-01  8.5941000000000004e-02 -3.9139150000000000e-01 -8.9063000000000003e-01 -1.4379850000000001e+00 -2.0661900000000002e+00 -2.7940200000000002e+00 -3.5485250000000002e+00 -4.1452900000000001e+00 -4.3030350000000004e+00 -3.4951200000000000e+00 -8.9890499999999995e-01  3.7068400000000001e+00  7.9901999999999997e+00
   2.5000000000000001e-03 -4.3806399999999996e+00 -1.2184800000000000e+00  1.9002900000000000e+00  3.7148900000000000e+00  4.2506300000000001e+00  4.0137099999999997e+00  3.4137949999999999e+00  2.6968950000000000e+00  2.0012349999999999e+00  1.3799650000000001e+00  8.2830000000000004e-01  3.2321600000000000e-01 -1.6011000000000000e-01 -6.4671500000000004e-01 -1.1629950000000000e+00 -1.7392250000000000e+00 -2.4153650000000000e+00 -3.2489450000000000e+00 -4.3104149999999999e+00 -5.6425999999999998e+00 -7.2496499999999999e+00 -9.1480999999999995e+00 -1.1376049999999999e+01 -1.3966749999999999e+01 -1.6923449999999999e+01 -2.0100249999999999e+01 -2.2934149999999999e+01 -2.4197199999999999e+01 -2.1821200000000001e+01 -1.3565400000000000e+01  6.5388500000000001e-07  1.3565400000000000e+01  2.1821200000000001e+01  2.4197199999999999e+01  2.2934149999999999e+01  2.0100249999999999e+01  1.6923449999999999e+01  1.3966749999999999e+01  1.1375999999999999e+01  9.1481499999999993e+00  7.2496499999999999e+00  5.6425999999999998e+00  4.3104149999999999e+00  3.2489750000000002e+00  2.4153650000000000e+00  1.7392250000000000e+00  1.1629550000000000e+00  6.4675499999999997e-01  1.6011000000000000e-01 -3.2321600000000000e-01 -8.2830000000000004e-01 -1.3799650000000001e+00 -2.0012750000000001e+00 -2.6969349999999999e+00 -3.4138899999999999e+00 -4.0137099999999997e+00 -4.2506550000000001e+00 -3.7149250000000000e+00 -1.9003250000000000e+00  1.2184950000000001e+00  4.3806300000000000e+00
   2.0000000000000000e-03 -1.9693000000000001e+00  5.6574000000000002e-01  2.8346100000000001e+00  4.1016750000000002e+00  4.3799349999999997e+00  4.0304599999999997e+00  3.3868849999999999e+00  2.6619150000000000e+00  1.9669700000000001e+00  1.3416699999999999e+00  7.8303999999999996e-01  2.7108650000000001e-01 -2.1873899999999999e-01 -7.1238500000000005e-01 -1.2373099999999999e+00 -1.8243900000000000e+00 -2.5114600000000000e+00 -3.3476750000000002e+00 -4.3905900000000004e+00 -5.6892500000000004e+00 -7.2732500000000000e+00 -9.1656499999999994e+00 -1.1385350000000001e+01 -1.3928000000000001e+01 -1.6723400000000002e+01 -1.9525150000000000e+01 -2.1716550000000002e+01 -2.2142499999999998e+01 -1.9166899999999998e+01 -1.1484650000000000e+01  4.2229200000000001e-07  1.1484650000000000e+01  1.9166899999999998e+01  2.2142550000000000e+01  2.1716550000000002e+01  1.9525150000000000e+01  1.6723450000000000e+01  1.3928100000000001e+01  1.1385350000000001e+01  9.1656499999999994e+00  7.2732500000000000e+00  5.6893000000000002e+00  4.3905450000000004e+00  3.3476400000000002e+00  2.5114600000000000e+00  1.8243900000000000e+00  1.2373200000000000e+00  7.1238500000000005e-01  2.1877050000000001e-01 -2.7107100000000001e-01 -7.8303500000000004e-01 -1.3416750000000000e+00 -1.9669350000000001e+00 -2.6619150000000000e+00 -3.3868950000000000e+00 -4.0304599999999997e+00 -4.3799349999999997e+00 -4.1016550000000001e+00 -2.8346100000000001e+00 -5.6574000000000002e-01  1.9692550000000000e+00
   1.5000000000000000e-03 -3.5466150000000002e-01  1.8153999999999999e+00  3.5902150000000002e+00  4.4973900000000002e+00  4.5735400000000004e+00  4.1162000000000001e+00  3.4161899999999998e+00  2.6638750000000000e+00  1.9546699999999999e+00  1.3190800000000000e+00  7.5188999999999995e-01  2.3293800000000001e-01 -2.6297949999999998e-01 -7.6256000000000002e-01 -1.2939900000000000e+00 -1.8882600000000000e+00 -2.5817450000000002e+00 -3.4193549999999999e+00 -4.4538700000000002e+00 -5.7369500000000002e+00 -7.3091499999999998e+00 -9.1973500000000001e+00 -1.1410000000000000e+01 -1.3916150000000000e+01 -1.6596599999999999e+01 -1.9142150000000001e+01 -2.0905049999999999e+01 -2.0805800000000001e+01 -1.7516700000000000e+01 -1.0248100000000001e+01  2.7284349999999999e-07  1.0248100000000001e+01  1.7516900000000000e+01  2.0805800000000001e+01  2.0905049999999999e+01  1.9142199999999999e+01  1.6596599999999999e+01  1.3916200000000000e+01  1.1410000000000000e+01  9.1973500000000001e+00  7.3091499999999998e+00  5.7369500000000002e+00  4.4538700000000002e+00  3.4193699999999998e+00  2.5817250000000000e+00  1.8882450000000000e+00  1.2940149999999999e+00  7.6256000000000002e-01  2.6297900000000002e-01 -2.3293849999999999e-01 -7.5190500000000005e-01 -1.3190550000000001e+00 -1.9546699999999999e+00 -2.6638600000000001e+00 -3.4161950000000001e+00 -4.1162000000000001e+00 -4.5735250000000001e+00 -4.4973749999999999e+00 -3.5902500000000002e+00 -1.8153999999999999e+00  3.5466500000000001e-01
   1.0000000000000000e-03  6.8260500000000002e-01  2.6412450000000001e+00  4.1334049999999998e+00  4.8188300000000002e+00  4.7553799999999997e+00  4.2139100000000003e+00  3.4633500000000002e+00  2.6814249999999999e+00  1.9545399999999999e+00  1.3074100000000000e+00  7.3210500000000001e-01  2.0706849999999999e-01 -2.9372050000000000e-01 -7.9780499999999999e-01 -1.3337600000000001e+00 -1.9325749999999999e+00 -2.6298800000000000e+00 -3.4687649999999999e+00 -4.5000099999999996e+00 -5.7765500000000003e+00 -7.3434499999999998e+00 -9.2296999999999993e+00 -1.1437500000000000e+01 -1.3918799999999999e+01 -1.6523450000000000e+01 -1.8903700000000001e+01 -2.0395199999999999e+01 -1.9977850000000000e+01 -1.6524149999999999e+01 -9.5248000000000008e+00  1.6036750000000001e-07  9.5248000000000008e+00  1.6524149999999999e+01  1.9977850000000000e+01  2.0395299999999999e+01  1.8903700000000001e+01  1.6523499999999999e+01  1.3918850000000001e+01  1.1437500000000000e+01  9.2296999999999993e+00  7.3434499999999998e+00  5.7765500000000003e+00  4.5000349999999996e+00  3.4687649999999999e+00  2.6298800000000000e+00  1.9325600000000001e+00  1.3337600000000001e+00  7.9779999999999995e-01  2.9371999999999998e-01 -2.0706900000000000e-01 -7.3210500000000001e-01 -1.3074100000000000e+00 -1.9545450000000000e+00 -2.6814100000000001e+00 -3.4633650000000000e+00 -4.2139100000000003e+00 -4.7553950000000000e+00 -4.8188300000000002e+00 -4.1333650000000004e+00 -2.6412450000000001e+00 -6.8256499999999998e-01
   5.0000000000000001e-04  1.2641150000000001e+00  3.1121799999999999e+00  4.4581249999999999e+00  5.0240499999999999e+00  4.8801600000000001e+00  4.2863699999999998e+00  3.5019450000000001e+00  2.6985000000000001e+00  1.9581299999999999e+00  1.3023650000000000e+00  7.2128499999999995e-01  1.9217500000000001e-01 -3.1181399999999998e-01 -8.1867500000000004e-01 -1.3573000000000000e+00 -1.9586450000000000e+00 -2.6580300000000001e+00 -3.4978400000000001e+00 -4.5282049999999998e+00 -5.8023999999999996e+00 -7.3673999999999999e+00 -9.2529500000000002e+00 -1.1458100000000000e+01 -1.3925350000000000e+01 -1.6487050000000000e+01 -1.8774500000000000e+01 -2.0115749999999998e+01 -1.9528250000000000e+01 -1.5994350000000001e+01 -9.1458999999999993e+00  7.6362999999999994e-08  9.1458999999999993e+00  1.5994350000000001e+01  1.9528250000000000e+01  2.0115749999999998e+01  1.8774500000000000e+01  1.6487050000000000e+01  1.3925350000000000e+01  1.1458100000000000e+01  9.2529500000000002e+00  7.3673999999999999e+00  5.8023999999999996e+00  4.5282049999999998e+00  3.4978500000000001e+00  2.6580450000000000e+00  1.9586500000000000e+00  1.3573000000000000e+00  8.1867500000000004e-01  3.1181100000000000e-01 -1.9217350000000000e-01 -7.2128999999999999e-01 -1.3023600000000000e+00 -1.9581299999999999e+00 -2.6985000000000001e+00 -3.5019450000000001e+00 -4.2863850000000001e+00 -4.8801699999999997e+00 -5.0240499999999999e+00 -4.4581249999999999e+00 -3.1121799999999999e+00 -1.2640350000000000e+00
   0.0000000000000000e+00  1.4515750000000001e+00  3.2651900000000000e+00  4.5659549999999998e+00  5.0942999999999996e+00  4.9241900000000003e+00  4.3127550000000001e+00  3.5164849999999999e+00  2.7052800000000001e+00  1.9599650000000000e+00  1.3010200000000001e+00  7.1787000000000001e-01  1.8731500000000001e-01 -3.1777699999999998e-01 -8.2558500000000001e-01 -1.3650850000000001e+00 -1.9672499999999999e+00 -2.6673249999999999e+00 -3.5074850000000000e+00 -4.5376799999999999e+00 -5.8113500000000000e+00 -7.3758499999999998e+00 -9.2613000000000003e+00 -1.1465750000000000e+01 -1.3928400000000000e+01 -1.6476099999999999e+01 -1.8733699999999999e+01 -2.0027300000000000e+01 -1.9385600000000000e+01 -1.5827550000000000e+01 -9.0272500000000004e+00  0.0000000000000000e+00  9.0272500000000004e+00  1.5827550000000000e+01  1.9385600000000000e+01  2.0027300000000000e+01  1.8733699999999999e+01  1.6476099999999999e+01  1.3928400000000000e+01  1.1465750000000000e+01  9.2613000000000003e+00  7.3758999999999997e+00  5.8113500000000000e+00  4.5376799999999999e+00  3.5074649999999998e+00  2.6673200000000001e+00  1.9672550000000000e+00  1.3650850000000001e+00  8.2558500000000001e-01  3.1777650000000002e-01 -1.8731550000000000e-01 -7.1787000000000001e-01 -1.3010200000000001e+00 -1.9599599999999999e+00 -2.7052900000000002e+00 -3.5164849999999999e+00 -4.3127649999999997e+00 -4.9241750000000000e+00 -5.0942999999999996e+00 -4.5659749999999999e+00 -3.2651900000000000e+00 -1.4515350000000000e+00
  -5.0000000000000001e-04  1.2641150000000001e+00  3.1121799999999999e+00  4.4581299999999997e+00  5.0240499999999999e+00  4.8801600000000001e+00  4.2863850000000001e+00  3.5019450000000001e+00  2.6985000000000001e+00  1.9581299999999999e+00  1.3023650000000000e+00  7.2128499999999995e-01  1.9217300000000001e-01 -3.1181100000000000e-01 -8.1867500000000004e-01 -1.3573000000000000e+00 -1.9586450000000000e+00 -2.6580300000000001e+00 -3.4978500000000001e+00 -4.5282049999999998e+00 -5.8023499999999997e+00 -7.3673999999999999e+00 -9.2529500000000002e+00 -1.1458100000000000e+01 -1.3925350000000000e+01 -1.6487050000000000e+01 -1.8774500000000000e+01 -2.0115749999999998e+01 -1.9528250000000000e+01 -1.5994350000000001e+01 -9.1458999999999993e+00 -7.9447999999999998e-08  9.1458999999999993e+00  1.5994350000000001e+01  1.9528250000000000e+01  2.0115749999999998e+01  1.8774500000000000e+01  1.6487050000000000e+01  1.3925350000000000e+01  1.1458100000000000e+01  9.2529500000000002e+00  7.3673999999999999e+00  5.8023999999999996e+00  4.5282049999999998e+00  3.4978500000000001e+00  2.6580450000000000e+00  1.9586500000000000e+00  1.3573000000000000e+00  8.1867500000000004e-01  3.1181199999999998e-01 -1.9217550000000000e-01 -7.2128999999999999e-01 -1.3023600000000000e+00 -1.9581299999999999e+00 -2.6985000000000001e+00 -3.5019450000000001e+00 -4.2863850000000001e+00 -4.8801699999999997e+00 -5.0240499999999999e+00 -4.4581299999999997e+00 -3.1121799999999999e+00 -1.2640350000000000e+00
  -1.0000000000000000e-03  6.8260500000000002e-01  2.6412450000000001e+00  4.1334049999999998e+00  4.8188300000000002e+00  4.7553799999999997e+00  4.2139100000000003e+00  3.4633650000000000e+00  2.6814200000000001e+00  1.9545450000000000e+00  1.3074049999999999e+00  7.3210500000000001e-01  2.0706900000000000e-01 -2.9372850000000000e-01 -7.9779000000000000e-01 -1.3337600000000001e+00 -1.9325650000000001e+00 -2.6298750000000002e+00 -3.4687649999999999e+00 -4.5000200000000001e+00 -5.7765500000000003e+00 -7.3434999999999997e+00 -9.2297499999999992e+00 -1.1437500000000000e+01 -1.3918799999999999e+01 -1.6523499999999999e+01 -1.8903700000000001e+01 -2.0395299999999999e+01 -1.9977850000000000e+01 -1.6524149999999999e+01 -9.5248000000000008e+00 -1.7608500000000000e-07  9.5248000000000008e+00  1.6524149999999999e+01  1.9977850000000000e+01  2.0395199999999999e+01  1.8903700000000001e+01  1.6523499999999999e+01  1.3918799999999999e+01  1.1437500000000000e+01  9.2296999999999993e+00  7.3434499999999998e+00  5.7765500000000003e+00  4.5000249999999999e+00  3.4687649999999999e+00  2.6298800000000000e+00  1.9325699999999999e+00  1.3337600000000001e+00  7.9780499999999999e-01  2.9371999999999998e-01 -2.0706900000000000e-01 -7.3210500000000001e-01 -1.3074100000000000e+00 -1.9545450000000000e+00 -2.6814200000000001e+00 -3.4633650000000000e+00 -4.2139100000000003e+00 -4.7553950000000000e+00 -4.8188300000000002e+00 -4.1333650000000004e+00 -2.6412450000000001e+00 -6.8256499999999998e-01
  -1.5000000000000000e-03 -3.5466500000000001e-01  1.8153999999999999e+00  3.5902150000000002e+00  4.4973900000000002e+00  4.5735400000000004e+00  4.1162000000000001e+00  3.4161899999999998e+00  2.6638750000000000e+00  1.9546699999999999e+00  1.3190700000000000e+00  7.5188999999999995e-01  2.3293800000000001e-01 -2.6296750000000002e-01 -7.6256999999999997e-01 -1.2940149999999999e+00 -1.8882500000000000e+00 -2.5817399999999999e+00 -3.4193699999999998e+00 -4.4538700000000002e+00 -5.7370000000000001e+00 -7.3091499999999998e+00 -9.1973500000000001e+00 -1.1410000000000000e+01 -1.3916200000000000e+01 -1.6596599999999999e+01 -1.9142199999999999e+01 -2.0905049999999999e+01 -2.0805800000000001e+01 -1.7516900000000000e+01 -1.0248100000000001e+01 -2.9233049999999999e-07  1.0248100000000001e+01  1.7516700000000000e+01  2.0805800000000001e+01  2.0905049999999999e+01  1.9142150000000001e+01  1.6596599999999999e+01  1.3916150000000000e+01  1.1410000000000000e+01  9.1973500000000001e+00  7.3091499999999998e+00  5.7369500000000002e+00  4.4538700000000002e+00  3.4193699999999998e+00  2.5817250000000000e+00  1.8882450000000000e+00  1.2940149999999999e+00  7.6256999999999997e-01  2.6297900000000002e-01 -2.3293849999999999e-01 -7.5190500000000005e-01 -1.3190700000000000e+00 -1.9546699999999999e+00 -2.6638600000000001e+00 -3.4162050000000002e+00 -4.1162000000000001e+00 -4.5735150000000004e+00 -4.4973749999999999e+00 -3.5902500000000002e+00 -1.8153999999999999e+00  3.5466500000000001e-01
  -2.0000000000000000e-03 -1.9693050000000001e+00  5.6574000000000002e-01  2.8346250000000000e+00  4.1016899999999996e+00  4.3799650000000003e+00  4.0304599999999997e+00  3.3868950000000000e+00  2.6619150000000000e+00  1.9669650000000001e+00  1.3416699999999999e+00  7.8303500000000004e-01  2.7107049999999999e-01 -2.1877099999999999e-01 -7.1238500000000005e-01 -1.2373250000000000e+00 -1.8243600000000000e+00 -2.5114649999999998e+00 -3.3476400000000002e+00 -4.3905599999999998e+00 -5.6893000000000002e+00 -7.2732500000000000e+00 -9.1656499999999994e+00 -1.1385350000000001e+01 -1.3928100000000001e+01 -1.6723450000000000e+01 -1.9525150000000000e+01 -2.1716550000000002e+01 -2.2142550000000000e+01 -1.9166899999999998e+01 -1.1484650000000000e+01 -4.6315550000000001e-07  1.1484650000000000e+01  1.9166950000000000e+01  2.2142499999999998e+01  2.1716550000000002e+01  1.9525150000000000e+01  1.6723400000000002e+01  1.3928000000000001e+01  1.1385350000000001e+01  9.1655999999999995e+00  7.2732500000000000e+00  5.6893000000000002e+00  4.3905849999999997e+00  3.3476400000000002e+00  2.5114600000000000e+00  1.8243900000000000e+00  1.2373250000000000e+00  7.1238500000000005e-01  2.1873850000000000e-01 -2.7107100000000001e-01 -7.8303500000000004e-01 -1.3416750000000000e+00 -1.9669350000000001e+00 -2.6619150000000000e+00 -3.3868849999999999e+00 -4.0304599999999997e+00 -4.3799349999999997e+00 -4.1016550000000001e+00 -2.8346250000000000e+00 -5.6574000000000002e-01  1.9693050000000001e+00
  -2.5000000000000001e-03 -4.3806300000000000e+00 -1.2184800000000000e+00  1.9002900000000000e+00  3.7148900000000000e+00  4.2506849999999998e+00  4.0137099999999997e+00  3.4138050000000000e+00  2.6968950000000000e+00  2.0012349999999999e+00  1.3799650000000001e+00  8.2830000000000004e-01  3.2325650000000000e-01 -1.6011000000000000e-01 -6.4675499999999997e-01 -1.1629550000000000e+00 -1.7392200000000000e+00 -2.4153750000000000e+00 -3.2489450000000000e+00 -4.3104149999999999e+00 -5.6425999999999998e+00 -7.2496499999999999e+00 -9.1481499999999993e+00 -1.1375999999999999e+01 -1.3966749999999999e+01 -1.6923449999999999e+01 -2.0100249999999999e+01 -2.2934149999999999e+01 -2.4197199999999999e+01 -2.1821200000000001e+01 -1.3565400000000000e+01  1.9925800000000001e-04  1.3565400000000000e+01  2.1821200000000001e+01  2.4197199999999999e+01  2.2934149999999999e+01  2.0100249999999999e+01  1.6923449999999999e+01  1.3966749999999999e+01  1.1376049999999999e+01  9.1481499999999993e+00  7.2496499999999999e+00  5.6425999999999998e+00  4.3104149999999999e+00  3.2489750000000002e+00  2.4153650000000000e+00  1.7392250000000000e+00  1.1629950000000000e+00  6.4675499999999997e-01  1.6011000000000000e-01 -3.2321600000000000e-01 -8.2830000000000004e-01 -1.3799650000000001e+00 -2.0012750000000001e+00 -2.6969349999999999e+00 -3.4138899999999999e+00 -4.0137099999999997e+00 -4.2506550000000001e+00 -3.7149250000000000e+00 -1.9003250000000000e+00  1.2184649999999999e+00  4.3806200000000004e+00
  -3.0000000000000001e-03 -7.9902499999999996e+00 -3.7068050000000001e+00  8.9881999999999995e-01  3.4950399999999999e+00  4.3030049999999997e+00  4.1453350000000002e+00  3.5485250000000002e+00  2.7940200000000002e+00  2.0661900000000002e+00  1.4380299999999999e+00  8.9063000000000003e-01  3.9139150000000000e-01 -8.5989999999999997e-02 -5.6510000000000005e-01 -1.0705000000000000e+00 -1.6308000000000000e+00 -2.2873800000000002e+00 -3.1134149999999998e+00 -4.2111999999999998e+00 -5.6124499999999999e+00 -7.2587999999999999e+00 -9.1623500000000000e+00 -1.1395849999999999e+01 -1.4041499999999999e+01 -1.7210850000000001e+01 -2.0924600000000002e+01 -2.4699600000000000e+01 -2.7278500000000001e+01 -2.6076899999999998e+01 -1.7135999999999999e+01 -1.1391250000000001e-06  1.7135999999999999e+01  2.6076899999999998e+01  2.7278500000000001e+01  2.4699600000000000e+01  2.0924550000000000e+01  1.7210850000000001e+01  1.4041499999999999e+01  1.1395949999999999e+01  9.1623500000000000e+00  7.2587999999999999e+00  5.6124000000000001e+00  4.2112499999999997e+00  3.1134050000000002e+00  2.2873800000000002e+00  1.6307950000000000e+00  1.0705499999999999e+00  5.6510000000000005e-01  8.5941000000000004e-02 -3.9139150000000000e-01 -8.9063000000000003e-01 -1.4379850000000001e+00 -2.0662400000000001e+00 -2.7940200000000002e+00 -3.5485250000000002e+00 -4.1452900000000001e+00 -4.3030350000000004e+00 -3.4950749999999999e+00 -8.9890499999999995e-01  3.7068400000000001e+00  7.9901999999999997e+00
  -3.5000000000000001e-03 -1.3581300000000001e+01 -7.1364500000000000e+00  1.4236750000000001e-01  3.7244600000000001e+00  4.7048550000000002e+00  4.5277050000000001e+00  3.8572500000000001e+00  2.9785650000000001e+00  2.1642150000000000e+00  1.5178050000000001e+00  9.7282000000000002e-01  4.7753400000000001e-01  4.3530100000000000e-03 -4.6780850000000002e-01 -9.6041500000000002e-01 -1.4980599999999999e+00 -2.1196500000000000e+00 -2.9201250000000001e+00 -4.0843150000000001e+00 -5.6265499999999999e+00 -7.3315000000000001e+00 -9.2297499999999992e+00 -1.1459849999999999e+01 -1.4154199999999999e+01 -1.7579450000000001e+01 -2.2060050000000000e+01 -2.7186450000000001e+01 -3.1806349999999998e+01 -3.2955050000000000e+01 -2.3524249999999999e+01 -1.7329050000000001e-06  2.3524049999999999e+01  3.2955050000000000e+01  3.1806200000000000e+01  2.7186350000000001e+01  2.2059799999999999e+01  1.7579400000000000e+01  1.4154199999999999e+01  1.1459899999999999e+01  9.2297999999999991e+00  7.3315500000000000e+00  5.6265000000000001e+00  4.0843699999999998e+00  2.9201350000000001e+00  2.1196500000000000e+00  1.4980599999999999e+00  9.6041500000000002e-01  4.6780850000000002e-01 -4.3532299999999996e-03 -4.7753400000000001e-01 -9.7282000000000002e-01 -1.5177499999999999e+00 -2.1640999999999999e+00 -2.9785100000000000e+00 -3.8572500000000001e+00 -4.5277050000000001e+00 -4.7048699999999997e+00 -3.7244600000000001e+00 -1.4246049999999999e-01  7.1363500000000002e+00  1.3581250000000001e+01
  -4.0000000000000001e-03 -2.2850300000000001e+01 -1.1731650000000000e+01  4.3194250000000001e-01  4.8645500000000004e+00  5.6697499999999996e+00  5.2797499999999999e+00  4.4281350000000002e+00  3.2676400000000001e+00  2.2818749999999999e+00  1.6188750000000001e+00  1.0780250000000000e+00  5.8385500000000001e-01  1.1166700000000000e-01 -3.5562549999999998e-01 -8.3467499999999994e-01 -1.3424400000000001e+00 -1.9042450000000000e+00 -2.6279100000000000e+00 -3.9019149999999998e+00 -5.7447999999999997e+00 -7.5107499999999998e+00 -9.3732000000000006e+00 -1.1584899999999999e+01 -1.4294750000000001e+01 -1.7964449999999999e+01 -2.3572800000000001e+01 -3.0588550000000001e+01 -3.8268599999999999e+01 -4.4145249999999997e+01 -3.5667700000000004e+01 -2.6178149999999999e-06  3.5667700000000004e+01  4.4145099999999999e+01  3.8268650000000001e+01  3.0588600000000000e+01  2.3572800000000001e+01  1.7964500000000001e+01  1.4294750000000001e+01  1.1584899999999999e+01  9.3732000000000006e+00  7.5107499999999998e+00  5.7449500000000002e+00  3.9018500000000000e+00  2.6279100000000000e+00  1.9042500000000000e+00  1.3424400000000001e+00  8.3467499999999994e-01  3.5562450000000001e-01 -1.1166700000000000e-01 -5.8392500000000003e-01 -1.0781600000000000e+00 -1.6188700000000000e+00 -2.2818749999999999e+00 -3.2676400000000001e+00 -4.4281249999999996e+00 -5.2797999999999998e+00 -5.6696000000000000e+00 -4.8643799999999997e+00 -4.3198950000000003e-01  1.1731650000000000e+01  2.2850400000000000e+01
  -4.4999999999999997e-03 -4.0059950000000001e+01 -1.6949950000000001e+01  3.6375150000000001e+00  7.5575000000000001e+00  7.4229000000000003e+00  6.5148000000000001e+00  5.3959000000000001e+00  3.6469299999999998e+00  2.3763850000000000e+00  1.7423400000000000e+00  1.2119100000000000e+00  7.1326000000000001e-01  2.3628150000000001e-01 -2.3057449999999999e-01 -6.9803999999999999e-01 -1.1709000000000001e+00 -1.6417649999999999e+00 -2.1624650000000001e+00 -3.5674800000000002e+00 -6.1140999999999996e+00 -7.8472999999999997e+00 -9.6122999999999994e+00 -1.1793350000000000e+01 -1.4454450000000000e+01 -1.8139399999999998e+01 -2.5583600000000001e+01 -3.5085700000000003e+01 -4.7041300000000000e+01 -6.2146000000000001e+01 -6.0890000000000001e+01 -4.9554500000000001e-06  6.0890500000000003e+01  6.2146500000000003e+01  4.7041400000000003e+01  3.5085700000000003e+01  2.5583600000000001e+01  1.8139399999999998e+01  1.4454450000000000e+01  1.1793200000000001e+01  9.6121499999999997e+00  7.8472999999999997e+00  6.1141500000000004e+00  3.5674700000000001e+00  2.1624750000000001e+00  1.6417700000000000e+00  1.1709000000000001e+00  6.9803999999999999e-01  2.3057549999999999e-01 -2.3628199999999999e-01 -7.1333500000000005e-01 -1.2117549999999999e+00 -1.7423450000000000e+00 -2.3763850000000000e+00 -3.6468550000000000e+00 -5.3957499999999996e+00 -6.5148999999999999e+00 -7.4229000000000003e+00 -7.5575000000000001e+00 -3.6375150000000001e+00  1.6949950000000001e+01  4.0059950000000001e+01
  -5.0000000000000001e-03 -7.7864999999999995e+01 -1.5199249999999999e+01  1.3227950000000000e+01  1.2432399999999999e+01  1.0126250000000001e+01  8.2970500000000005e+00  6.9997999999999996e+00  3.9321700000000002e+00  2.3815499999999998e+00  1.9020200000000000e+00  1.3824850000000000e+00  8.6948000000000003e-01  3.7892250000000000e-01 -9.4142000000000003e-02 -5.5567500000000003e-01 -9.9701499999999998e-01 -1.3591750000000000e+00 -1.4519299999999999e+00 -2.6253500000000001e+00 -7.1080500000000004e+00 -8.3650000000000002e+00 -9.9526000000000003e+00 -1.2117649999999999e+01 -1.4689900000000000e+01 -1.7375050000000002e+01 -2.8670900000000000e+01 -4.0744349999999997e+01 -5.7974499999999999e+01 -8.9216999999999999e+01 -1.2233300000000000e+02 -8.7152499999999993e-06  1.2233300000000000e+02  8.9216999999999999e+01  5.7973999999999997e+01  4.0744500000000002e+01  2.8670900000000000e+01  1.7375050000000002e+01  1.4689750000000000e+01  1.2117649999999999e+01  9.9526000000000003e+00  8.3649500000000003e+00  7.1080500000000004e+00  2.6253400000000000e+00  1.4519299999999999e+00  1.3593400000000000e+00  9.9700999999999995e-01  5.5549999999999999e-01  9.4142500000000004e-02 -3.7892250000000000e-01 -8.6948000000000003e-01 -1.3824799999999999e+00 -1.9020200000000000e+00 -2.3815450000000000e+00 -3.9323450000000002e+00 -7.0000000000000000e+00 -8.2970500000000005e+00 -1.0126250000000001e+01 -1.2432499999999999e+01 -1.3227950000000000e+01  1.5199249999999999e+01  7.7864999999999995e+01
# Vertical Kick [micro-rad]
START
                          -2.9999999999999999e-02 -2.9000000000000001e-02 -2.8000000000000001e-02 -2.7000000000000000e-02 -2.5999999999999999e-02 -2.5000000000000001e-02 -2.4000000000000000e-02 -2.3000000000000000e-02 -2.1999999999999999e-02 -2.1000000000000001e-02 -2.0000000000000000e-02 -1.9000000000000000e-02 -1.7999999999999999e-02 -1.7000000000000001e-02 -1.6000000000000000e-02 -1.4999999999999999e-02 -1.4000000000000000e-02 -1.2999999999999999e-02 -1.2000000000000000e-02 -1.0999999999999999e-02 -1.0000000000000000e-02 -8.9999999999999993e-03 -8.0000000000000002e-03 -7.0000000000000001e-03 -6.0000000000000001e-03 -5.0000000000000001e-03 -4.0000000000000001e-03 -3.0000000000000001e-03 -2.0000000000000000e-03 -1.0000000000000000e-03  0.0000000000000000e+00  1.0000000000000000e-03  2.0000000000000000e-03  3.0000000000000001e-03  4.0000000000000001e-03  5.0000000000000001e-03  6.0000000000000001e-03  7.0000000000000001e-03  8.0000000000000002e-03  8.9999999999999993e-03  1.0000000000000000e-02  1.0999999999999999e-02  1.2000000000000000e-02  1.2999999999999999e-02  1.4000000000000000e-02  1.4999999999999999e-02  1.6000000000000000e-02  1.7000000000000001e-02  1.7999999999999999e-02  1.9000000000000000e-02  2.0000000000000000e-02  2.1000000000000001e-02  2.1999999999999999e-02  2.3000000000000000e-02  2.4000000000000000e-02  2.5000000000000001e-02  2.5999999999999999e-02  2.7000000000000000e-02  2.8000000000000001e-02  2.9000000000000001e-02  2.9999999999999999e-02
   5.0000000000000001e-03 -6.9620999999999995e+01 -1.5452549999999999e+02 -1.1420050000000001e+02 -9.5456500000000005e+01 -8.6629999999999995e+01 -8.1572999999999993e+01 -7.7711500000000001e+01 -7.4437500000000000e+01 -7.5120500000000007e+01 -7.4888999999999996e+01 -7.4494000000000000e+01 -7.4126999999999995e+01 -7.3804000000000002e+01 -7.3510999999999996e+01 -7.3227999999999994e+01 -7.2921000000000006e+01 -7.2501499999999993e+01 -7.1572999999999993e+01 -6.8282499999999999e+01 -6.9852000000000004e+01 -7.1777000000000001e+01 -7.2694500000000005e+01 -7.3454499999999996e+01 -7.4248999999999995e+01 -7.3569999999999993e+01 -7.3660499999999999e+01 -8.4322999999999993e+01 -1.0104649999999999e+02 -1.3973550000000000e+02 -2.6322449999999998e+02 -3.5269999999999999e+02 -2.6322449999999998e+02 -1.3973500000000001e+02 -1.0104600000000001e+02 -8.4322999999999993e+01 -7.3660499999999999e+01 -7.3570499999999996e+01 -7.4248999999999995e+01 -7.3454499999999996e+01 -7.2694500000000005e+01 -7.1777000000000001e+01 -6.9851500000000001e+01 -6.8281999999999996e+01 -7.1572999999999993e+01 -7.2501499999999993e+01 -7.2921000000000006e+01 -7.3227999999999994e+01 -7.3510999999999996e+01 -7.3804000000000002e+01 -7.4126999999999995e+01 -7.4494000000000000e+01 -7.4888999999999996e+01 -7.5120000000000005e+01 -7.4437500000000000e+01 -7.7711500000000001e+01 -8.1572999999999993e+01 -8.6629999999999995e+01 -9.5456500000000005e+01 -1.1420050000000001e+02 -1.5452549999999999e+02 -6.9620999999999995e+01
   4.4999999999999997e-03 -5.6066000000000003e+01 -9.2650499999999994e+01 -8.6171999999999997e+01 -7.6602000000000004e+01 -7.0851500000000001e+01 -6.7236999999999995e+01 -6.4525499999999994e+01 -6.2723999999999997e+01 -6.2478000000000002e+01 -6.2270000000000003e+01 -6.1975499999999997e+01 -6.1682499999999997e+01 -6.1407499999999999e+01 -6.1145000000000003e+01 -6.0875999999999998e+01 -6.0566499999999998e+01 -6.0131500000000003e+01 -5.9314999999999998e+01 -5.7944499999999998e+01 -5.8281500000000001e+01 -5.9357500000000002e+01 -6.0051000000000002e+01 -6.0592500000000001e+01 -6.1065500000000000e+01 -6.1081499999999998e+01 -6.2756999999999998e+01 -7.0264499999999998e+01 -8.4539000000000001e+01 -1.1496950000000000e+02 -1.7812799999999999e+02 -2.2013650000000001e+02 -1.7812799999999999e+02 -1.1496950000000000e+02 -8.4539000000000001e+01 -7.0264499999999998e+01 -6.2756999999999998e+01 -6.1081499999999998e+01 -6.1065500000000000e+01 -6.0591999999999999e+01 -6.0050500000000000e+01 -5.9357500000000002e+01 -5.8281500000000001e+01 -5.7944499999999998e+01 -5.9314999999999998e+01 -6.0131000000000000e+01 -6.0566499999999998e+01 -6.0876500000000000e+01 -6.1145000000000003e+01 -6.1407499999999999e+01 -6.1682499999999997e+01 -6.1975499999999997e+01 -6.2270499999999998e+01 -6.2478000000000002e+01 -6.2723999999999997e+01 -6.4525000000000006e+01 -6.7236500000000007e+01 -7.0851500000000001e+01 -7.6602000000000004e+01 -8.6171999999999997e+01 -9.2650499999999994e+01 -5.6066000000000003e+01
   4.0000000000000001e-03 -4.3380049999999997e+01 -6.2893000000000001e+01 -6.5162499999999994e+01 -6.1609499999999997e+01 -5.8475999999999999e+01 -5.6207000000000001e+01 -5.4483499999999999e+01 -5.3372000000000000e+01 -5.2980499999999999e+01 -5.2762999999999998e+01 -5.2530999999999999e+01 -5.2294499999999999e+01 -5.2061999999999998e+01 -5.1828000000000003e+01 -5.1579000000000001e+01 -5.1286499999999997e+01 -5.0890500000000003e+01 -5.0286499999999997e+01 -4.9592950000000002e+01 -4.9610349999999997e+01 -5.0118499999999997e+01 -5.0554000000000002e+01 -5.0899500000000003e+01 -5.1211500000000001e+01 -5.1597499999999997e+01 -5.3430999999999997e+01 -5.8984000000000002e+01 -7.0078999999999994e+01 -9.1348500000000001e+01 -1.2477450000000000e+02 -1.4430449999999999e+02 -1.2477450000000000e+02 -9.1349000000000004e+01 -7.0078999999999994e+01 -5.8983499999999999e+01 -5.3430999999999997e+01 -5.1597499999999997e+01 -5.1211500000000001e+01 -5.0899500000000003e+01 -5.0554000000000002e+01 -5.0118499999999997e+01 -4.9610399999999998e+01 -4.9593000000000004e+01 -5.0286499999999997e+01 -5.0890500000000003e+01 -5.1286499999999997e+01 -5.1579000000000001e+01 -5.1828000000000003e+01 -5.2061999999999998e+01 -5.2294499999999999e+01 -5.2530999999999999e+01 -5.2762999999999998e+01 -5.2980499999999999e+01 -5.3372000000000000e+01 -5.4483499999999999e+01 -5.6207000000000001e+01 -5.8475999999999999e+01 -6.1609499999999997e+01 -6.5162499999999994e+01 -6.2893000000000001e+01 -4.3380049999999997e+01
   3.5000000000000001e-03 -3.3743850000000002e+01 -4.5533149999999999e+01 -4.9485799999999998e+01 -4.9012749999999997e+01 -4.7710650000000001e+01 -4.6512599999999999e+01 -4.5532850000000003e+01 -4.4868350000000000e+01 -4.4544449999999998e+01 -4.4351250000000000e+01 -4.4167999999999999e+01 -4.3978850000000001e+01 -4.3784550000000003e+01 -4.3581699999999998e+01 -4.3359900000000003e+01 -4.3099600000000002e+01 -4.2767699999999998e+01 -4.2335949999999997e+01 -4.1919649999999997e+01 -4.1832500000000003e+01 -4.2028350000000003e+01 -4.2251849999999997e+01 -4.2440950000000001e+01 -4.2647100000000002e+01 -4.3097200000000001e+01 -4.4674550000000004e+01 -4.8786999999999999e+01 -5.6923000000000002e+01 -7.1060000000000002e+01 -8.9596999999999994e+01 -9.9326999999999998e+01 -8.9596999999999994e+01 -7.1060000000000002e+01 -5.6922499999999999e+01 -4.8787050000000001e+01 -4.4674599999999998e+01 -4.3097149999999999e+01 -4.2647100000000002e+01 -4.2440899999999999e+01 -4.2251899999999999e+01 -4.2028350000000003e+01 -4.1832450000000001e+01 -4.1919699999999999e+01 -4.2336050000000000e+01 -4.2767699999999998e+01 -4.3099600000000002e+01 -4.3359900000000003e+01 -4.3581699999999998e+01 -4.3784450000000000e+01 -4.3978850000000001e+01 -4.4167999999999999e+01 -4.4351250000000000e+01 -4.4544449999999998e+01 -4.4868400000000001e+01 -4.5532899999999998e+01 -4.6512599999999999e+01 -4.7710599999999999e+01 -4.9012799999999999e+01 -4.9485799999999998e+01 -4.5533149999999999e+01 -3.3743899999999996e+01
   3.0000000000000001e-03 -2.6291550000000001e+01 -3.3951349999999998e+01 -3.7682299999999998e+01 -3.8523000000000003e+01 -3.8319350000000000e+01 -3.7867199999999997e+01 -3.7408749999999998e+01 -3.7058750000000003e+01 -3.6847749999999998e+01 -3.6702050000000000e+01 -3.6562350000000002e+01 -3.6413800000000002e+01 -3.6255049999999997e+01 -3.6083950000000002e+01 -3.5893999999999998e+01 -3.5673450000000003e+01 -3.5406999999999996e+01 -3.5094949999999997e+01 -3.4810400000000001e+01 -3.4686549999999997e+01 -3.4719000000000001e+01 -3.4795099999999998e+01 -3.4868099999999998e+01 -3.4986049999999999e+01 -3.5362600000000000e+01 -3.6583050000000000e+01 -3.9564050000000002e+01 -4.5309600000000003e+01 -5.4527500000000003e+01 -6.5233999999999995e+01 -7.0428500000000000e+01 -6.5233999999999995e+01 -5.4527500000000003e+01 -4.5309600000000003e+01 -3.9564050000000002e+01 -3.6583100000000002e+01 -3.5362600000000000e+01 -3.4986049999999999e+01 -3.4868150000000000e+01 -3.4795099999999998e+01 -3.4719050000000003e+01 -3.4686549999999997e+01 -3.4810299999999998e+01 -3.5094900000000003e+01 -3.5406999999999996e+01 -3.5673400000000001e+01 -3.5893999999999998e+01 -3.6083900000000000e+01 -3.6255049999999997e+01 -3.6413800000000002e+01 -3.6562350000000002e+01 -3.6702050000000000e+01 -3.6847749999999998e+01 -3.7058750000000003e+01 -3.7408799999999999e+01 -3.7867199999999997e+01 -3.8319400000000002e+01 -3.8523000000000003e+01 -3.7682299999999998e+01 -3.3951349999999998e+01 -2.6291550000000001e+01
   2.5000000000000001e-03 -2.0301549999999999e+01 -2.5476500000000001e+01 -2.8532550000000001e+01 -2.9779650000000000e+01 -3.0133450000000000e+01 -3.0134100000000000e+01 -3.0010549999999999e+01 -2.9873600000000000e+01 -2.9765000000000001e+01 -2.9670700000000000e+01 -2.9570150000000002e+01 -2.9456849999999999e+01 -2.9330850000000002e+01 -2.9191299999999998e+01 -2.9034900000000000e+01 -2.8855550000000001e+01 -2.8647749999999998e+01 -2.8418399999999998e+01 -2.8208500000000001e+01 -2.8077600000000000e+01 -2.8029750000000000e+01 -2.8016249999999999e+01 -2.8011250000000000e+01 -2.8056600000000000e+01 -2.8321000000000002e+01 -2.9200250000000000e+01 -3.1299800000000001e+01 -3.5249150000000000e+01 -4.1215249999999997e+01 -4.7598500000000001e+01 -5.0529000000000003e+01 -4.7598500000000001e+01 -4.1215249999999997e+01 -3.5249150000000000e+01 -3.1299900000000001e+01 -2.9200150000000001e+01 -2.8321000000000002e+01 -2.8056600000000000e+01 -2.8011199999999999e+01 -2.8016249999999999e+01 -2.8029750000000000e+01 -2.8077600000000000e+01 -2.8208500000000001e+01 -2.8418450000000000e+01 -2.8647749999999998e+01 -2.8855550000000001e+01 -2.9034900000000000e+01 -2.9191299999999998e+01 -2.9330800000000000e+01 -2.9456849999999999e+01 -2.9570150000000002e+01 -2.9670700000000000e+01 -2.9764949999999999e+01 -2.9873650000000001e+01 -3.0010549999999999e+01 -3.0134100000000000e+01 -3.0133450000000000e+01 -2.9779650000000000e+01 -2.8532550000000001e+01 -2.5476500000000001e+01 -2.0301549999999999e+01
   2.0000000000000000e-03 -1.5300000000000001e+01 -1.8835000000000001e+01 -2.1170500000000001e+01 -2.2391349999999999e+01 -2.2949500000000000e+01 -2.3174350000000000e+01 -2.3237200000000001e+01 -2.3229150000000001e+01 -2.3194050000000001e+01 -2.3142749999999999e+01 -2.3075199999999999e+01 -2.2992349999999998e+01 -2.2896149999999999e+01 -2.2787099999999999e+01 -2.2664100000000001e+01 -2.2524600000000000e+01 -2.2367450000000002e+01 -2.2199000000000002e+01 -2.2040550000000000e+01 -2.1919499999999999e+01 -2.1840150000000001e+01 -2.1781849999999999e+01 -2.1733049999999999e+01 -2.1727300000000000e+01 -2.1888400000000001e+01 -2.2484200000000001e+01 -2.3914249999999999e+01 -2.6559899999999999e+01 -3.0389199999999999e+01 -3.4266150000000003e+01 -3.5980200000000004e+01 -3.4266150000000003e+01 -3.0389199999999999e+01 -2.6559899999999999e+01 -2.3914249999999999e+01 -2.2484200000000001e+01 -2.1888400000000001e+01 -2.1727300000000000e+01 -2.1733049999999999e+01 -2.1781749999999999e+01 -2.1840100000000000e+01 -2.1919499999999999e+01 -2.2040500000000002e+01 -2.2199000000000002e+01 -2.2367450000000002e+01 -2.2524600000000000e+01 -2.2664100000000001e+01 -2.2787099999999999e+01 -2.2896149999999999e+01 -2.2992400000000000e+01 -2.3075199999999999e+01 -2.3142749999999999e+01 -2.3194050000000001e+01 -2.3229099999999999e+01 -2.3237150000000000e+01 -2.3174299999999999e+01 -2.2949500000000000e+01 -2.2391349999999999e+01 -2.1170500000000001e+01 -1.8835000000000001e+01 -1.5300050000000001e+01
   1.5000000000000000e-03 -1.0970300000000000e+01 -1.3332150000000000e+01 -1.5003200000000000e+01 -1.6001400000000000e+01 -1.6550300000000000e+01 -1.6837399999999999e+01 -1.6974450000000001e+01 -1.7027500000000000e+01 -1.7034199999999998e+01 -1.7012450000000001e+01 -1.6970649999999999e+01 -1.6913599999999999e+01 -1.6844400000000000e+01 -1.6764450000000000e+01 -1.6673800000000000e+01 -1.6571850000000001e+01 -1.6458950000000002e+01 -1.6339200000000002e+01 -1.6223099999999999e+01 -1.6123200000000001e+01 -1.6042400000000001e+01 -1.5972200000000001e+01 -1.5908500000000000e+01 -1.5876500000000000e+01 -1.5961150000000000e+01 -1.6339350000000000e+01 -1.7269100000000002e+01 -1.8975050000000000e+01 -2.1375200000000000e+01 -2.3718100000000000e+01 -2.4728750000000002e+01 -2.3718100000000000e+01 -2.1375200000000000e+01 -1.8975050000000000e+01 -1.7269100000000002e+01 -1.6339350000000000e+01 -1.5961150000000000e+01 -1.5876500000000000e+01 -1.5908600000000000e+01 -1.5972250000000001e+01 -1.6042449999999999e+01 -1.6123200000000001e+01 -1.6223050000000001e+01 -1.6339200000000002e+01 -1.6458950000000002e+01 -1.6571850000000001e+01 -1.6673800000000000e+01 -1.6764450000000000e+01 -1.6844400000000000e+01 -1.6913599999999999e+01 -1.6970649999999999e+01 -1.7012450000000001e+01 -1.7034199999999998e+01 -1.7027500000000000e+01 -1.6974450000000001e+01 -1.6837399999999999e+01 -1.6550350000000002e+01 -1.6001449999999998e+01 -1.5003200000000000e+01 -1.3332150000000000e+01 -1.0970300000000000e+01
   1.0000000000000000e-03 -7.0872000000000002e+00 -8.5419999999999998e+00 -9.6148000000000007e+00 -1.0306200000000000e+01 -1.0724100000000000e+01 -1.0967050000000000e+01 -1.1099449999999999e+01 -1.1162800000000001e+01 -1.1183750000000000e+01 -1.1178100000000001e+01 -1.1154949999999999e+01 -1.1119550000000000e+01 -1.1074949999999999e+01 -1.1022600000000001e+01 -1.0963100000000001e+01 -1.0896500000000000e+01 -1.0823399999999999e+01 -1.0746000000000000e+01 -1.0669150000000000e+01 -1.0598300000000000e+01 -1.0535000000000000e+01 -1.0476100000000001e+01 -1.0420450000000001e+01 -1.0384700000000000e+01 -1.0421849999999999e+01 -1.0640150000000000e+01 -1.1193250000000001e+01 -1.2206450000000000e+01 -1.3607650000000000e+01 -1.4944950000000000e+01 -1.5512650000000001e+01 -1.4944800000000001e+01 -1.3607650000000000e+01 -1.2206450000000000e+01 -1.1193250000000001e+01 -1.0640050000000000e+01 -1.0421849999999999e+01 -1.0384750000000000e+01 -1.0420500000000001e+01 -1.0476100000000001e+01 -1.0535050000000000e+01 -1.0598300000000000e+01 -1.0669150000000000e+01 -1.0746000000000000e+01 -1.0823399999999999e+01 -1.0896500000000000e+01 -1.0963100000000001e+01 -1.1022600000000001e+01 -1.1074949999999999e+01 -1.1119550000000000e+01 -1.1154949999999999e+01 -1.1178100000000001e+01 -1.1183750000000000e+01 -1.1162800000000001e+01 -1.1099449999999999e+01 -1.0967050000000000e+01 -1.0724100000000000e+01 -1.0306200000000000e+01 -9.6148000000000007e+00 -8.5419999999999998e+00 -7.0872000000000002e+00
   5.0000000000000001e-04 -3.4782950000000001e+00 -4.1728550000000002e+00 -4.6965399999999997e+00 -5.0477999999999996e+00 -5.2704500000000003e+00 -5.4063999999999997e+00 -5.4844999999999997e+00 -5.5245499999999996e+00 -5.5400999999999998e+00 -5.5400999999999998e+00 -5.5300500000000001e+00 -5.5131500000000004e+00 -5.4913499999999997e+00 -5.4654999999999996e+00 -5.4360499999999998e+00 -5.4031500000000001e+00 -5.3672000000000004e+00 -5.3291500000000003e+00 -5.2907500000000001e+00 -5.2540500000000003e+00 -5.2196999999999996e+00 -5.1867000000000001e+00 -5.1548499999999997e+00 -5.1323999999999996e+00 -5.1448499999999999e+00 -5.2434000000000003e+00 -5.5004999999999997e+00 -5.9716500000000003e+00 -6.6173500000000001e+00 -7.2260999999999997e+00 -7.4825999999999997e+00 -7.2260999999999997e+00 -6.6173500000000001e+00 -5.9716500000000003e+00 -5.5004999999999997e+00 -5.2434000000000003e+00 -5.1448499999999999e+00 -5.1323999999999996e+00 -5.1548499999999997e+00 -5.1866500000000002e+00 -5.2196999999999996e+00 -5.2540500000000003e+00 -5.2907500000000001e+00 -5.3291500000000003e+00 -5.3672000000000004e+00 -5.4031500000000001e+00 -5.4360499999999998e+00 -5.4654999999999996e+00 -5.4913499999999997e+00 -5.5131500000000004e+00 -5.5300500000000001e+00 -5.5400999999999998e+00 -5.5400999999999998e+00 -5.5245499999999996e+00 -5.4844999999999997e+00 -5.4063999999999997e+00 -5.2704500000000003e+00 -5.0478500000000004e+00 -4.6965399999999997e+00 -4.1728350000000001e+00 -3.4782950000000001e+00
   0.0000000000000000e+00 -2.0754099999999999e-07 -2.6281550000000000e-07 -2.7998600000000000e-07 -2.6327549999999999e-07 -3.2591749999999998e-07 -1.9283499999999999e-07 -1.9650800000000000e-07 -9.9156500000000005e-08 -9.9529500000000005e-08  4.9823350000000001e-08  1.4935900000000001e-07  1.9883199999999999e-07  2.9756700000000001e-07  2.9677150000000002e-07  4.4374900000000001e-07  4.4216599999999999e-07  5.3822500000000004e-07  6.3346500000000004e-07  6.3054500000000001e-07  6.2725000000000001e-07  6.7080000000000000e-07  6.1643000000000002e-07  4.6665950000000001e-07  4.0933500000000001e-07  2.1841400000000001e-07  4.0807600000000002e-08 -7.3843499999999995e-08 -1.7007950000000001e-07 -2.0709699999999999e-07 -1.3507799999999999e-07  0.0000000000000000e+00  1.4106749999999999e-07  2.2579650000000001e-07  2.1636350000000000e-07  2.3993950000000000e-07  4.1108900000000002e-08 -4.3632600000000003e-08 -1.3642349999999999e-07 -1.3994900000000000e-07 -2.3705800000000000e-07 -1.4373000000000000e-07 -2.4125700000000000e-07 -2.4249250000000001e-07 -1.9459549999999999e-07  7.9712999999999994e-06 -1.4740300000000001e-07 -1.4793850000000000e-07 -1.4840049999999999e-07 -9.9226000000000005e-08 -4.9737600000000003e-08 -4.9817000000000002e-08 -9.9663999999999998e-08 -4.9806950000000001e-08  0.0000000000000000e+00 -4.9172800000000002e-08 -4.8270700000000000e-08 -4.6615950000000003e-08 -8.7836499999999994e-08 -8.0047000000000002e-08 -5.2590999999999998e-08 -7.3633499999999996e-08
  -5.0000000000000001e-04  3.4782950000000001e+00  4.1728550000000002e+00  4.6965399999999997e+00  5.0477999999999996e+00  5.2704500000000003e+00  5.4063999999999997e+00  5.4844999999999997e+00  5.5245499999999996e+00  5.5400999999999998e+00  5.5400999999999998e+00  5.5300500000000001e+00  5.5131500000000004e+00  5.4913499999999997e+00  5.4654999999999996e+00  5.4360499999999998e+00  5.4031500000000001e+00  5.3672000000000004e+00  5.3291500000000003e+00  5.2907500000000001e+00  5.2540500000000003e+00  5.2196999999999996e+00  5.1866500000000002e+00  5.1548499999999997e+00  5.1323999999999996e+00  5.1448499999999999e+00  5.2434000000000003e+00  5.5004999999999997e+00  5.9716500000000003e+00  6.6173500000000001e+00  7.2260999999999997e+00  7.4825999999999997e+00  7.2260999999999997e+00  6.6173500000000001e+00  5.9716500000000003e+00  5.5004999999999997e+00  5.2434000000000003e+00  5.1448499999999999e+00  5.1323999999999996e+00  5.1548499999999997e+00  5.1866500000000002e+00  5.2196999999999996e+00  5.2540500000000003e+00  5.2907500000000001e+00  5.3291500000000003e+00  5.3672000000000004e+00  5.4031500000000001e+00  5.4360499999999998e+00  5.4654999999999996e+00  5.4913499999999997e+00  5.5131500000000004e+00  5.5300500000000001e+00  5.5400999999999998e+00  5.5400999999999998e+00  5.5245499999999996e+00  5.4844999999999997e+00  5.4063999999999997e+00  5.2704500000000003e+00  5.0477999999999996e+00  4.6965399999999997e+00  4.1728350000000001e+00  3.4782999999999999e+00
  -1.0000000000000000e-03  7.0872000000000002e+00  8.5419999999999998e+00  9.6147500000000008e+00  1.0306200000000000e+01  1.0724100000000000e+01  1.0967050000000000e+01  1.1099449999999999e+01  1.1162800000000001e+01  1.1183750000000000e+01  1.1178100000000001e+01  1.1154949999999999e+01  1.1119550000000000e+01  1.1074949999999999e+01  1.1022600000000001e+01  1.0963100000000001e+01  1.0896450000000000e+01  1.0823350000000000e+01  1.0746000000000000e+01  1.0669150000000000e+01  1.0598300000000000e+01  1.0535050000000000e+01  1.0476100000000001e+01  1.0420450000000001e+01  1.0384700000000000e+01  1.0421849999999999e+01  1.0640050000000000e+01  1.1193250000000001e+01  1.2206450000000000e+01  1.3607650000000000e+01  1.4944800000000001e+01  1.5512650000000001e+01  1.4944950000000000e+01  1.3607650000000000e+01  1.2206450000000000e+01  1.1193250000000001e+01  1.0640100000000000e+01  1.0421849999999999e+01  1.0384700000000000e+01  1.0420450000000001e+01  1.0476100000000001e+01  1.0535050000000000e+01  1.0598300000000000e+01  1.0669150000000000e+01  1.0746000000000000e+01  1.0823399999999999e+01  1.0896500000000000e+01  1.0963100000000001e+01  1.1022600000000001e+01  1.1074949999999999e+01  1.1119550000000000e+01  1.1154949999999999e+01  1.1178100000000001e+01  1.1183750000000000e+01  1.1162800000000001e+01  1.1099449999999999e+01  1.0967050000000000e+01  1.0724100000000000e+01  1.0306200000000000e+01  9.6147500000000008e+00  8.5419999999999998e+00  7.0872000000000002e+00
  -1.5000000000000000e-03  1.0970300000000000e+01  1.3332150000000000e+01  1.5003150000000000e+01  1.6001449999999998e+01  1.6550300000000000e+01  1.6837399999999999e+01  1.6974450000000001e+01  1.7027500000000000e+01  1.7034199999999998e+01  1.7012450000000001e+01  1.6970649999999999e+01  1.6913599999999999e+01  1.6844400000000000e+01  1.6764450000000000e+01  1.6673800000000000e+01  1.6571850000000001e+01  1.6458950000000002e+01  1.6339200000000002e+01  1.6223050000000001e+01  1.6123200000000001e+01  1.6042400000000001e+01  1.5972250000000001e+01  1.5908550000000000e+01  1.5876500000000000e+01  1.5961150000000000e+01  1.6339350000000000e+01  1.7269100000000002e+01  1.8975050000000000e+01  2.1375200000000000e+01  2.3718100000000000e+01  2.4728750000000002e+01  2.3718100000000000e+01  2.1375200000000000e+01  1.8975050000000000e+01  1.7269100000000002e+01  1.6339350000000000e+01  1.5961150000000000e+01  1.5876500000000000e+01  1.5908500000000000e+01  1.5972250000000001e+01  1.6042449999999999e+01  1.6123200000000001e+01  1.6223050000000001e+01  1.6339200000000002e+01  1.6458950000000002e+01  1.6571850000000001e+01  1.6673800000000000e+01  1.6764450000000000e+01  1.6844400000000000e+01  1.6913599999999999e+01  1.6970649999999999e+01  1.7012450000000001e+01  1.7034199999999998e+01  1.7027500000000000e+01  1.6974450000000001e+01  1.6837399999999999e+01  1.6550300000000000e+01  1.6001449999999998e+01  1.5003200000000000e+01  1.3332150000000000e+01  1.0970300000000000e+01
  -2.0000000000000000e-03  1.5300050000000001e+01  1.8835000000000001e+01  2.1170500000000001e+01  2.2391349999999999e+01  2.2949449999999999e+01  2.3174299999999999e+01  2.3237200000000001e+01  2.3229150000000001e+01  2.3194050000000001e+01  2.3142700000000001e+01  2.3075199999999999e+01  2.2992400000000000e+01  2.2896200000000000e+01  2.2787099999999999e+01  2.2664100000000001e+01  2.2524600000000000e+01  2.2367450000000002e+01  2.2199000000000002e+01  2.2040500000000002e+01  2.1919499999999999e+01  2.1840100000000000e+01  2.1781749999999999e+01  2.1733049999999999e+01  2.1727300000000000e+01  2.1888400000000001e+01  2.2484200000000001e+01  2.3914249999999999e+01  2.6559899999999999e+01  3.0389199999999999e+01  3.4266150000000003e+01  3.5980200000000004e+01  3.4266150000000003e+01  3.0389199999999999e+01  2.6559899999999999e+01  2.3914249999999999e+01  2.2484200000000001e+01  2.1888400000000001e+01  2.1727300000000000e+01  2.1733049999999999e+01  2.1781800000000000e+01  2.1840150000000001e+01  2.1919450000000001e+01  2.2040550000000000e+01  2.2199000000000002e+01  2.2367500000000000e+01  2.2524600000000000e+01  2.2664100000000001e+01  2.2787099999999999e+01  2.2896149999999999e+01  2.2992400000000000e+01  2.3075199999999999e+01  2.3142749999999999e+01  2.3194050000000001e+01  2.3229099999999999e+01  2.3237150000000000e+01  2.3174299999999999e+01  2.2949500000000000e+01  2.2391349999999999e+01  2.1170500000000001e+01  1.8835000000000001e+01  1.5300050000000001e+01
  -2.5000000000000001e-03  2.0301549999999999e+01  2.5476500000000001e+01  2.8532499999999999e+01  2.9779650000000000e+01  3.0133450000000000e+01  3.0134100000000000e+01  3.0010600000000000e+01  2.9873600000000000e+01  2.9765049999999999e+01  2.9670750000000002e+01  2.9570150000000002e+01  2.9456849999999999e+01  2.9330800000000000e+01  2.9191299999999998e+01  2.9034900000000000e+01  2.8855550000000001e+01  2.8647749999999998e+01  2.8418450000000000e+01  2.8208500000000001e+01  2.8077549999999999e+01  2.8029750000000000e+01  2.8016249999999999e+01  2.8011299999999999e+01  2.8056600000000000e+01  2.8321000000000002e+01  2.9200150000000001e+01  3.1299900000000001e+01  3.5249150000000000e+01  4.1215249999999997e+01  4.7598500000000001e+01  5.0529000000000003e+01  4.7598500000000001e+01  4.1215249999999997e+01  3.5249150000000000e+01  3.1299800000000001e+01  2.9200250000000000e+01  2.8321050000000000e+01  2.8056600000000000e+01  2.8011250000000000e+01  2.8016300000000001e+01  2.8029750000000000e+01  2.8077600000000000e+01  2.8208500000000001e+01  2.8418450000000000e+01  2.8647749999999998e+01  2.8855550000000001e+01  2.9034900000000000e+01  2.9191299999999998e+01  2.9330850000000002e+01  2.9456849999999999e+01  2.9570150000000002e+01  2.9670700000000000e+01  2.9764949999999999e+01  2.9873650000000001e+01  3.0010549999999999e+01  3.0134100000000000e+01  3.0133450000000000e+01  2.9779650000000000e+01  2.8532499999999999e+01  2.5476500000000001e+01  2.0301549999999999e+01
  -3.0000000000000001e-03  2.6291550000000001e+01  3.3951349999999998e+01  3.7682299999999998e+01  3.8523000000000003e+01  3.8319350000000000e+01  3.7867199999999997e+01  3.7408799999999999e+01  3.7058750000000003e+01  3.6847700000000003e+01  3.6702100000000002e+01  3.6562350000000002e+01  3.6413800000000002e+01  3.6255049999999997e+01  3.6083900000000000e+01  3.5893999999999998e+01  3.5673400000000001e+01  3.5406999999999996e+01  3.5094900000000003e+01  3.4810350000000000e+01  3.4686549999999997e+01  3.4719050000000003e+01  3.4795099999999998e+01  3.4868150000000000e+01  3.4986049999999999e+01  3.5362749999999998e+01  3.6583100000000002e+01  3.9564050000000002e+01  4.5309600000000003e+01  5.4527500000000003e+01  6.5233999999999995e+01  7.0428500000000000e+01  6.5233999999999995e+01  5.4527500000000003e+01  4.5309600000000003e+01  3.9564050000000002e+01  3.6582999999999998e+01  3.5362600000000000e+01  3.4986049999999999e+01  3.4868150000000000e+01  3.4795099999999998e+01  3.4719050000000003e+01  3.4686500000000002e+01  3.4810299999999998e+01  3.5094900000000003e+01  3.5407049999999998e+01  3.5673400000000001e+01  3.5893999999999998e+01  3.6083950000000002e+01  3.6255049999999997e+01  3.6413800000000002e+01  3.6562350000000002e+01  3.6702050000000000e+01  3.6847749999999998e+01  3.7058750000000003e+01  3.7408749999999998e+01  3.7867199999999997e+01  3.8319400000000002e+01  3.8523000000000003e+01  3.7682299999999998e+01  3.3951349999999998e+01  2.6291550000000001e+01
  -3.5000000000000001e-03  3.3743899999999996e+01  4.5533149999999999e+01  4.9485849999999999e+01  4.9012749999999997e+01  4.7710599999999999e+01  4.6512599999999999e+01  4.5532850000000003e+01  4.4868350000000000e+01  4.4544449999999998e+01  4.4351250000000000e+01  4.4167999999999999e+01  4.3978850000000001e+01  4.3784399999999998e+01  4.3581650000000003e+01  4.3359900000000003e+01  4.3099600000000002e+01  4.2767699999999998e+01  4.2335949999999997e+01  4.1919649999999997e+01  4.1832450000000001e+01  4.2028350000000003e+01  4.2251849999999997e+01  4.2440899999999999e+01  4.2647150000000003e+01  4.3097200000000001e+01  4.4674599999999998e+01  4.8787050000000001e+01  5.6922499999999999e+01  7.1060000000000002e+01  8.9596999999999994e+01  9.9326999999999998e+01  8.9596999999999994e+01  7.1060000000000002e+01  5.6923000000000002e+01  4.8787050000000001e+01  4.4674550000000004e+01  4.3097200000000001e+01  4.2647100000000002e+01  4.2440950000000001e+01  4.2251849999999997e+01  4.2028300000000002e+01  4.1832500000000003e+01  4.1919649999999997e+01  4.2336050000000000e+01  4.2767699999999998e+01  4.3099600000000002e+01  4.3359850000000002e+01  4.3581650000000003e+01  4.3784450000000000e+01  4.3978850000000001e+01  4.4167999999999999e+01  4.4351250000000000e+01  4.4544449999999998e+01  4.4868400000000001e+01  4.5532899999999998e+01  4.6512599999999999e+01  4.7710599999999999e+01  4.9012799999999999e+01  4.9485849999999999e+01  4.5533149999999999e+01  3.3743850000000002e+01
  -4.0000000000000001e-03  4.3380049999999997e+01  6.2893000000000001e+01  6.5162499999999994e+01  6.1609499999999997e+01  5.8475999999999999e+01  5.6206499999999998e+01  5.4483499999999999e+01  5.3372000000000000e+01  5.2980499999999999e+01  5.2762999999999998e+01  5.2530999999999999e+01  5.2294499999999999e+01  5.2061500000000002e+01  5.1828000000000003e+01  5.1579000000000001e+01  5.1286499999999997e+01  5.0890500000000003e+01  5.0286499999999997e+01  4.9592950000000002e+01  4.9610399999999998e+01  5.0118499999999997e+01  5.0554000000000002e+01  5.0899500000000003e+01  5.1211500000000001e+01  5.1597499999999997e+01  5.3430999999999997e+01  5.8983499999999999e+01  7.0078999999999994e+01  9.1349000000000004e+01  1.2477450000000000e+02  1.4430449999999999e+02  1.2477450000000000e+02  9.1348500000000001e+01  7.0078500000000005e+01  5.8983499999999999e+01  5.3430999999999997e+01  5.1597499999999997e+01  5.1211500000000001e+01  5.0899500000000003e+01  5.0554000000000002e+01  5.0118499999999997e+01  4.9610399999999998e+01  4.9592950000000002e+01  5.0286499999999997e+01  5.0890500000000003e+01  5.1286499999999997e+01  5.1579000000000001e+01  5.1828000000000003e+01  5.2061500000000002e+01  5.2294499999999999e+01  5.2530999999999999e+01  5.2762999999999998e+01  5.2980499999999999e+01  5.3372000000000000e+01  5.4483499999999999e+01  5.6207000000000001e+01  5.8475999999999999e+01  6.1609499999999997e+01  6.5162499999999994e+01  6.2893000000000001e+01  4.3380049999999997e+01
  -4.4999999999999997e-03  5.6066000000000003e+01  9.2650499999999994e+01  8.6171999999999997e+01  7.6602000000000004e+01  7.0851500000000001e+01  6.7236999999999995e+01  6.4525499999999994e+01  6.2723999999999997e+01  6.2478000000000002e+01  6.2270499999999998e+01  6.1975499999999997e+01  6.1682499999999997e+01  6.1407499999999999e+01  6.1145000000000003e+01  6.0876500000000000e+01  6.0567000000000000e+01  6.0131000000000000e+01  5.9314999999999998e+01  5.7944499999999998e+01  5.8281500000000001e+01  5.9357500000000002e+01  6.0051000000000002e+01  6.0592500000000001e+01  6.1065500000000000e+01  6.1081499999999998e+01  6.2756999999999998e+01  7.0264499999999998e+01  8.4539000000000001e+01  1.1496950000000000e+02  1.7812799999999999e+02  2.2013650000000001e+02  1.7812799999999999e+02  1.1496950000000000e+02  8.4539000000000001e+01  7.0264499999999998e+01  6.2756999999999998e+01  6.1081499999999998e+01  6.1065500000000000e+01  6.0592500000000001e+01  6.0050500000000000e+01  5.9357500000000002e+01  5.8281500000000001e+01  5.7944499999999998e+01  5.9314999999999998e+01  6.0131000000000000e+01  6.0566499999999998e+01  6.0876500000000000e+01  6.1145000000000003e+01  6.1407499999999999e+01  6.1682499999999997e+01  6.1975499999999997e+01  6.2270499999999998e+01  6.2478000000000002e+01  6.2723999999999997e+01  6.4525000000000006e+01  6.7236500000000007e+01  7.0851500000000001e+01  7.6602000000000004e+01  8.6171999999999997e+01  9.2650499999999994e+01  5.6066000000000003e+01
  -5.0000000000000001e-03  6.9621499999999997e+01  1.5452549999999999e+02  1.1420050000000001e+02  9.5456500000000005e+01  8.6629999999999995e+01  8.1572999999999993e+01  7.7711500000000001e+01  7.4437500000000000e+01  7.5120000000000005e+01  7.4888999999999996e+01  7.4494000000000000e+01  7.4126999999999995e+01  7.3804000000000002e+01  7.3510999999999996e+01  7.3227999999999994e+01  7.2921000000000006e+01  7.2501499999999993e+01  7.1572999999999993e+01  6.8281999999999996e+01  6.9851500000000001e+01  7.1777000000000001e+01  7.2694500000000005e+01  7.3454999999999998e+01  7.4248999999999995e+01  7.3570499999999996e+01  7.3660499999999999e+01  8.4322999999999993e+01  1.0104649999999999e+02  1.3973500000000001e+02  2.6322449999999998e+02  3.5269999999999999e+02  2.6322449999999998e+02  1.3973500000000001e+02  1.0104649999999999e+02  8.4322999999999993e+01  7.3660499999999999e+01  7.3570499999999996e+01  7.4248999999999995e+01  7.3454499999999996e+01  7.2694500000000005e+01  7.1777000000000001e+01  6.9851500000000001e+01  6.8281999999999996e+01  7.1572999999999993e+01  7.2501499999999993e+01  7.2921000000000006e+01  7.3227999999999994e+01  7.3510999999999996e+01  7.3804000000000002e+01  7.4126999999999995e+01  7.4494000000000000e+01  7.4888999999999996e+01  7.5120000000000005e+01  7.4437500000000000e+01  7.7711500000000001e+01  8.1572999999999993e+01  8.6629999999999995e+01  9.5456000000000003e+01  1.1420050000000001e+02  1.5452549999999999e+02  6.9620999999999995e+01
# Longitudinally Integrated Squared Transverse Magnetic Field [T2m]
START
                          -2.9999999999999999e-02 -2.9000000000000001e-02 -2.8000000000000001e-02 -2.7000000000000000e-02 -2.5999999999999999e-02 -2.5000000000000001e-02 -2.4000000000000000e-02 -2.3000000000000000e-02 -2.1999999999999999e-02 -2.1000000000000001e-02 -2.0000000000000000e-02 -1.9000000000000000e-02 -1.7999999999999999e-02 -1.7000000000000001e-02 -1.6000000000000000e-02 -1.4999999999999999e-02 -1.4000000000000000e-02 -1.2999999999999999e-02 -1.2000000000000000e-02 -1.0999999999999999e-02 -1.0000000000000000e-02 -8.9999999999999993e-03 -8.0000000000000002e-03 -7.0000000000000001e-03 -6.0000000000000001e-03 -5.0000000000000001e-03 -4.0000000000000001e-03 -3.0000000000000001e-03 -2.0000000000000000e-03 -1.0000000000000000e-03  0.0000000000000000e+00  1.0000000000000000e-03  2.0000000000000000e-03  3.0000000000000001e-03  4.0000000000000001e-03  5.0000000000000001e-03  6.0000000000000001e-03  7.0000000000000001e-03  8.0000000000000002e-03  8.9999999999999993e-03  1.0000000000000000e-02  1.0999999999999999e-02  1.2000000000000000e-02  1.2999999999999999e-02  1.4000000000000000e-02  1.4999999999999999e-02  1.6000000000000000e-02  1.7000000000000001e-02  1.7999999999999999e-02  1.9000000000000000e-02  2.0000000000000000e-02  2.1000000000000001e-02  2.1999999999999999e-02  2.3000000000000000e-02  2.4000000000000000e-02  2.5000000000000001e-02  2.5999999999999999e-02  2.7000000000000000e-02  2.8000000000000001e-02  2.9000000000000001e-02  2.9999999999999999e-02
   5.0000000000000001e-03  5.2003999999999995e-01  7.1521999999999997e-01  6.9706000000000001e-01  6.5349999999999997e-01  6.1655499999999996e-01  5.8655000000000002e-01  5.6159499999999996e-01  5.4269500000000004e-01  5.3331499999999998e-01  5.2629999999999999e-01  5.2092499999999997e-01  5.1724999999999999e-01  5.1521499999999998e-01  5.1475499999999996e-01  5.1581999999999995e-01  5.1836499999999996e-01  5.2225500000000002e-01  5.2695999999999998e-01  5.3230500000000003e-01  5.4957999999999996e-01  5.7494500000000004e-01  6.0472000000000004e-01  6.4065000000000005e-01  6.8443500000000002e-01  7.3665000000000003e-01  8.0881499999999995e-01  9.2240000000000000e-01  1.0814400000000000e+00  1.3173450000000000e+00  1.6786600000000000e+00  1.8940600000000001e+00  1.6786600000000000e+00  1.3173450000000000e+00  1.0814400000000000e+00  9.2240000000000000e-01  8.0881499999999995e-01  7.3665000000000003e-01  6.8443500000000002e-01  6.4065000000000005e-01  6.0472000000000004e-01  5.7494500000000004e-01  5.4957999999999996e-01  5.3230500000000003e-01  5.2695999999999998e-01  5.2225500000000002e-01  5.1836499999999996e-01  5.1581999999999995e-01  5.1475499999999996e-01  5.1521499999999998e-01  5.1724999999999999e-01  5.2092499999999997e-01  5.2629999999999999e-01  5.3331499999999998e-01  5.4269500000000004e-01  5.6159499999999996e-01  5.8655000000000002e-01  6.1655499999999996e-01  6.5349999999999997e-01  6.9706000000000001e-01  7.1521999999999997e-01  5.2003999999999995e-01
   4.4999999999999997e-03  4.1606700000000002e-01  5.1991500000000002e-01  5.3432500000000005e-01  5.1373000000000002e-01  4.8873499999999998e-01  4.6583900000000000e-01  4.4625799999999999e-01  4.3129899999999999e-01  4.2176399999999997e-01  4.1509000000000001e-01  4.1027150000000001e-01  4.0713149999999998e-01  4.0558300000000003e-01  4.0557399999999999e-01  4.0708850000000002e-01  4.1014050000000002e-01  4.1473800000000000e-01  4.2090250000000001e-01  4.2975600000000003e-01  4.4571949999999999e-01  4.6865699999999999e-01  4.9709900000000001e-01  5.3195999999999999e-01  5.7472999999999996e-01  6.2746000000000002e-01  6.9779500000000005e-01  7.9673499999999997e-01  9.3008999999999997e-01  1.1085799999999999e+00  1.3222600000000000e+00  1.4339450000000000e+00  1.3222600000000000e+00  1.1085799999999999e+00  9.3008999999999997e-01  7.9673499999999997e-01  6.9779500000000005e-01  6.2746000000000002e-01  5.7472999999999996e-01  5.3195999999999999e-01  4.9709900000000001e-01  4.6865699999999999e-01  4.4571949999999999e-01  4.2975600000000003e-01  4.2090250000000001e-01  4.1473800000000000e-01  4.1014050000000002e-01  4.0708850000000002e-01  4.0557399999999999e-01  4.0558300000000003e-01  4.0713149999999998e-01  4.1027150000000001e-01  4.1509000000000001e-01  4.2176399999999997e-01  4.3129899999999999e-01  4.4625799999999999e-01  4.6583900000000000e-01  4.8873499999999998e-01  5.1373000000000002e-01  5.3432500000000005e-01  5.1991500000000002e-01  4.1606700000000002e-01
   4.0000000000000001e-03  3.3510899999999999e-01  3.9525300000000002e-01  4.1142250000000002e-01  4.0112650000000000e-01  3.8332749999999999e-01  3.6522949999999998e-01  3.4924600000000000e-01  3.3661849999999999e-01  3.2765949999999999e-01  3.2133899999999999e-01  3.1694800000000001e-01  3.1423950000000000e-01  3.1310549999999998e-01  3.1350200000000000e-01  3.1544100000000003e-01  3.1898700000000002e-01  3.2426899999999997e-01  3.3159200000000000e-01  3.4203749999999999e-01  3.5776300000000000e-01  3.7944899999999998e-01  4.0696749999999998e-01  4.4110100000000002e-01  4.8323100000000002e-01  5.3555500000000000e-01  6.0289000000000004e-01  6.9120999999999999e-01  8.0371999999999999e-01  9.3996999999999997e-01  1.0775100000000000e+00  1.1415350000000000e+00  1.0775100000000000e+00  9.3996999999999997e-01  8.0371999999999999e-01  6.9120999999999999e-01  6.0289000000000004e-01  5.3555500000000000e-01  4.8323100000000002e-01  4.4110100000000002e-01  4.0696749999999998e-01  3.7944899999999998e-01  3.5776300000000000e-01  3.4203749999999999e-01  3.3159200000000000e-01  3.2426899999999997e-01  3.1898700000000002e-01  3.1544100000000003e-01  3.1350200000000000e-01  3.1310549999999998e-01  3.1423950000000000e-01  3.1694800000000001e-01  3.2133899999999999e-01  3.2765949999999999e-01  3.3661849999999999e-01  3.4924600000000000e-01  3.6522949999999998e-01  3.8332749999999999e-01  4.0112650000000000e-01  4.1142250000000002e-01  3.9525300000000002e-01  3.3510899999999999e-01
   3.5000000000000001e-03  2.7241599999999999e-01  3.0773499999999998e-01  3.1835449999999998e-01  3.1104250000000000e-01  2.9677550000000003e-01  2.8147800000000001e-01  2.6767600000000003e-01  2.5647999999999999e-01  2.4812149999999999e-01  2.4214250000000001e-01  2.3809100000000000e-01  2.3572950000000001e-01  2.3494399999999999e-01  2.3569750000000000e-01  2.3802150000000000e-01  2.4202000000000001e-01  2.4789749999999999e-01  2.5605800000000001e-01  2.6737650000000002e-01  2.8317199999999998e-01  3.0430849999999998e-01  3.3129399999999998e-01  3.6499100000000001e-01  4.0669200000000000e-01  4.5828900000000000e-01  5.2278500000000006e-01  6.0321999999999998e-01  7.0003000000000004e-01  8.0761000000000005e-01  9.0403999999999995e-01  9.4526500000000002e-01  9.0403999999999995e-01  8.0761000000000005e-01  7.0003000000000004e-01  6.0321999999999998e-01  5.2278500000000006e-01  4.5828900000000000e-01  4.0669200000000000e-01  3.6499100000000001e-01  3.3129399999999998e-01  3.0430849999999998e-01  2.8317199999999998e-01  2.6737650000000002e-01  2.5605800000000001e-01  2.4789749999999999e-01  2.4202000000000001e-01  2.3802150000000000e-01  2.3569750000000000e-01  2.3494399999999999e-01  2.3572950000000001e-01  2.3809100000000000e-01  2.4214250000000001e-01  2.4812149999999999e-01  2.5647999999999999e-01  2.6767600000000003e-01  2.8147749999999999e-01  2.9677550000000003e-01  3.1104250000000000e-01  3.1835449999999998e-01  3.0773499999999998e-01  2.7241599999999999e-01
   3.0000000000000001e-03  2.2360150000000001e-01  2.4335300000000001e-01  2.4757250000000000e-01  2.3979149999999999e-01  2.2667499999999999e-01  2.1268850000000000e-01  2.0003750000000001e-01  1.8965750000000001e-01  1.8173900000000001e-01  1.7603949999999999e-01  1.7225199999999999e-01  1.7016550000000000e-01  1.6966850000000000e-01  1.7072750000000000e-01  1.7338799999999999e-01  1.7777999999999999e-01  1.8414500000000000e-01  1.9290550000000001e-01  2.0478350000000001e-01  2.2075600000000001e-01  2.4171950000000000e-01  2.6846650000000000e-01  3.0195050000000001e-01  3.4338200000000002e-01  3.9428099999999999e-01  4.5647100000000002e-01  5.3112999999999999e-01  6.1665499999999995e-01  7.0540499999999995e-01  7.7861000000000002e-01  8.0811500000000003e-01  7.7861000000000002e-01  7.0540499999999995e-01  6.1665499999999995e-01  5.3112999999999999e-01  4.5647100000000002e-01  3.9428099999999999e-01  3.4338200000000002e-01  3.0195100000000002e-01  2.6846650000000000e-01  2.4171950000000000e-01  2.2075600000000001e-01  2.0478350000000001e-01  1.9290599999999999e-01  1.8414500000000000e-01  1.7777999999999999e-01  1.7338799999999999e-01  1.7072750000000000e-01  1.6966850000000000e-01  1.7016550000000000e-01  1.7225199999999999e-01  1.7603949999999999e-01  1.8173900000000001e-01  1.8965750000000001e-01  2.0003750000000001e-01  2.1268850000000000e-01  2.2667499999999999e-01  2.3979149999999999e-01  2.4757250000000000e-01  2.4335300000000001e-01  2.2360150000000001e-01
   2.5000000000000001e-03  1.8570100000000000e-01  1.9512599999999999e-01  1.9377700000000000e-01  1.8420700000000001e-01  1.7091100000000001e-01  1.5726150000000000e-01  1.4506549999999999e-01  1.3507250000000001e-01  1.2741300000000000e-01  1.2191050000000000e-01  1.1831849999999999e-01  1.1644549999999999e-01  1.1618100000000001e-01  1.1749350000000000e-01  1.2043700000000000e-01  1.2515550000000000e-01  1.3190650000000001e-01  1.4110449999999999e-01  1.5338050000000000e-01  1.6956299999999999e-01  1.9054650000000001e-01  2.1724750000000001e-01  2.5067800000000001e-01  2.9197350000000000e-01  3.4234049999999999e-01  4.0281000000000000e-01  4.7333649999999999e-01  5.5100499999999997e-01  6.2753000000000003e-01  6.8712499999999999e-01  7.1020499999999998e-01  6.8712499999999999e-01  6.2753000000000003e-01  5.5100499999999997e-01  4.7333649999999999e-01  4.0281050000000002e-01  3.4234049999999999e-01  2.9197350000000000e-01  2.5067800000000001e-01  2.1724750000000001e-01  1.9054650000000001e-01  1.6956299999999999e-01  1.5338050000000000e-01  1.4110449999999999e-01  1.3190650000000001e-01  1.2515550000000000e-01  1.2043700000000000e-01  1.1749350000000000e-01  1.1618100000000001e-01  1.1644549999999999e-01  1.1831849999999999e-01  1.2191050000000000e-01  1.2741300000000000e-01  1.3507250000000001e-01  1.4506549999999999e-01  1.5726150000000000e-01  1.7091100000000001e-01  1.8420700000000001e-01  1.9377700000000000e-01  1.9512599999999999e-01  1.8570100000000000e-01
   2.0000000000000000e-03  1.5673150000000000e-01  1.5912650000000000e-01  1.5337650000000000e-01  1.4175150000000000e-01  1.2767450000000000e-01  1.1381650000000000e-01  1.0165449999999999e-01  9.1770500000000005e-02  8.4224999999999994e-02  7.8839999999999993e-02  7.5384999999999994e-02  7.3672000000000001e-02  7.3588500000000001e-02  7.5104000000000004e-02  7.8274999999999997e-02  8.3253499999999994e-02  9.0301500000000007e-02  9.9821999999999994e-02  1.1239650000000000e-01  1.2878550000000000e-01  1.4987750000000000e-01  1.7664099999999999e-01  2.1011750000000001e-01  2.5138050000000001e-01  3.0139749999999998e-01  3.6066450000000000e-01  4.2832550000000003e-01  5.0065999999999999e-01  5.6930499999999995e-01  6.2070499999999995e-01  6.4009499999999997e-01  6.2070499999999995e-01  5.6930499999999995e-01  5.0065999999999999e-01  4.2832550000000003e-01  3.6066450000000000e-01  3.0139749999999998e-01  2.5138050000000001e-01  2.1011750000000001e-01  1.7664099999999999e-01  1.4987750000000000e-01  1.2878550000000000e-01  1.1239650000000000e-01  9.9821999999999994e-02  9.0301500000000007e-02  8.3253499999999994e-02  7.8274999999999997e-02  7.5104000000000004e-02  7.3588500000000001e-02  7.3672000000000001e-02  7.5384999999999994e-02  7.8839999999999993e-02  8.4224999999999994e-02  9.1770500000000005e-02  1.0165449999999999e-01  1.1381650000000000e-01  1.2767450000000000e-01  1.4175150000000000e-01  1.5337650000000000e-01  1.5912650000000000e-01  1.5673150000000000e-01
   1.5000000000000000e-03  1.3534950000000001e-01  1.3297600000000001e-01  1.2396200000000000e-01  1.1050699999999999e-01  9.5504500000000006e-02  8.1211500000000006e-02  6.8874500000000005e-02  5.8946499999999999e-02  5.1420500000000001e-02  4.6093650000000000e-02  4.2726899999999998e-02  4.1127749999999998e-02  4.1179000000000000e-02  4.2848700000000003e-02  4.6194350000000002e-02  5.1369499999999998e-02  5.8637000000000002e-02  6.8391499999999994e-02  8.1189499999999998e-02  9.7759499999999999e-02  1.1898450000000001e-01  1.4585600000000001e-01  1.7942649999999999e-01  2.2072100000000000e-01  2.7053850000000002e-01  3.2901449999999999e-01  3.9476349999999999e-01  4.6358100000000002e-01  5.2721499999999999e-01  5.7363500000000001e-01  5.9084999999999999e-01  5.7363500000000001e-01  5.2721499999999999e-01  4.6358100000000002e-01  3.9476349999999999e-01  3.2901449999999999e-01  2.7053850000000002e-01  2.2072100000000000e-01  1.7942649999999999e-01  1.4585600000000001e-01  1.1898450000000001e-01  9.7759499999999999e-02  8.1189499999999998e-02  6.8391499999999994e-02  5.8637000000000002e-02  5.1369499999999998e-02  4.6194350000000002e-02  4.2848700000000003e-02  4.1179000000000000e-02  4.1127749999999998e-02  4.2726899999999998e-02  4.6093650000000000e-02  5.1420500000000001e-02  5.8946499999999999e-02  6.8874500000000005e-02  8.1211500000000006e-02  9.5504500000000006e-02  1.1050699999999999e-01  1.2396200000000000e-01  1.3297600000000001e-01  1.3534950000000001e-01
   1.0000000000000000e-03  1.2064950000000001e-01  1.1518550000000000e-01  1.0393850000000000e-01  8.9095999999999995e-02  7.3292499999999997e-02  5.8555999999999997e-02  4.5990549999999998e-02  3.5962099999999997e-02  2.8410999999999999e-02  2.3104850000000000e-02  1.9790450000000001e-02  1.8266350000000001e-02  1.8410300000000001e-02  2.0187850000000000e-02  2.3655949999999999e-02  2.8968500000000001e-02  3.6387299999999997e-02  4.6302200000000002e-02  5.9256999999999997e-02  7.5967499999999993e-02  9.7311499999999995e-02  1.2429050000000000e-01  1.5795999999999999e-01  1.9931150000000000e-01  2.4903049999999999e-01  3.0702350000000000e-01  3.7157299999999999e-01  4.3819500000000000e-01  4.9876949999999998e-01  5.4224000000000006e-01  5.5818999999999996e-01  5.4224000000000006e-01  4.9876949999999998e-01  4.3819500000000000e-01  3.7157299999999999e-01  3.0702350000000000e-01  2.4903049999999999e-01  1.9931150000000000e-01  1.5795999999999999e-01  1.2429050000000000e-01  9.7311499999999995e-02  7.5967499999999993e-02  5.9256999999999997e-02  4.6302200000000002e-02  3.6387299999999997e-02  2.8968500000000001e-02  2.3655949999999999e-02  2.0187850000000000e-02  1.8410300000000001e-02  1.8266350000000001e-02  1.9790450000000001e-02  2.3104850000000000e-02  2.8410999999999999e-02  3.5962099999999997e-02  4.5990549999999998e-02  5.8555999999999997e-02  7.3292499999999997e-02  8.9095999999999995e-02  1.0393850000000000e-01  1.1518550000000000e-01  1.2064950000000001e-01
   5.0000000000000001e-04  1.1204799999999999e-01  1.0484250000000001e-01  9.2296000000000003e-02  7.6599000000000000e-02  6.0266500000000001e-02  4.5214999999999998e-02  3.2473099999999998e-02  2.2357050000000000e-02  1.4774249999999999e-02  9.4716999999999996e-03  6.1839000000000000e-03  4.7022449999999999e-03  4.9002799999999999e-03  6.7415000000000001e-03  1.0282200000000000e-02  1.5675800000000000e-02  2.3183349999999998e-02  3.3192149999999997e-02  4.6240950000000003e-02  6.3039499999999998e-02  8.4463999999999997e-02  1.1151949999999999e-01  1.4526149999999999e-01  1.8666150000000001e-01  2.3634150000000001e-01  2.9407850000000002e-01  3.5797299999999999e-01  4.2339700000000002e-01  4.8232350000000002e-01  5.2422999999999997e-01  5.3952500000000003e-01  5.2422999999999997e-01  4.8232350000000002e-01  4.2339700000000002e-01  3.5797299999999999e-01  2.9407850000000002e-01  2.3634150000000001e-01  1.8666150000000001e-01  1.4526149999999999e-01  1.1151949999999999e-01  8.4463999999999997e-02  6.3039499999999998e-02  4.6240950000000003e-02  3.3192149999999997e-02  2.3183349999999998e-02  1.5675800000000000e-02  1.0282200000000000e-02  6.7415000000000001e-03  4.9002749999999999e-03  4.7022449999999999e-03  6.1839000000000000e-03  9.4716999999999996e-03  1.4774249999999999e-02  2.2357050000000000e-02  3.2473099999999998e-02  4.5214999999999998e-02  6.0266500000000001e-02  7.6599000000000000e-02  9.2296000000000003e-02  1.0484250000000001e-01  1.1204799999999999e-01
   0.0000000000000000e+00  1.0921599999999999e-01  1.0144750000000000e-01  8.8474999999999998e-02  7.2490499999999999e-02  5.5974500000000003e-02  4.0809999999999999e-02  2.8002849999999999e-02  1.7853049999999999e-02  1.0256850000000000e-02  4.9539650000000003e-03  1.6742350000000000e-03  2.0623000000000001e-04  4.2202100000000002e-04  2.2843199999999998e-03  5.8490000000000000e-03  1.1269400000000001e-02  1.8806250000000000e-02  2.8846050000000002e-02  4.1926150000000002e-02  5.8754500000000001e-02  8.0207500000000001e-02  1.0729050000000000e-01  1.4105899999999999e-01  1.8247749999999999e-01  2.3214750000000001e-01  2.8980499999999998e-01  3.5349199999999997e-01  4.1853550000000000e-01  4.7694249999999999e-01  5.1836000000000004e-01  5.3344999999999998e-01  5.1836000000000004e-01  4.7694249999999999e-01  4.1853550000000000e-01  3.5349199999999997e-01  2.8980499999999998e-01  2.3214750000000001e-01  1.8247749999999999e-01  1.4105899999999999e-01  1.0729050000000000e-01  8.0207500000000001e-02  5.8754500000000001e-02  4.1926150000000002e-02  2.8846050000000002e-02  1.8806250000000000e-02  1.1269400000000001e-02  5.8490000000000000e-03  2.2843149999999999e-03  4.2202050000000001e-04  2.0623000000000001e-04  1.6742350000000000e-03  4.9539650000000003e-03  1.0256850000000000e-02  1.7853049999999999e-02  2.8002800000000001e-02  4.0809999999999999e-02  5.5974500000000003e-02  7.2490499999999999e-02  8.8474999999999998e-02  1.0144750000000000e-01  1.0921599999999999e-01
  -5.0000000000000001e-04  1.1204799999999999e-01  1.0484250000000001e-01  9.2296000000000003e-02  7.6599000000000000e-02  6.0266500000000001e-02  4.5214999999999998e-02  3.2473099999999998e-02  2.2357050000000000e-02  1.4774249999999999e-02  9.4716999999999996e-03  6.1839000000000000e-03  4.7022449999999999e-03  4.9002799999999999e-03  6.7415000000000001e-03  1.0282200000000000e-02  1.5675800000000000e-02  2.3183349999999998e-02  3.3192149999999997e-02  4.6240950000000003e-02  6.3039499999999998e-02  8.4463999999999997e-02  1.1151949999999999e-01  1.4526149999999999e-01  1.8666150000000001e-01  2.3634150000000001e-01  2.9407850000000002e-01  3.5797299999999999e-01  4.2339700000000002e-01  4.8232350000000002e-01  5.2422999999999997e-01  5.3952500000000003e-01  5.2422999999999997e-01  4.8232350000000002e-01  4.2339700000000002e-01  3.5797299999999999e-01  2.9407850000000002e-01  2.3634150000000001e-01  1.8666150000000001e-01  1.4526149999999999e-01  1.1151949999999999e-01  8.4463999999999997e-02  6.3039499999999998e-02  4.6240950000000003e-02  3.3192149999999997e-02  2.3183349999999998e-02  1.5675800000000000e-02  1.0282200000000000e-02  6.7415000000000001e-03  4.9002749999999999e-03  4.7022449999999999e-03  6.1839000000000000e-03  9.4716999999999996e-03  1.4774249999999999e-02  2.2357050000000000e-02  3.2473099999999998e-02  4.5214999999999998e-02  6.0266500000000001e-02  7.6599000000000000e-02  9.2296000000000003e-02  1.0484250000000001e-01  1.1204799999999999e-01
  -1.0000000000000000e-03  1.2064950000000001e-01  1.1518550000000000e-01  1.0393850000000000e-01  8.9095999999999995e-02  7.3292499999999997e-02  5.8555999999999997e-02  4.5990549999999998e-02  3.5962099999999997e-02  2.8410999999999999e-02  2.3104850000000000e-02  1.9790450000000001e-02  1.8266350000000001e-02  1.8410300000000001e-02  2.0187850000000000e-02  2.3655949999999999e-02  2.8968500000000001e-02  3.6387299999999997e-02  4.6302200000000002e-02  5.9256999999999997e-02  7.5967499999999993e-02  9.7311499999999995e-02  1.2429050000000000e-01  1.5795999999999999e-01  1.9931150000000000e-01  2.4903049999999999e-01  3.0702350000000000e-01  3.7157299999999999e-01  4.3819500000000000e-01  4.9876949999999998e-01  5.4224000000000006e-01  5.5818999999999996e-01  5.4224000000000006e-01  4.9876949999999998e-01  4.3819500000000000e-01  3.7157299999999999e-01  3.0702350000000000e-01  2.4903049999999999e-01  1.9931150000000000e-01  1.5795999999999999e-01  1.2429050000000000e-01  9.7311499999999995e-02  7.5967499999999993e-02  5.9256999999999997e-02  4.6302200000000002e-02  3.6387299999999997e-02  2.8968500000000001e-02  2.3655949999999999e-02  2.0187850000000000e-02  1.8410300000000001e-02  1.8266350000000001e-02  1.9790450000000001e-02  2.3104850000000000e-02  2.8410999999999999e-02  3.5962099999999997e-02  4.5990549999999998e-02  5.8555999999999997e-02  7.3292499999999997e-02  8.9095999999999995e-02  1.0393850000000000e-01  1.1518550000000000e-01  1.2064950000000001e-01
  -1.5000000000000000e-03  1.3534950000000001e-01  1.3297600000000001e-01  1.2396200000000000e-01  1.1050699999999999e-01  9.5504500000000006e-02  8.1211500000000006e-02  6.8874500000000005e-02  5.8946499999999999e-02  5.1420500000000001e-02  4.6093650000000000e-02  4.2726899999999998e-02  4.1127749999999998e-02  4.1179000000000000e-02  4.2848700000000003e-02  4.6194350000000002e-02  5.1369499999999998e-02  5.8637000000000002e-02  6.8391499999999994e-02  8.1189499999999998e-02  9.7759499999999999e-02  1.1898450000000001e-01  1.4585600000000001e-01  1.7942649999999999e-01  2.2072100000000000e-01  2.7053850000000002e-01  3.2901449999999999e-01  3.9476349999999999e-01  4.6358100000000002e-01  5.2721499999999999e-01  5.7363500000000001e-01  5.9084999999999999e-01  5.7363500000000001e-01  5.2721499999999999e-01  4.6358100000000002e-01  3.9476349999999999e-01  3.2901449999999999e-01  2.7053850000000002e-01  2.2072100000000000e-01  1.7942649999999999e-01  1.4585600000000001e-01  1.1898450000000001e-01  9.7759499999999999e-02  8.1189499999999998e-02  6.8391499999999994e-02  5.8637000000000002e-02  5.1369499999999998e-02  4.6194350000000002e-02  4.2848700000000003e-02  4.1179000000000000e-02  4.1127749999999998e-02  4.2726899999999998e-02  4.6093650000000000e-02  5.1420500000000001e-02  5.8946499999999999e-02  6.8874500000000005e-02  8.1211500000000006e-02  9.5504500000000006e-02  1.1050699999999999e-01  1.2396200000000000e-01  1.3297600000000001e-01  1.3534950000000001e-01
  -2.0000000000000000e-03  1.5673150000000000e-01  1.5912650000000000e-01  1.5337650000000000e-01  1.4175150000000000e-01  1.2767450000000000e-01  1.1381650000000000e-01  1.0165449999999999e-01  9.1770500000000005e-02  8.4224999999999994e-02  7.8839999999999993e-02  7.5384999999999994e-02  7.3672000000000001e-02  7.3588500000000001e-02  7.5104000000000004e-02  7.8274999999999997e-02  8.3253499999999994e-02  9.0301500000000007e-02  9.9821999999999994e-02  1.1239650000000000e-01  1.2878550000000000e-01  1.4987750000000000e-01  1.7664099999999999e-01  2.1011750000000001e-01  2.5138050000000001e-01  3.0139749999999998e-01  3.6066450000000000e-01  4.2832550000000003e-01  5.0065999999999999e-01  5.6930499999999995e-01  6.2070499999999995e-01  6.4009499999999997e-01  6.2070499999999995e-01  5.6930499999999995e-01  5.0065999999999999e-01  4.2832550000000003e-01  3.6066450000000000e-01  3.0139749999999998e-01  2.5138050000000001e-01  2.1011750000000001e-01  1.7664099999999999e-01  1.4987750000000000e-01  1.2878550000000000e-01  1.1239650000000000e-01  9.9821999999999994e-02  9.0301500000000007e-02  8.3253499999999994e-02  7.8274999999999997e-02  7.5104000000000004e-02  7.3588500000000001e-02  7.3672000000000001e-02  7.5384999999999994e-02  7.8839999999999993e-02  8.4224999999999994e-02  9.1770500000000005e-02  1.0165449999999999e-01  1.1381650000000000e-01  1.2767450000000000e-01  1.4175150000000000e-01  1.5337650000000000e-01  1.5912650000000000e-01  1.5673150000000000e-01
  -2.5000000000000001e-03  1.8570100000000000e-01  1.9512599999999999e-01  1.9377700000000000e-01  1.8420700000000001e-01  1.7091100000000001e-01  1.5726150000000000e-01  1.4506549999999999e-01  1.3507250000000001e-01  1.2741300000000000e-01  1.2191050000000000e-01  1.1831849999999999e-01  1.1644549999999999e-01  1.1618100000000001e-01  1.1749350000000000e-01  1.2043700000000000e-01  1.2515550000000000e-01  1.3190650000000001e-01  1.4110449999999999e-01  1.5338050000000000e-01  1.6956299999999999e-01  1.9054650000000001e-01  2.1724750000000001e-01  2.5067800000000001e-01  2.9197350000000000e-01  3.4234049999999999e-01  4.0281050000000002e-01  4.7333649999999999e-01  5.5100499999999997e-01  6.2753000000000003e-01  6.8712499999999999e-01  7.1020499999999998e-01  6.8712499999999999e-01  6.2753000000000003e-01  5.5100499999999997e-01  4.7333649999999999e-01  4.0281000000000000e-01  3.4234049999999999e-01  2.9197350000000000e-01  2.5067800000000001e-01  2.1724750000000001e-01  1.9054650000000001e-01  1.6956299999999999e-01  1.5338050000000000e-01  1.4110449999999999e-01  1.3190650000000001e-01  1.2515550000000000e-01  1.2043700000000000e-01  1.1749350000000000e-01  1.1618100000000001e-01  1.1644549999999999e-01  1.1831849999999999e-01  1.2191050000000000e-01  1.2741300000000000e-01  1.3507250000000001e-01  1.4506549999999999e-01  1.5726150000000000e-01  1.7091100000000001e-01  1.8420700000000001e-01  1.9377700000000000e-01  1.9512599999999999e-01  1.8570100000000000e-01
  -3.0000000000000001e-03  2.2360150000000001e-01  2.4335300000000001e-01  2.4757250000000000e-01  2.3979149999999999e-01  2.2667499999999999e-01  2.1268850000000000e-01  2.0003750000000001e-01  1.8965750000000001e-01  1.8173900000000001e-01  1.7604000000000000e-01  1.7225199999999999e-01  1.7016550000000000e-01  1.6966850000000000e-01  1.7072750000000000e-01  1.7338799999999999e-01  1.7777999999999999e-01  1.8414500000000000e-01  1.9290599999999999e-01  2.0478350000000001e-01  2.2075600000000001e-01  2.4171950000000000e-01  2.6846650000000000e-01  3.0195050000000001e-01  3.4338200000000002e-01  3.9428150000000001e-01  4.5647100000000002e-01  5.3112999999999999e-01  6.1665499999999995e-01  7.0540499999999995e-01  7.7861000000000002e-01  8.0811500000000003e-01  7.7861000000000002e-01  7.0540499999999995e-01  6.1665499999999995e-01  5.3112999999999999e-01  4.5647100000000002e-01  3.9428099999999999e-01  3.4338200000000002e-01  3.0195050000000001e-01  2.6846650000000000e-01  2.4171950000000000e-01  2.2075600000000001e-01  2.0478350000000001e-01  1.9290599999999999e-01  1.8414500000000000e-01  1.7777999999999999e-01  1.7338799999999999e-01  1.7072750000000000e-01  1.6966850000000000e-01  1.7016550000000000e-01  1.7225199999999999e-01  1.7603949999999999e-01  1.8173900000000001e-01  1.8965750000000001e-01  2.0003750000000001e-01  2.1268850000000000e-01  2.2667499999999999e-01  2.3979149999999999e-01  2.4757250000000000e-01  2.4335300000000001e-01  2.2360150000000001e-01
  -3.5000000000000001e-03  2.7241599999999999e-01  3.0773499999999998e-01  3.1835449999999998e-01  3.1104250000000000e-01  2.9677550000000003e-01  2.8147749999999999e-01  2.6767600000000003e-01  2.5647999999999999e-01  2.4812149999999999e-01  2.4214250000000001e-01  2.3809100000000000e-01  2.3572950000000001e-01  2.3494399999999999e-01  2.3569750000000000e-01  2.3802150000000000e-01  2.4202000000000001e-01  2.4789749999999999e-01  2.5605800000000001e-01  2.6737650000000002e-01  2.8317199999999998e-01  3.0430849999999998e-01  3.3129399999999998e-01  3.6499100000000001e-01  4.0669200000000000e-01  4.5828900000000000e-01  5.2278500000000006e-01  6.0321999999999998e-01  7.0003000000000004e-01  8.0761000000000005e-01  9.0403999999999995e-01  9.4526500000000002e-01  9.0403999999999995e-01  8.0761000000000005e-01  7.0003000000000004e-01  6.0321999999999998e-01  5.2278500000000006e-01  4.5828900000000000e-01  4.0669200000000000e-01  3.6499100000000001e-01  3.3129399999999998e-01  3.0430849999999998e-01  2.8317199999999998e-01  2.6737650000000002e-01  2.5605800000000001e-01  2.4789749999999999e-01  2.4202000000000001e-01  2.3802150000000000e-01  2.3569750000000000e-01  2.3494399999999999e-01  2.3572950000000001e-01  2.3809100000000000e-01  2.4214250000000001e-01  2.4812149999999999e-01  2.5647999999999999e-01  2.6767600000000003e-01  2.8147749999999999e-01  2.9677550000000003e-01  3.1104250000000000e-01  3.1835449999999998e-01  3.0773499999999998e-01  2.7241599999999999e-01
  -4.0000000000000001e-03  3.3510899999999999e-01  3.9525300000000002e-01  4.1142250000000002e-01  4.0112650000000000e-01  3.8332749999999999e-01  3.6522949999999998e-01  3.4924600000000000e-01  3.3661849999999999e-01  3.2765949999999999e-01  3.2133899999999999e-01  3.1694800000000001e-01  3.1423950000000000e-01  3.1310549999999998e-01  3.1350200000000000e-01  3.1544100000000003e-01  3.1898700000000002e-01  3.2426899999999997e-01  3.3159200000000000e-01  3.4203749999999999e-01  3.5776300000000000e-01  3.7944899999999998e-01  4.0696749999999998e-01  4.4110100000000002e-01  4.8323100000000002e-01  5.3555500000000000e-01  6.0289000000000004e-01  6.9120999999999999e-01  8.0371999999999999e-01  9.3996999999999997e-01  1.0775100000000000e+00  1.1415350000000000e+00  1.0775100000000000e+00  9.3996999999999997e-01  8.0371999999999999e-01  6.9120999999999999e-01  6.0289000000000004e-01  5.3555500000000000e-01  4.8323100000000002e-01  4.4110100000000002e-01  4.0696749999999998e-01  3.7944899999999998e-01  3.5776300000000000e-01  3.4203749999999999e-01  3.3159200000000000e-01  3.2426899999999997e-01  3.1898700000000002e-01  3.1544100000000003e-01  3.1350200000000000e-01  3.1310549999999998e-01  3.1423950000000000e-01  3.1694800000000001e-01  3.2133899999999999e-01  3.2765949999999999e-01  3.3661849999999999e-01  3.4924600000000000e-01  3.6522949999999998e-01  3.8332749999999999e-01  4.0112650000000000e-01  4.1142250000000002e-01  3.9525300000000002e-01  3.3510899999999999e-01
  -4.4999999999999997e-03  4.1606700000000002e-01  5.1991500000000002e-01  5.3432500000000005e-01  5.1373000000000002e-01  4.8873499999999998e-01  4.6583900000000000e-01  4.4625799999999999e-01  4.3129899999999999e-01  4.2176399999999997e-01  4.1509000000000001e-01  4.1027150000000001e-01  4.0713149999999998e-01  4.0558300000000003e-01  4.0557399999999999e-01  4.0708850000000002e-01  4.1014050000000002e-01  4.1473800000000000e-01  4.2090250000000001e-01  4.2975600000000003e-01  4.4571949999999999e-01  4.6865699999999999e-01  4.9709900000000001e-01  5.3195999999999999e-01  5.7472999999999996e-01  6.2746000000000002e-01  6.9779500000000005e-01  7.9673499999999997e-01  9.3008999999999997e-01  1.1085799999999999e+00  1.3222600000000000e+00  1.4339450000000000e+00  1.3222600000000000e+00  1.1085799999999999e+00  9.3008999999999997e-01  7.9673499999999997e-01  6.9779500000000005e-01  6.2746000000000002e-01  5.7472999999999996e-01  5.3195999999999999e-01  4.9709900000000001e-01  4.6865699999999999e-01  4.4571949999999999e-01  4.2975600000000003e-01  4.2090250000000001e-01  4.1473800000000000e-01  4.1014050000000002e-01  4.0708850000000002e-01  4.0557399999999999e-01  4.0558300000000003e-01  4.0713149999999998e-01  4.1027150000000001e-01  4.1509000000000001e-01  4.2176399999999997e-01  4.3129899999999999e-01  4.4625799999999999e-01  4.6583900000000000e-01  4.8873499999999998e-01  5.1373000000000002e-01  5.3432500000000005e-01  5.1991500000000002e-01  4.1606700000000002e-01
  -5.0000000000000001e-03  5.2003999999999995e-01  7.1521999999999997e-01  6.9706000000000001e-01  6.5349999999999997e-01  6.1655499999999996e-01  5.8655000000000002e-01  5.6159499999999996e-01  5.4269500000000004e-01  5.3331499999999998e-01  5.2629999999999999e-01  5.2092499999999997e-01  5.1724999999999999e-01  5.1521499999999998e-01  5.1475499999999996e-01  5.1581999999999995e-01  5.1836499999999996e-01  5.2225500000000002e-01  5.2695999999999998e-01  5.3230500000000003e-01  5.4957999999999996e-01  5.7494500000000004e-01  6.0472000000000004e-01  6.4065000000000005e-01  6.8443500000000002e-01  7.3665000000000003e-01  8.0881499999999995e-01  9.2240000000000000e-01  1.0814400000000000e+00  1.3173450000000000e+00  1.6786600000000000e+00  1.8940600000000001e+00  1.6786600000000000e+00  1.3173450000000000e+00  1.0814400000000000e+00  9.2240000000000000e-01  8.0881499999999995e-01  7.3665000000000003e-01  6.8443500000000002e-01  6.4065000000000005e-01  6.0472000000000004e-01  5.7494500000000004e-01  5.4957999999999996e-01  5.3230500000000003e-01  5.2695999999999998e-01  5.2225500000000002e-01  5.1836499999999996e-01  5.1581999999999995e-01  5.1475499999999996e-01  5.1521499999999998e-01  5.1724999999999999e-01  5.2092499999999997e-01  5.2629999999999999e-01  5.3331499999999998e-01  5.4269500000000004e-01  5.6159499999999996e-01  5.8655000000000002e-01  6.1655499999999996e-01  6.5349999999999997e-01  6.9706000000000001e-01  7.1521999999999997e-01  5.2003999999999995e-01
