# Auto-generated by pyeletra.utils.kickmap.generate_Radia_kickmap_file()
# Undulator Length [m]
3.3
# Number of Horizontal Points
61
# Number of Vertical Points
21
# Horizontal Kick [micro-rad]
START
                          -2.9999999999999999e-02 -2.9000000000000001e-02 -2.8000000000000001e-02 -2.7000000000000000e-02 -2.5999999999999999e-02 -2.5000000000000001e-02 -2.4000000000000000e-02 -2.3000000000000000e-02 -2.1999999999999999e-02 -2.1000000000000001e-02 -2.0000000000000000e-02 -1.9000000000000000e-02 -1.7999999999999999e-02 -1.7000000000000001e-02 -1.6000000000000000e-02 -1.4999999999999999e-02 -1.4000000000000000e-02 -1.2999999999999999e-02 -1.2000000000000000e-02 -1.0999999999999999e-02 -1.0000000000000000e-02 -8.9999999999999993e-03 -8.0000000000000002e-03 -7.0000000000000001e-03 -6.0000000000000001e-03 -5.0000000000000001e-03 -4.0000000000000001e-03 -3.0000000000000001e-03 -2.0000000000000000e-03 -1.0000000000000000e-03  0.0000000000000000e+00  1.0000000000000000e-03  2.0000000000000000e-03  3.0000000000000001e-03  4.0000000000000001e-03  5.0000000000000001e-03  6.0000000000000001e-03  7.0000000000000001e-03  8.0000000000000002e-03  8.9999999999999993e-03  1.0000000000000000e-02  1.0999999999999999e-02  1.2000000000000000e-02  1.2999999999999999e-02  1.4000000000000000e-02  1.4999999999999999e-02  1.6000000000000000e-02  1.7000000000000001e-02  1.7999999999999999e-02  1.9000000000000000e-02  2.0000000000000000e-02  2.1000000000000001e-02  2.1999999999999999e-02  2.3000000000000000e-02  2.4000000000000000e-02  2.5000000000000001e-02  2.5999999999999999e-02  2.7000000000000000e-02  2.8000000000000001e-02  2.9000000000000001e-02  2.9999999999999999e-02
   5.0000000000000001e-03 -2.0669927142857144e+01 -1.5165998571428570e+01 -7.4341457142857141e+00 -1.5709885714285714e+00  1.6299690000000000e+00  2.9585301428571427e+00  3.1642285714285712e+00  2.7474385714285714e+00  2.0979467142857144e+00  1.4289895714285714e+00  7.6904142857142854e-01  9.5847085714285712e-02 -6.0864257142857148e-01 -1.3590861428571428e+00 -2.1730688571428569e+00 -3.0803755714285717e+00 -4.1394304285714281e+00 -5.4665914285714283e+00 -7.2010242857142854e+00 -9.3174085714285706e+00 -1.1638015714285713e+01 -1.4125980000000000e+01 -1.6888975714285714e+01 -2.0085402857142856e+01 -2.3918777142857145e+01 -2.8414508571428573e+01 -3.2904677142857139e+01 -3.5701851428571430e+01 -3.3461575714285715e+01 -2.1563001428571429e+01 -1.0916965714285713e-05  2.1563048571428570e+01  3.3461528571428573e+01  3.5702087142857145e+01  3.2904488571428566e+01  2.8414461428571428e+01  2.3918871428571428e+01  2.0085402857142856e+01  1.6888787142857144e+01  1.4126121428571428e+01  1.1637968571428571e+01  9.3176914285714290e+00  7.2010714285714288e+00  5.4664500000000000e+00  4.1393408571428569e+00  3.0803944285714282e+00  2.1731112857142856e+00  1.3590578571428571e+00  6.0871328571428573e-01 -9.5874428571428569e-02 -7.6911685714285705e-01 -1.4289612857142857e+00 -2.0979749999999999e+00 -2.7473207142857143e+00 -3.1641154285714284e+00 -2.9585159999999999e+00 -1.6301057142857143e+00  1.5710592857142855e+00  7.4341928571428575e+00  1.5165951428571429e+01  2.0670021428571427e+01
   4.4999999999999997e-03 -1.4050457142857141e+01 -1.0168525714285714e+01 -5.0500371428571427e+00 -8.9436599999999999e-01  1.5814731428571427e+00  2.6825888571428571e+00  2.8819182857142853e+00  2.5588200000000003e+00  1.9945860000000002e+00  1.3518497142857142e+00  6.8210057142857139e-01 -1.3564508571428571e-02 -7.4540871428571420e-01 -1.5279141428571428e+00 -2.3811809999999998e+00 -3.3360831428571425e+00 -4.4434264285714287e+00 -5.7821185714285717e+00 -7.4313642857142854e+00 -9.3897728571428569e+00 -1.1582952857142857e+01 -1.3977998571428571e+01 -1.6608051428571429e+01 -1.9528739999999999e+01 -2.2765002857142857e+01 -2.6140384285714287e+01 -2.8966692857142856e+01 -2.9794521428571429e+01 -2.6272148571428570e+01 -1.6049172857142857e+01 -9.0178157142857130e-06  1.6049267142857143e+01  2.6272148571428570e+01  2.9794427142857142e+01  2.8966692857142856e+01  2.6140384285714287e+01  2.2765002857142857e+01  1.9528645714285712e+01  1.6608192857142857e+01  1.3977951428571430e+01  1.1582952857142857e+01  9.3897257142857136e+00  7.4312228571428571e+00  5.7822128571428566e+00  4.4433840000000000e+00  3.3360548571428570e+00  2.3810914285714282e+00  1.5277868571428570e+00  7.4544642857142862e-01  1.3650780000000000e-02 -6.8205342857142859e-01 -1.3519534285714288e+00 -1.9945011428571429e+00 -2.5587304285714283e+00 -2.8820078571428569e+00 -2.6824332857142856e+00 -1.5815768571428570e+00  8.9436599999999999e-01  5.0500842857142860e+00  1.0168431428571429e+01  1.4050315714285714e+01
   4.0000000000000001e-03 -9.3148157142857144e+00 -6.3788528571428573e+00 -2.8153855714285716e+00  1.3313614285714284e-01  1.9541138571428569e+00  2.7630240000000001e+00  2.8620805714285713e+00  2.5301760000000000e+00  1.9765444285714284e+00  1.3269912857142858e+00  6.3401957142857135e-01 -9.1179471428571426e-02 -8.5463399999999989e-01 -1.6708795714285716e+00 -2.5611394285714284e+00 -3.5555850000000002e+00 -4.6974651428571432e+00 -6.0437614285714281e+00 -7.6470428571428570e+00 -9.5177185714285706e+00 -1.1625570000000000e+01 -1.3940802857142858e+01 -1.6451065714285715e+01 -1.9133541428571430e+01 -2.1898752857142856e+01 -2.4461344285714286e+01 -2.6148540000000001e+01 -2.5762675714285713e+01 -2.1688024285714285e+01 -1.2748512857142858e+01 -7.5959399999999990e-06  1.2748512857142858e+01  2.1687929999999998e+01  2.5762675714285713e+01  2.6148587142857142e+01  2.4461579999999998e+01  2.1898658571428573e+01  1.9133541428571430e+01  1.6451065714285715e+01  1.3940755714285714e+01  1.1625570000000000e+01  9.5180014285714272e+00  7.6469957142857146e+00  6.0439499999999997e+00  4.6976065714285715e+00  3.5555425714285716e+00  2.5610781428571427e+00  1.6709785714285714e+00  8.5465757142857146e-01  9.1235571428571430e-02 -6.3409500000000008e-01 -1.3269535714285714e+00 -1.9763935714285714e+00 -2.5301005714285716e+00 -2.8619485714285715e+00 -2.7629014285714284e+00 -1.9541044285714284e+00 -1.3307061428571429e-01  2.8153007142857143e+00  6.3788528571428573e+00  9.3148157142857144e+00
   3.5000000000000001e-03 -5.8280828571428573e+00 -3.4741834285714286e+00 -8.6841857142857148e-01  1.2465702857142857e+00  2.5358472857142855e+00  3.0545695714285714e+00  3.0107219999999999e+00  2.6144108571428570e+00  2.0262094285714287e+00  1.3451978571428571e+00  6.1807114285714282e-01 -1.4182032857142857e-01 -9.3954771428571426e-01 -1.7895522857142856e+00 -2.7140331428571427e+00 -3.7423979999999997e+00 -4.9122857142857139e+00 -6.2682085714285716e+00 -7.8503228571428574e+00 -9.6747042857142844e+00 -1.1728294285714286e+01 -1.3981157142857143e+01 -1.6390628571428572e+01 -1.8878640000000001e+01 -2.1281181428571429e+01 -2.3254864285714284e+01 -2.4160054285714288e+01 -2.3019055714285713e+01 -1.8717882857142857e+01 -1.0702795714285713e+01 -6.2889042857142853e-06  1.0702748571428572e+01  1.8717929999999999e+01  2.3019102857142858e+01  2.4160101428571426e+01  2.3254958571428570e+01  2.1281181428571429e+01  1.8878592857142856e+01  1.6390581428571426e+01  1.3981204285714286e+01  1.1728294285714286e+01  9.6747985714285711e+00  7.8503228571428574e+00  6.2682085714285716e+00  4.9121914285714290e+00  3.7423602857142857e+00  2.7141038571428568e+00  1.7896182857142857e+00  9.3950999999999996e-01  1.4181985714285714e-01 -6.1813714285714283e-01 -1.3451318571428572e+00 -2.0261622857142858e+00 -2.6145381428571426e+00 -3.0107031428571425e+00 -3.0546072857142859e+00 -2.5358849999999999e+00 -1.2464477142857142e+00  8.6841857142857148e-01  3.4741409999999999e+00  5.8280357142857149e+00
   3.0000000000000001e-03 -3.2189237142857143e+00 -1.2376980000000000e+00  7.6111199999999990e-01  2.3058184285714289e+00  3.1866497142857142e+00  3.4492542857142858e+00  3.2541771428571429e+00  2.7687471428571429e+00  2.1218575714285715e+00  1.3945800000000002e+00  6.2646728571428567e-01 -1.7094707142857143e-01 -1.0032848571428572e+00 -1.8860961428571430e+00 -2.8418939999999999e+00 -3.8996901428571427e+00 -5.0937857142857137e+00 -6.4623428571428567e+00 -8.0391300000000001e+00 -9.8417785714285717e+00 -1.1863217142857144e+01 -1.4070728571428571e+01 -1.6400151428571430e+01 -1.8734807142857139e+01 -2.0862222857142857e+01 -2.2408508571428570e+01 -2.2774054285714286e+01 -2.1153754285714285e+01 -1.6767959999999999e+01 -9.4004742857142851e+00 -5.1708171428571425e-06  9.4004742857142851e+00  1.6767959999999999e+01  2.1153754285714285e+01  2.2774054285714286e+01  2.2408414285714287e+01  2.0862175714285716e+01  1.8734760000000001e+01  1.6400104285714285e+01  1.4070681428571429e+01  1.1863217142857144e+01  9.8417314285714284e+00  8.0390828571428585e+00  6.4623428571428567e+00  5.0938328571428571e+00  3.8996147142857143e+00  2.8419081428571427e+00  1.8859688571428570e+00  1.0033084285714284e+00  1.7098101428571427e-01 -6.2648614285714288e-01 -1.3945658571428572e+00 -2.1218905714285716e+00 -2.7686622857142855e+00 -3.2542148571428569e+00 -3.4493721428571424e+00 -3.1866308571428572e+00 -2.3057807142857141e+00 -7.6108842857142855e-01  1.2377781428571428e+00  3.2189284285714286e+00
   2.5000000000000001e-03 -1.2582145714285715e+00  4.7803328571428572e-01  2.0842045714285713e+00  3.2403689999999998e+00  3.8183168571428574e+00  3.8705558571428567e+00  3.5353324285714285e+00  2.9557864285714284e+00  2.2419351428571428e+00  1.4625128571428572e+00  6.5093442857142858e-01 -1.8403534285714285e-01 -1.0495272857142857e+00 -1.9624251428571429e+00 -2.9463531428571428e+00 -4.0298987142857143e+00 -5.2458685714285709e+00 -6.6287099999999999e+00 -8.2092214285714284e+00 -1.0004657142857143e+01 -1.2009077142857143e+01 -1.4185427142857142e+01 -1.6454035714285716e+01 -1.8671117142857145e+01 -2.0592707142857144e+01 -2.1829264285714284e+01 -2.1819222857142858e+01 -1.9887685714285713e+01 -1.5475067142857140e+01 -8.5551557142857142e+00 -4.1767157142857137e-06  8.5551557142857142e+00  1.5475067142857140e+01  1.9887685714285713e+01  2.1819317142857141e+01  2.1829217142857143e+01  2.0592707142857144e+01  1.8671211428571429e+01  1.6454035714285716e+01  1.4185379999999999e+01  1.2009077142857143e+01  1.0004657142857143e+01  8.2092214285714284e+00  6.6287571428571423e+00  5.2458685714285709e+00  4.0299128571428566e+00  2.9463625714285713e+00  1.9624251428571429e+00  1.0495791428571428e+00  1.8405938571428573e-01 -6.5095799999999993e-01 -1.4625128571428572e+00 -2.2419351428571428e+00 -2.9558005714285711e+00 -3.5353465714285717e+00 -3.8705652857142860e+00 -3.8182885714285710e+00 -3.2404019999999996e+00 -2.0841857142857143e+00 -4.7799085714285711e-01  1.2582192857142858e+00
   2.0000000000000000e-03  2.0156022857142855e-01  1.7747164285714285e+00  3.1243221428571428e+00  4.0176745714285715e+00  4.3774500000000005e+00  4.2658864285714282e+00  3.8119384285714282e+00  3.1458239999999997e+00  2.3669344285714282e+00  1.5365035714285715e+00  6.8341585714285713e-01 -1.8635477142857140e-01 -1.0817918571428571e+00 -2.0212594285714283e+00 -3.0292915714285713e+00 -4.1348764285714283e+00 -5.3699485714285720e+00 -6.7674514285714285e+00 -8.3561185714285724e+00 -1.0152355714285713e+01 -1.2149327142857143e+01 -1.4305499999999999e+01 -1.6529747142857143e+01 -1.8659237142857140e+01 -2.0429262857142856e+01 -2.1443258571428572e+01 -2.1171621428571427e+01 -1.9033928571428572e+01 -1.4617397142857142e+01 -8.0022642857142845e+00 -3.2484587142857142e-06  8.0022642857142845e+00  1.4617491428571428e+01  1.9033928571428572e+01  2.1171621428571427e+01  2.1443258571428572e+01  2.0429262857142856e+01  1.8659237142857140e+01  1.6529841428571427e+01  1.4305499999999999e+01  1.2149279999999999e+01  1.0152355714285713e+01  8.3561657142857140e+00  6.7674514285714285e+00  5.3699485714285720e+00  4.1348764285714283e+00  3.0293104285714287e+00  2.0212358571428570e+00  1.0817965714285713e+00  1.8635382857142857e-01 -6.8341585714285713e-01 -1.5365271428571428e+00 -2.3669344285714282e+00 -3.1458051428571432e+00 -3.8119384285714282e+00 -4.2659147142857137e+00 -4.3774405714285711e+00 -4.0176840000000000e+00 -3.1243598571428572e+00 -1.7747117142857143e+00 -2.0154514285714287e-01
   1.5000000000000000e-03  1.2570360000000000e+00  2.7225235714285714e+00  3.9057432857142858e+00  4.6246954285714290e+00  4.8328499999999996e+00  4.6007044285714285e+00  4.0535502857142856e+00  3.3156137142857145e+00  2.4806901428571426e+00  1.6057705714285715e+00  7.1673642857142861e-01 -1.8269412857142858e-01 -1.1032230000000001e+00 -2.0645695714285712e+00 -3.0922320000000001e+00 -4.2156557142857141e+00 -5.4666857142857141e+00 -6.8773414285714285e+00 -8.4754371428571424e+00 -1.0276058571428571e+01 -1.2271049999999999e+01 -1.4415012857142857e+01 -1.6608239999999999e+01 -1.8674841428571430e+01 -2.0337004285714286e+01 -2.1194579999999998e+01 -2.0743564285714285e+01 -1.8470005714285715e+01 -1.4054794285714285e+01 -7.6430357142857135e+00 -2.3819965714285713e-06  7.6430357142857135e+00  1.4054794285714285e+01  1.8470005714285715e+01  2.0743564285714285e+01  2.1194579999999998e+01  2.0337004285714286e+01  1.8674888571428571e+01  1.6608239999999999e+01  1.4415012857142857e+01  1.2271049999999999e+01  1.0276058571428571e+01  8.4753900000000009e+00  6.8773885714285710e+00  5.4666857142857141e+00  4.2156557142857141e+00  3.0922272857142854e+00  2.0645648571428574e+00  1.1032182857142856e+00  1.8269742857142857e-01 -7.1675057142857146e-01 -1.6057752857142857e+00 -2.4807042857142858e+00 -3.3156231428571430e+00 -4.0535644285714287e+00 -4.6007044285714285e+00 -4.8328028571428572e+00 -4.6246624285714280e+00 -3.9057197142857141e+00 -2.7225282857142856e+00 -1.2570030000000001e+00
   1.0000000000000000e-03  1.9718395714285715e+00  3.3691915714285714e+00  4.4487724285714290e+00  5.0575328571428564e+00  5.1669042857142857e+00  4.8526971428571422e+00  4.2393120000000000e+00  3.4482360000000001e+00  2.5707377142857144e+00  1.6616348571428572e+00  7.4498914285714279e-01 -1.7703934285714285e-01 -1.1164890000000001e+00 -2.0941564285714285e+00 -3.1363577142857140e+00 -4.2729908571428572e+00 -5.5359857142857143e+00 -6.9571071428571427e+00 -8.5634057142857145e+00 -1.0369165714285714e+01 -1.2364675714285715e+01 -1.4501708571428571e+01 -1.6674805714285714e+01 -1.8699449999999999e+01 -2.0289107142857144e+01 -2.1043204285714285e+01 -2.0475227142857140e+01 -1.8114878571428569e+01 -1.3702778571428572e+01 -7.4195314285714282e+00 -1.5602824285714284e-06  7.4195314285714282e+00  1.3702778571428572e+01  1.8114878571428569e+01  2.0475227142857140e+01  2.1043204285714285e+01  2.0289107142857144e+01  1.8699449999999999e+01  1.6674805714285714e+01  1.4501708571428571e+01  1.2364722857142857e+01  1.0369165714285714e+01  8.5634057142857145e+00  6.9571542857142852e+00  5.5359857142857143e+00  4.2729767142857149e+00  3.1363577142857140e+00  2.0941611428571432e+00  1.1164984285714286e+00  1.7704499999999998e-01 -7.4499385714285715e-01 -1.6616395714285714e+00 -2.5707330000000002e+00 -3.4482360000000001e+00 -4.2393120000000000e+00 -4.8526971428571422e+00 -5.1668571428571433e+00 -5.0575328571428564e+00 -4.4487629999999996e+00 -3.3692104285714288e+00 -1.9718254285714287e+00
   5.0000000000000001e-04  2.3860225714285712e+00  3.7456555714285713e+00  4.7685471428571429e+00  5.3165357142857141e+00  5.3702314285714285e+00  5.0085985714285712e+00  4.3557312857142856e+00  3.5322115714285713e+00  2.6282331428571428e+00  1.6977132857142856e+00  7.6375199999999999e-01 -1.7241792857142857e-01 -1.1236311428571428e+00 -2.1113729999999999e+00 -3.1625031428571426e+00 -4.3072495714285717e+00 -5.5777071428571432e+00 -7.0055700000000005e+00 -8.6173371428571421e+00 -1.0426915714285714e+01 -1.2423557142857144e+01 -1.4557195714285715e+01 -1.6718978571428572e+01 -1.8719532857142859e+01 -2.0267515714285715e+01 -2.0962589999999999e+01 -2.0328424285714284e+01 -1.7919754285714287e+01 -1.3509539999999999e+01 -7.2969600000000003e+00 -7.7224242857142850e-07  7.2969600000000003e+00  1.3509539999999999e+01  1.7919754285714287e+01  2.0328424285714284e+01  2.0962589999999999e+01  2.0267515714285715e+01  1.8719532857142859e+01  1.6718978571428572e+01  1.4557195714285715e+01  1.2423557142857144e+01  1.0426915714285714e+01  8.6172900000000006e+00  7.0055700000000005e+00  5.5777071428571432e+00  4.3072495714285717e+00  3.1625031428571426e+00  2.1113729999999999e+00  1.1236311428571428e+00  1.7241651428571428e-01 -7.6375199999999999e-01 -1.6977132857142856e+00 -2.6282425714285713e+00 -3.5322021428571424e+00 -4.3557265714285718e+00 -5.0085985714285712e+00 -5.3702314285714285e+00 -5.3165357142857141e+00 -4.7685471428571429e+00 -3.7456791428571430e+00 -2.3859990000000000e+00
   0.0000000000000000e+00  2.5216714285714286e+00  3.8692594285714286e+00  4.8741471428571428e+00  5.4026657142857140e+00  5.4384942857142855e+00  5.0613042857142858e+00  4.3953359999999995e+00  3.5609121428571426e+00  2.6479765714285715e+00  1.7101684285714285e+00  7.7030957142857148e-01 -1.7066515714285713e-01 -1.1258657142857142e+00 -2.1170207142857143e+00 -3.1711585714285713e+00 -4.3186534285714293e+00 -5.5916614285714283e+00 -7.0217871428571428e+00 -8.6354871428571425e+00 -1.0446479999999999e+01 -1.2443687142857144e+01 -1.4576288571428570e+01 -1.6734394285714284e+01 -1.8727028571428569e+01 -2.0261481428571429e+01 -2.0937321428571430e+01 -2.0281847142857142e+01 -1.7857525714285714e+01 -1.3447971428571428e+01 -7.2579728571428568e+00  0.0000000000000000e+00  7.2579728571428568e+00  1.3447971428571428e+01  1.7857620000000001e+01  2.0281847142857142e+01  2.0937321428571430e+01  2.0261528571428570e+01  1.8726981428571428e+01  1.6734394285714284e+01  1.4576288571428570e+01  1.2443687142857144e+01  1.0446432857142856e+01  8.6354871428571425e+00  7.0217400000000003e+00  5.5916614285714283e+00  4.3186439999999999e+00  3.1711585714285713e+00  2.1170207142857143e+00  1.1258657142857142e+00  1.7066515714285713e-01 -7.7030957142857148e-01 -1.7101684285714285e+00 -2.6479765714285715e+00 -3.5609121428571426e+00 -4.3953359999999995e+00 -5.0613042857142858e+00 -5.4384942857142855e+00 -5.4026657142857140e+00 -4.8741471428571428e+00 -3.8692830000000002e+00 -2.5216949999999998e+00
  -5.0000000000000001e-04  2.3860225714285712e+00  3.7456838571428568e+00  4.7685471428571429e+00  5.3165357142857141e+00  5.3702785714285719e+00  5.0085985714285712e+00  4.3557312857142856e+00  3.5322068571428571e+00  2.6282331428571428e+00  1.6977132857142856e+00  7.6375199999999999e-01 -1.7241698571428571e-01 -1.1236264285714286e+00 -2.1113777142857142e+00 -3.1625031428571426e+00 -4.3072495714285717e+00 -5.5777071428571432e+00 -7.0055228571428572e+00 -8.6172900000000006e+00 -1.0426915714285714e+01 -1.2423557142857144e+01 -1.4557195714285715e+01 -1.6718978571428572e+01 -1.8719532857142859e+01 -2.0267515714285715e+01 -2.0962589999999999e+01 -2.0328424285714284e+01 -1.7919754285714287e+01 -1.3509539999999999e+01 -7.2969600000000003e+00 -2.8443784285714286e-05  7.2969600000000003e+00  1.3509492857142858e+01  1.7919754285714287e+01  2.0328424285714284e+01  2.0962589999999999e+01  2.0267515714285715e+01  1.8719532857142859e+01  1.6718978571428572e+01  1.4557242857142857e+01  1.2423557142857144e+01  1.0426915714285714e+01  8.6172900000000006e+00  7.0055700000000005e+00  5.5777071428571432e+00  4.3072542857142855e+00  3.1625031428571426e+00  2.1113729999999999e+00  1.1236311428571428e+00  1.7241792857142857e-01 -7.6375199999999999e-01 -1.6977132857142856e+00 -2.6282331428571428e+00 -3.5322115714285713e+00 -4.3557265714285718e+00 -5.0085985714285712e+00 -5.3702785714285719e+00 -5.3165357142857141e+00 -4.7685471428571429e+00 -3.7456555714285713e+00 -2.3860225714285712e+00
  -1.0000000000000000e-03  1.9718490000000000e+00  3.3692198571428569e+00  4.4487771428571428e+00  5.0575328571428564e+00  5.1668571428571433e+00  4.8526971428571422e+00  4.2393072857142862e+00  3.4482407142857143e+00  2.5707330000000002e+00  1.6616395714285714e+00  7.4499385714285715e-01 -1.7704971428571428e-01 -1.1164984285714286e+00 -2.0941658571428570e+00 -3.1363577142857140e+00 -4.2729767142857149e+00 -5.5359857142857143e+00 -6.9571071428571427e+00 -8.5634057142857145e+00 -1.0369165714285714e+01 -1.2364722857142857e+01 -1.4501708571428571e+01 -1.6674805714285714e+01 -1.8699449999999999e+01 -2.0289107142857144e+01 -2.1043204285714285e+01 -2.0475180000000002e+01 -1.8114878571428569e+01 -1.3702778571428572e+01 -7.4195314285714282e+00  1.5479074285714286e-06  7.4195314285714282e+00  1.3702778571428572e+01  1.8114878571428569e+01  2.0475227142857140e+01  2.1043204285714285e+01  2.0289107142857144e+01  1.8699449999999999e+01  1.6674805714285714e+01  1.4501708571428571e+01  1.2364722857142857e+01  1.0369165714285714e+01  8.5634057142857145e+00  6.9571542857142852e+00  5.5359857142857143e+00  4.2729814285714287e+00  3.1363530000000002e+00  2.0941611428571432e+00  1.1164937142857143e+00  1.7704028571428571e-01 -7.4499385714285715e-01 -1.6616395714285714e+00 -2.5707377142857144e+00 -3.4482360000000001e+00 -4.2393167142857147e+00 -4.8526971428571422e+00 -5.1669042857142857e+00 -5.0575328571428564e+00 -4.4487818571428566e+00 -3.3691680000000002e+00 -1.9718112857142855e+00
  -1.5000000000000000e-03  1.2570407142857143e+00  2.7225188571428571e+00  3.9057291428571426e+00  4.6246671428571435e+00  4.8328499999999996e+00  4.6006902857142862e+00  4.0535502857142856e+00  3.3156231428571430e+00  2.4806948571428573e+00  1.6057705714285715e+00  7.1673171428571425e-01 -1.8271204285714285e-01 -1.1032230000000001e+00 -2.0645648571428574e+00 -3.0922367142857143e+00 -4.2156651428571434e+00 -5.4666857142857141e+00 -6.8773414285714285e+00 -8.4753900000000009e+00 -1.0276058571428571e+01 -1.2271049999999999e+01 -1.4415012857142857e+01 -1.6608287142857144e+01 -1.8674888571428571e+01 -2.0337004285714286e+01 -2.1194579999999998e+01 -2.0743564285714285e+01 -1.8470005714285715e+01 -1.4054794285714285e+01 -7.6430357142857135e+00  2.3492794285714284e-06  7.6430357142857135e+00  1.4054794285714285e+01  1.8470005714285715e+01  2.0743564285714285e+01  2.1194579999999998e+01  2.0337004285714286e+01  1.8674935714285716e+01  1.6608287142857144e+01  1.4415012857142857e+01  1.2271049999999999e+01  1.0276058571428571e+01  8.4754371428571424e+00  6.8773885714285710e+00  5.4666857142857141e+00  4.2156510000000003e+00  3.0922320000000001e+00  2.0645695714285712e+00  1.1032230000000001e+00  1.8268375714285714e-01 -7.1675057142857146e-01 -1.6057800000000000e+00 -2.4806901428571426e+00 -3.3156278571428572e+00 -4.0535361428571424e+00 -4.6007044285714285e+00 -4.8328028571428572e+00 -4.6246765714285711e+00 -3.9057150000000003e+00 -2.7225188571428571e+00 -1.2570124285714284e+00
  -2.0000000000000000e-03  2.0154514285714287e-01  1.7747117142857143e+00  3.1243598571428572e+00  4.0176840000000000e+00  4.3774688571428566e+00  4.2658911428571429e+00  3.8119431428571433e+00  3.1458287142857144e+00  2.3669344285714282e+00  1.5365035714285715e+00  6.8341585714285713e-01 -1.8635430000000000e-01 -1.0817965714285713e+00 -2.0212405714285717e+00 -3.0293104285714287e+00 -4.1348811428571430e+00 -5.3699485714285720e+00 -6.7674514285714285e+00 -8.3561657142857140e+00 -1.0152308571428572e+01 -1.2149279999999999e+01 -1.4305499999999999e+01 -1.6529841428571427e+01 -1.8659237142857140e+01 -2.0429262857142856e+01 -2.1443258571428572e+01 -2.1171621428571427e+01 -1.9033928571428572e+01 -1.4617491428571428e+01 -8.0022642857142845e+00  3.1898035714285714e-06  8.0022642857142845e+00  1.4617397142857142e+01  1.9033928571428572e+01  2.1171621428571427e+01  2.1443258571428572e+01  2.0429215714285714e+01  1.8659284285714286e+01  1.6529747142857143e+01  1.4305499999999999e+01  1.2149327142857143e+01  1.0152355714285713e+01  8.3561185714285724e+00  6.7674514285714285e+00  5.3699957142857144e+00  4.1348811428571430e+00  3.0292962857142856e+00  2.0212547142857145e+00  1.0817918571428571e+00  1.8635430000000000e-01 -6.8341585714285713e-01 -1.5365035714285715e+00 -2.3669438571428572e+00 -3.1458051428571432e+00 -3.8119431428571433e+00 -4.2658958571428576e+00 -4.3774641428571428e+00 -4.0176792857142853e+00 -3.1243174285714286e+00 -1.7747070000000000e+00 -2.0156447142857142e-01
  -2.5000000000000001e-03 -1.2582192857142858e+00  4.7799085714285711e-01  2.0841857142857143e+00  3.2403548571428571e+00  3.8182980000000000e+00  3.8705558571428567e+00  3.5352994285714283e+00  2.9557911428571431e+00  2.2419445714285713e+00  1.4625128571428572e+00  6.5095799999999993e-01 -1.8405325714285714e-01 -1.0495650000000001e+00 -1.9624251428571429e+00 -2.9463295714285715e+00 -4.0298845714285711e+00 -5.2458685714285709e+00 -6.6287571428571423e+00 -8.2092685714285700e+00 -1.0004610000000001e+01 -1.2009077142857143e+01 -1.4185427142857142e+01 -1.6454082857142858e+01 -1.8671164285714283e+01 -2.0592707142857144e+01 -2.1829217142857143e+01 -2.1819317142857141e+01 -1.9887685714285713e+01 -1.5475067142857140e+01 -8.5551557142857142e+00  4.0811760000000002e-06  8.5551557142857142e+00  1.5475067142857140e+01  1.9887685714285713e+01  2.1819364285714283e+01  2.1829264285714284e+01  2.0592707142857144e+01  1.8671117142857145e+01  1.6454035714285716e+01  1.4185379999999999e+01  1.2009077142857143e+01  1.0004657142857143e+01  8.2092214285714284e+00  6.6287571428571423e+00  5.2458685714285709e+00  4.0299128571428566e+00  2.9463625714285713e+00  1.9624204285714284e+00  1.0495319999999999e+00  1.8403534285714285e-01 -6.5093442857142858e-01 -1.4625128571428572e+00 -2.2419351428571428e+00 -2.9558052857142858e+00 -3.5353371428571427e+00 -3.8705841428571430e+00 -3.8182932857142862e+00 -3.2403689999999998e+00 -2.0841951428571428e+00 -4.7803328571428572e-01  1.2582192857142858e+00
  -3.0000000000000001e-03 -3.2189190000000001e+00 -1.2377074285714287e+00  7.6107428571428570e-01  2.3057854285714288e+00  3.1866402857142857e+00  3.4493108571428572e+00  3.2542242857142853e+00  2.7686858571428568e+00  2.1218528571428568e+00  1.3945800000000002e+00  6.2650028571428573e-01 -1.7104654285714285e-01 -1.0032942857142857e+00 -1.8860159999999999e+00 -2.8418939999999999e+00 -3.8996194285714285e+00 -5.0938328571428571e+00 -6.4623428571428567e+00 -8.0390828571428585e+00 -9.8417314285714284e+00 -1.1863170000000000e+01 -1.4070822857142858e+01 -1.6400104285714285e+01 -1.8734807142857139e+01 -2.0862270000000002e+01 -2.2408414285714287e+01 -2.2774054285714286e+01 -2.1153754285714285e+01 -1.6767959999999999e+01 -9.4004742857142851e+00  5.0540914285714290e-06  9.4004742857142851e+00  1.6767959999999999e+01  2.1153707142857140e+01  2.2774054285714286e+01  2.2408555714285711e+01  2.0862175714285716e+01  1.8734807142857139e+01  1.6400151428571430e+01  1.4070728571428571e+01  1.1863217142857144e+01  9.8417785714285717e+00  8.0391771428571435e+00  6.4623428571428567e+00  5.0937857142857137e+00  3.8996948571428574e+00  2.8418374285714285e+00  1.8860961428571430e+00  1.0032990000000002e+00  1.7100364285714284e-01 -6.2647200000000003e-01 -1.3945658571428572e+00 -2.1218528571428568e+00 -2.7686764285714287e+00 -3.2541158571428568e+00 -3.4493014285714283e+00 -3.1866355714285715e+00 -2.3057854285714288e+00 -7.6105071428571425e-01  1.2377498571428571e+00  3.2189378571428571e+00
  -3.5000000000000001e-03 -5.8280357142857149e+00 -3.4741504285714284e+00 -8.6847985714285714e-01  1.2464712857142857e+00  2.5359132857142854e+00  3.0546308571428571e+00  3.0106889999999997e+00  2.6144768571428574e+00  2.0261104285714286e+00  1.3451978571428571e+00  6.1812299999999998e-01 -1.4180241428571427e-01 -9.3937800000000005e-01 -1.7896182857142857e+00 -2.7141038571428568e+00 -3.7423602857142857e+00 -4.9121914285714290e+00 -6.2681614285714282e+00 -7.8503228571428574e+00 -9.6747514285714296e+00 -1.1728294285714286e+01 -1.3981204285714286e+01 -1.6390534285714285e+01 -1.8878592857142856e+01 -2.1281228571428571e+01 -2.3254817142857142e+01 -2.4160101428571426e+01 -2.3019102857142858e+01 -1.8717929999999999e+01 -1.0702748571428572e+01  6.1331442857142853e-06  1.0702795714285713e+01  1.8717977142857141e+01  2.3019055714285713e+01  2.4160054285714288e+01  2.3254864285714284e+01  2.1281275714285712e+01  1.8878592857142856e+01  1.6390628571428572e+01  1.3981157142857143e+01  1.1728294285714286e+01  9.6747514285714296e+00  7.8503228571428574e+00  6.2682085714285716e+00  4.9122385714285715e+00  3.7423932857142859e+00  2.7140378571428569e+00  1.7895522857142856e+00  9.3959485714285707e-01  1.4178497142857144e-01 -6.1807114285714282e-01 -1.3451978571428571e+00 -2.0261434285714288e+00 -2.6144061428571428e+00 -3.0107125714285714e+00 -3.0545507142857145e+00 -2.5359274285714286e+00 -1.2465608571428570e+00  8.6844685714285719e-01  3.4741787142857139e+00  5.8280828571428573e+00
  -4.0000000000000001e-03 -9.3148157142857144e+00 -6.3788999999999998e+00 -2.8153290000000002e+00  1.3304091428571430e-01  1.9541845714285715e+00  2.7629202857142854e+00  2.8619155714285713e+00  2.5300817142857142e+00  1.9764454285714284e+00  1.3269158571428572e+00  6.3407614285714287e-01 -9.1159200000000010e-02 -8.5465757142857146e-01 -1.6709785714285714e+00 -2.5610687142857143e+00 -3.5555284285714284e+00 -4.6976065714285715e+00 -6.0439499999999997e+00 -7.6470899999999995e+00 -9.5180014285714272e+00 -1.1625664285714285e+01 -1.3940755714285714e+01 -1.6451065714285715e+01 -1.9133494285714285e+01 -2.1898658571428573e+01 -2.4461532857142856e+01 -2.6148634285714284e+01 -2.5762675714285713e+01 -2.1687929999999998e+01 -1.2748512857142858e+01  7.3279328571428562e-06  1.2748512857142858e+01  2.1687929999999998e+01  2.5762675714285713e+01  2.6148540000000001e+01  2.4461438571428573e+01  2.1898752857142856e+01  1.9133399999999998e+01  1.6451159999999998e+01  1.3940897142857143e+01  1.1625570000000000e+01  9.5178128571428573e+00  7.6470428571428570e+00  6.0438557142857139e+00  4.6975358571428574e+00  3.5555897142857140e+00  2.5611299999999999e+00  1.6709031428571428e+00  8.5473299999999997e-01  9.1060671428571424e-02 -6.3392057142857150e-01 -1.3269959999999998e+00 -1.9764690000000003e+00 -2.5301052857142854e+00 -2.8620051428571429e+00 -2.7630098571428570e+00 -1.9540950000000001e+00 -1.3311822857142858e-01  2.8153902857142854e+00  6.3788528571428573e+00  9.3148157142857144e+00
  -4.4999999999999997e-03 -1.4050315714285714e+01 -1.0168431428571429e+01 -5.0500842857142860e+00 -8.9429999999999998e-01  1.5815721428571428e+00  2.6823720000000000e+00  2.8820267142857143e+00  2.5587587142857142e+00  1.9945624285714283e+00  1.3519581428571428e+00  6.8216657142857140e-01 -1.3651628571428572e-02 -7.4544642857142862e-01 -1.5277868571428570e+00 -2.3810819999999997e+00 -3.3360784285714287e+00 -4.4433840000000000e+00 -5.7822600000000000e+00 -7.4312699999999996e+00 -9.3896314285714286e+00 -1.1582858571428572e+01 -1.3978045714285715e+01 -1.6608287142857144e+01 -1.9528692857142858e+01 -2.2765002857142857e+01 -2.6140431428571425e+01 -2.8966692857142856e+01 -2.9794380000000000e+01 -2.6272148571428570e+01 -1.6049267142857143e+01  1.0670738571428570e-05  1.6049172857142857e+01  2.6272148571428570e+01  2.9794474285714287e+01  2.8966692857142856e+01  2.6140478571428570e+01  2.2765002857142857e+01  1.9528645714285712e+01  1.6608145714285712e+01  1.3977951428571430e+01  1.1582858571428572e+01  9.3898200000000003e+00  7.4313642857142854e+00  5.7822128571428566e+00  4.4433509999999998e+00  3.3360265714285711e+00  2.3810254285714283e+00  1.5278528571428571e+00  7.4540399999999996e-01  1.3497424285714286e-02 -6.8210057142857139e-01 -1.3518685714285714e+00 -1.9944964285714284e+00 -2.5588247142857141e+00 -2.8819041428571426e+00 -2.6825605714285712e+00 -1.5814731428571427e+00  8.9430942857142848e-01  5.0499899999999993e+00  1.0168431428571429e+01  1.4050362857142856e+01
  -5.0000000000000001e-03 -2.0670021428571427e+01 -1.5165951428571429e+01 -7.4341928571428575e+00 -1.5710687142857143e+00  1.6301528571428572e+00  2.9585112857142857e+00  3.1640447142857142e+00  2.7473442857142856e+00  2.0979749999999999e+00  1.4289660000000000e+00  7.6911685714285705e-01  9.5748557142857141e-02 -6.0864257142857148e-01 -1.3590578571428571e+00 -2.1732149999999999e+00 -3.0804038571428571e+00 -4.1393502857142854e+00 -5.4664500000000000e+00 -7.2010714285714288e+00 -9.3176914285714290e+00 -1.1638015714285713e+01 -1.4126121428571428e+01 -1.6888787142857144e+01 -2.0085402857142856e+01 -2.3918965714285715e+01 -2.8414461428571428e+01 -3.2904582857142856e+01 -3.5702134285714287e+01 -3.3461528571428573e+01 -2.1563048571428570e+01  1.0396885714285714e-05  2.1563048571428570e+01  3.3461575714285715e+01  3.5701851428571430e+01  3.2904677142857139e+01  2.8414555714285711e+01  2.3918871428571428e+01  2.0085402857142856e+01  1.6888975714285714e+01  1.4126027142857144e+01  1.1638015714285713e+01  9.3173142857142857e+00  7.2008828571428571e+00  5.4664971428571425e+00  4.1394539999999997e+00  3.0804934285714283e+00  2.1730924285714286e+00  1.3590578571428571e+00  6.0873685714285719e-01 -9.5873485714285708e-02 -7.6904142857142854e-01 -1.4289895714285714e+00 -2.0979514285714282e+00 -2.7474479999999999e+00 -3.1640117142857145e+00 -2.9585159999999999e+00 -1.6300727142857143e+00  1.5710027142857144e+00  7.4341457142857141e+00  1.5165904285714284e+01  2.0670021428571427e+01
# Vertical Kick [micro-rad]
START
                          -2.9999999999999999e-02 -2.9000000000000001e-02 -2.8000000000000001e-02 -2.7000000000000000e-02 -2.5999999999999999e-02 -2.5000000000000001e-02 -2.4000000000000000e-02 -2.3000000000000000e-02 -2.1999999999999999e-02 -2.1000000000000001e-02 -2.0000000000000000e-02 -1.9000000000000000e-02 -1.7999999999999999e-02 -1.7000000000000001e-02 -1.6000000000000000e-02 -1.4999999999999999e-02 -1.4000000000000000e-02 -1.2999999999999999e-02 -1.2000000000000000e-02 -1.0999999999999999e-02 -1.0000000000000000e-02 -8.9999999999999993e-03 -8.0000000000000002e-03 -7.0000000000000001e-03 -6.0000000000000001e-03 -5.0000000000000001e-03 -4.0000000000000001e-03 -3.0000000000000001e-03 -2.0000000000000000e-03 -1.0000000000000000e-03  0.0000000000000000e+00  1.0000000000000000e-03  2.0000000000000000e-03  3.0000000000000001e-03  4.0000000000000001e-03  5.0000000000000001e-03  6.0000000000000001e-03  7.0000000000000001e-03  8.0000000000000002e-03  8.9999999999999993e-03  1.0000000000000000e-02  1.0999999999999999e-02  1.2000000000000000e-02  1.2999999999999999e-02  1.4000000000000000e-02  1.4999999999999999e-02  1.6000000000000000e-02  1.7000000000000001e-02  1.7999999999999999e-02  1.9000000000000000e-02  2.0000000000000000e-02  2.1000000000000001e-02  2.1999999999999999e-02  2.3000000000000000e-02  2.4000000000000000e-02  2.5000000000000001e-02  2.5999999999999999e-02  2.7000000000000000e-02  2.8000000000000001e-02  2.9000000000000001e-02  2.9999999999999999e-02
   5.0000000000000001e-03 -5.2660928571428570e+01 -6.6835371428571420e+01 -7.4827971428571431e+01 -7.7261014285714282e+01 -7.7122885714285715e+01 -7.6199357142857139e+01 -7.5208885714285714e+01 -7.4467328571428581e+01 -7.4048228571428567e+01 -7.3806857142857140e+01 -7.3598014285714285e+01 -7.3363714285714281e+01 -7.3086042857142857e+01 -7.2754628571428569e+01 -7.2352499999999992e+01 -7.1857971428571418e+01 -7.1248414285714290e+01 -7.0547871428571426e+01 -6.9927471428571423e+01 -6.9653099999999995e+01 -6.9757757142857145e+01 -7.0096242857142855e+01 -7.0648285714285720e+01 -7.1599157142857152e+01 -7.3453285714285713e+01 -7.7248285714285714e+01 -8.4366857142857143e+01 -9.6036128571428563e+01 -1.1242958571428571e+02 -1.2950755714285714e+02 -1.3730640000000000e+02 -1.2950755714285714e+02 -1.1242958571428571e+02 -9.6036128571428563e+01 -8.4366857142857143e+01 -7.7248757142857130e+01 -7.3453285714285713e+01 -7.1599157142857152e+01 -7.0648285714285720e+01 -7.0096242857142855e+01 -6.9757757142857145e+01 -6.9653099999999995e+01 -6.9927471428571423e+01 -7.0547871428571426e+01 -7.1248414285714290e+01 -7.1857971428571418e+01 -7.2352499999999992e+01 -7.2754157142857139e+01 -7.3086514285714287e+01 -7.3363714285714281e+01 -7.3598014285714285e+01 -7.3806857142857140e+01 -7.4048228571428567e+01 -7.4466857142857151e+01 -7.5208885714285714e+01 -7.6199357142857139e+01 -7.7122885714285715e+01 -7.7261014285714282e+01 -7.4827971428571431e+01 -6.6835371428571420e+01 -5.2660928571428570e+01
   4.4999999999999997e-03 -4.3364828571428575e+01 -5.3507142857142853e+01 -6.0172671428571427e+01 -6.3286457142857138e+01 -6.4296728571428574e+01 -6.4378757142857140e+01 -6.4148700000000005e+01 -6.3904499999999999e+01 -6.3748928571428564e+01 -6.3646628571428572e+01 -6.3532542857142850e+01 -6.3374142857142857e+01 -6.3159171428571419e+01 -6.2881499999999996e+01 -6.2532642857142861e+01 -6.2102228571428569e+01 -6.1586014285714285e+01 -6.1015114285714276e+01 -6.0494657142857143e+01 -6.0164185714285708e+01 -6.0062828571428575e+01 -6.0148157142857144e+01 -6.0436671428571437e+01 -6.1092428571428570e+01 -6.2510957142857137e+01 -6.5395157142857144e+01 -7.0618114285714285e+01 -7.8823328571428561e+01 -8.9613385714285712e+01 -1.0001734285714285e+02 -1.0453268571428571e+02 -1.0001734285714285e+02 -8.9613385714285712e+01 -7.8823328571428561e+01 -7.0618585714285715e+01 -6.5395157142857144e+01 -6.2510957142857137e+01 -6.1092428571428570e+01 -6.0436671428571437e+01 -6.0148157142857144e+01 -6.0062828571428575e+01 -6.0164185714285708e+01 -6.0494657142857143e+01 -6.1015114285714276e+01 -6.1586014285714285e+01 -6.2102699999999999e+01 -6.2532642857142861e+01 -6.2881499999999996e+01 -6.3159171428571419e+01 -6.3374142857142857e+01 -6.3532542857142850e+01 -6.3646628571428572e+01 -6.3748928571428564e+01 -6.3904499999999999e+01 -6.4148228571428575e+01 -6.4378757142857140e+01 -6.4296728571428574e+01 -6.3286457142857138e+01 -6.0172671428571427e+01 -5.3507142857142853e+01 -4.3364828571428575e+01
   4.0000000000000001e-03 -3.5733437142857142e+01 -4.3218261428571431e+01 -4.8637285714285717e+01 -5.1771814285714285e+01 -5.3313857142857145e+01 -5.3986585714285710e+01 -5.4249642857142859e+01 -5.4353828571428572e+01 -5.4407100000000000e+01 -5.4426428571428573e+01 -5.4394842857142855e+01 -5.4301028571428567e+01 -5.4141214285714284e+01 -5.3914457142857145e+01 -5.3617457142857141e+01 -5.3248799999999996e+01 -5.2810842857142852e+01 -5.2330928571428565e+01 -5.1872700000000002e+01 -5.1513942857142858e+01 -5.1290957142857145e+01 -5.1204214285714279e+01 -5.1290485714285715e+01 -5.1690728571428572e+01 -5.2703828571428573e+01 -5.4812528571428572e+01 -5.8567457142857137e+01 -6.4275042857142864e+01 -7.1417185714285722e+01 -7.7934685714285720e+01 -8.0662371428571433e+01 -7.7934685714285720e+01 -7.1417185714285722e+01 -6.4275042857142864e+01 -5.8567457142857137e+01 -5.4812528571428572e+01 -5.2703828571428573e+01 -5.1690728571428572e+01 -5.1290485714285715e+01 -5.1204214285714279e+01 -5.1290957142857145e+01 -5.1514414285714281e+01 -5.1872700000000002e+01 -5.2330928571428565e+01 -5.2810842857142852e+01 -5.3248799999999996e+01 -5.3617928571428571e+01 -5.3914457142857145e+01 -5.4141214285714284e+01 -5.4301028571428567e+01 -5.4394842857142855e+01 -5.4426428571428573e+01 -5.4407100000000000e+01 -5.4353828571428572e+01 -5.4249642857142859e+01 -5.3986585714285710e+01 -5.3313857142857145e+01 -5.1771814285714285e+01 -4.8637757142857147e+01 -4.3218308571428572e+01 -3.5733437142857142e+01
   3.5000000000000001e-03 -2.9313381428571429e+01 -3.4939834285714284e+01 -3.9286075714285715e+01 -4.2144158571428569e+01 -4.3842102857142855e+01 -4.4806881428571430e+01 -4.5354964285714281e+01 -4.5679024285714291e+01 -4.5878155714285718e+01 -4.5989648571428567e+01 -4.6022790000000001e+01 -4.5981021428571424e+01 -4.5868020000000001e+01 -4.5686897142857148e+01 -4.5439538571428571e+01 -4.5127358571428573e+01 -4.4756721428571431e+01 -4.4347427142857143e+01 -4.3938085714285712e+01 -4.3574520000000000e+01 -4.3286147142857146e+01 -4.3090787142857145e+01 -4.3033367142857138e+01 -4.3229952857142855e+01 -4.3905227142857143e+01 -4.5393479999999997e+01 -4.8044699999999999e+01 -5.1988199999999999e+01 -5.6748214285714283e+01 -6.0925071428571435e+01 -6.2629285714285707e+01 -6.0925071428571435e+01 -5.6748214285714283e+01 -5.1988199999999999e+01 -4.8044699999999999e+01 -4.5393479999999997e+01 -4.3905321428571426e+01 -4.3230000000000004e+01 -4.3033414285714287e+01 -4.3090881428571429e+01 -4.3286147142857146e+01 -4.3574520000000000e+01 -4.3938132857142854e+01 -4.4347521428571426e+01 -4.4756815714285715e+01 -4.5127452857142856e+01 -4.5439538571428571e+01 -4.5686897142857148e+01 -4.5867972857142853e+01 -4.5981068571428573e+01 -4.6022837142857142e+01 -4.5989648571428567e+01 -4.5878108571428569e+01 -4.5679024285714291e+01 -4.5354917142857147e+01 -4.4806787142857146e+01 -4.3842055714285713e+01 -4.2144158571428569e+01 -3.9286075714285715e+01 -3.4939881428571432e+01 -2.9313428571428570e+01
   3.0000000000000001e-03 -2.3794367142857144e+01 -2.8055562857142856e+01 -3.1498170000000002e+01 -3.3960488571428570e+01 -3.5595072857142853e+01 -3.6647584285714288e+01 -3.7324037142857144e+01 -3.7763455714285712e+01 -3.8047302857142860e+01 -3.8217582857142858e+01 -3.8295038571428570e+01 -3.8291832857142857e+01 -3.8216639999999998e+01 -3.8075824285714290e+01 -3.7873628571428569e+01 -3.7613965714285712e+01 -3.7302917142857140e+01 -3.6954248571428572e+01 -3.6591389999999997e+01 -3.6242344285714289e+01 -3.5930352857142857e+01 -3.5677902857142861e+01 -3.5528884285714284e+01 -3.5577865714285714e+01 -3.5992911428571432e+01 -3.7008462857142852e+01 -3.8849108571428573e+01 -4.1556947142857140e+01 -4.4746632857142856e+01 -4.7470971428571424e+01 -4.8562799999999996e+01 -4.7470971428571424e+01 -4.4746679999999998e+01 -4.1556852857142850e+01 -3.8849155714285715e+01 -3.7008557142857143e+01 -3.5992958571428566e+01 -3.5577865714285714e+01 -3.5528978571428574e+01 -3.5677997142857144e+01 -3.5930399999999999e+01 -3.6242391428571423e+01 -3.6591437142857146e+01 -3.6954295714285713e+01 -3.7302917142857140e+01 -3.7613918571428570e+01 -3.7873675714285710e+01 -3.8075777142857142e+01 -3.8216687142857147e+01 -3.8291832857142857e+01 -3.8295085714285712e+01 -3.8217630000000000e+01 -3.8047255714285711e+01 -3.7763502857142853e+01 -3.7324131428571427e+01 -3.6647489999999998e+01 -3.5595072857142853e+01 -3.3960488571428570e+01 -3.1498217142857147e+01 -2.8055562857142856e+01 -2.3794319999999999e+01
   2.5000000000000001e-03 -1.8952701428571427e+01 -2.2166477142857140e+01 -2.4846360000000001e+01 -2.6876190000000001e+01 -2.8324795714285713e+01 -2.9330635714285716e+01 -3.0022362857142856e+01 -3.0494545714285714e+01 -3.0809554285714285e+01 -3.1005810000000004e+01 -3.1106978571428570e+01 -3.1128852857142856e+01 -3.1082558571428571e+01 -3.0976157142857140e+01 -3.0815117142857140e+01 -3.0603917142857142e+01 -3.0347837142857141e+01 -3.0056022857142857e+01 -2.9742570000000001e+01 -2.9424968571428572e+01 -2.9121038571428571e+01 -2.8852371428571427e+01 -2.8657671428571430e+01 -2.8612508571428570e+01 -2.8841669999999997e+01 -2.9510627142857143e+01 -3.0765805714285715e+01 -3.2610128571428575e+01 -3.4750037142857138e+01 -3.6544529999999995e+01 -3.7255397142857142e+01 -3.6544529999999995e+01 -3.4750037142857138e+01 -3.2610081428571426e+01 -3.0765852857142860e+01 -2.9510579999999997e+01 -2.8841669999999997e+01 -2.8612555714285715e+01 -2.8657718571428571e+01 -2.8852371428571427e+01 -2.9121085714285712e+01 -2.9425015714285713e+01 -2.9742617142857142e+01 -3.0056022857142857e+01 -3.0347837142857141e+01 -3.0603917142857142e+01 -3.0815164285714285e+01 -3.0976157142857140e+01 -3.1082605714285712e+01 -3.1128852857142856e+01 -3.1106978571428570e+01 -3.1005810000000004e+01 -3.0809554285714285e+01 -3.0494545714285714e+01 -3.0022410000000001e+01 -2.9330682857142858e+01 -2.8324842857142855e+01 -2.6876237142857143e+01 -2.4846360000000001e+01 -2.2166429999999998e+01 -1.8952701428571427e+01
   2.0000000000000000e-03 -1.4619565714285713e+01 -1.6995990000000003e+01 -1.9022661428571428e+01 -2.0619908571428571e+01 -2.1817242857142858e+01 -2.2691035714285714e+01 -2.3318412857142857e+01 -2.3760801428571426e+01 -2.4062987142857143e+01 -2.4256037142857142e+01 -2.4361919999999998e+01 -2.4396287142857140e+01 -2.4370641428571428e+01 -2.4293091428571429e+01 -2.4169247142857142e+01 -2.4003492857142856e+01 -2.3799882857142858e+01 -2.3564262857142857e+01 -2.3305118571428569e+01 -2.3033292857142857e+01 -2.2762127142857143e+01 -2.2509724285714285e+01 -2.2308094285714287e+01 -2.2215081428571430e+01 -2.2322472857142859e+01 -2.2746381428571425e+01 -2.3582271428571431e+01 -2.4819630000000000e+01 -2.6243768571428571e+01 -2.7424178571428570e+01 -2.7888252857142856e+01 -2.7424178571428570e+01 -2.6243768571428571e+01 -2.4819441428571430e+01 -2.3582318571428569e+01 -2.2746381428571425e+01 -2.2322472857142859e+01 -2.2215081428571430e+01 -2.2308235714285715e+01 -2.2509724285714285e+01 -2.2762174285714284e+01 -2.3033339999999999e+01 -2.3305071428571431e+01 -2.3564262857142857e+01 -2.3799882857142858e+01 -2.4003445714285714e+01 -2.4169247142857142e+01 -2.4293091428571429e+01 -2.4370641428571428e+01 -2.4396334285714286e+01 -2.4361919999999998e+01 -2.4256037142857142e+01 -2.4063034285714284e+01 -2.3760848571428571e+01 -2.3318412857142857e+01 -2.2690988571428569e+01 -2.1817242857142858e+01 -2.0619955714285712e+01 -1.9022708571428570e+01 -1.6996037142857141e+01 -1.4619565714285713e+01
   1.5000000000000000e-03 -1.0661404285714287e+01 -1.2340632857142857e+01 -1.3795367142857142e+01 -1.4973467142857142e+01 -1.5886577142857142e+01 -1.6575617142857144e+01 -1.7084901428571428e+01 -1.7452238571428570e+01 -1.7707375714285714e+01 -1.7873271428571428e+01 -1.7967557142857142e+01 -1.8003574285714286e+01 -1.7991222857142859e+01 -1.7937621428571429e+01 -1.7847767142857140e+01 -1.7725148571428569e+01 -1.7572877142857141e+01 -1.7394299999999998e+01 -1.7194555714285716e+01 -1.6980338571428572e+01 -1.6760794285714283e+01 -1.6550065714285715e+01 -1.6372148571428571e+01 -1.6269235714285713e+01 -1.6306148571428572e+01 -1.6561709999999998e+01 -1.7097582857142857e+01 -1.7899907142857142e+01 -1.8821220000000000e+01 -1.9579418571428572e+01 -1.9875947142857143e+01 -1.9579418571428572e+01 -1.8821220000000000e+01 -1.7900001428571429e+01 -1.7097582857142857e+01 -1.6561709999999998e+01 -1.6306148571428572e+01 -1.6269282857142855e+01 -1.6372148571428571e+01 -1.6550065714285715e+01 -1.6760841428571428e+01 -1.6980338571428572e+01 -1.7194555714285716e+01 -1.7394347142857143e+01 -1.7572877142857141e+01 -1.7725195714285714e+01 -1.7847767142857140e+01 -1.7937668571428571e+01 -1.7991222857142859e+01 -1.8003574285714286e+01 -1.7967557142857142e+01 -1.7873271428571428e+01 -1.7707375714285714e+01 -1.7452238571428570e+01 -1.7084901428571428e+01 -1.6575617142857144e+01 -1.5886577142857142e+01 -1.4973467142857142e+01 -1.3795367142857142e+01 -1.2340679999999999e+01 -1.0661404285714287e+01
   1.0000000000000000e-03 -6.9675257142857143e+00 -8.0413457142857148e+00 -8.9811385714285699e+00 -9.7559314285714294e+00 -1.0369589999999999e+01 -1.0842762857142857e+01 -1.1199210000000001e+01 -1.1460145714285714e+01 -1.1643484285714285e+01 -1.1764122857142857e+01 -1.1834224285714287e+01 -1.1863217142857144e+01 -1.1858361428571428e+01 -1.1824890000000000e+01 -1.1766432857142856e+01 -1.1685488571428571e+01 -1.1583990000000000e+01 -1.1463964285714285e+01 -1.1328051428571428e+01 -1.1180258571428570e+01 -1.1026289999999999e+01 -1.0875668571428571e+01 -1.0744517142857143e+01 -1.0660178571428572e+01 -1.0664232857142856e+01 -1.0805755714285713e+01 -1.1122178571428572e+01 -1.1601904285714285e+01 -1.2153098571428570e+01 -1.2604444285714285e+01 -1.2780617142857142e+01 -1.2604680000000000e+01 -1.2153098571428570e+01 -1.1601857142857142e+01 -1.1122131428571429e+01 -1.0805802857142856e+01 -1.0664232857142856e+01 -1.0660225714285714e+01 -1.0744517142857143e+01 -1.0875715714285715e+01 -1.1026289999999999e+01 -1.1180258571428570e+01 -1.1328098571428571e+01 -1.1464011428571428e+01 -1.1583990000000000e+01 -1.1685488571428571e+01 -1.1766432857142856e+01 -1.1824890000000000e+01 -1.1858361428571428e+01 -1.1863217142857144e+01 -1.1834224285714287e+01 -1.1764170000000000e+01 -1.1643531428571428e+01 -1.1460145714285714e+01 -1.1199257142857142e+01 -1.0842762857142857e+01 -1.0369589999999999e+01 -9.7559314285714294e+00 -8.9811385714285699e+00 -8.0413457142857148e+00 -6.9675257142857143e+00
   5.0000000000000001e-04 -3.4425929999999996e+00 -3.9663831428571426e+00 -4.4275251428571423e+00 -4.8114942857142857e+00 -5.1193842857142853e+00 -5.3597657142857136e+00 -5.5427271428571432e+00 -5.6778385714285715e+00 -5.7733971428571431e+00 -5.8367571428571425e+00 -5.8739528571428563e+00 -5.8899814285714287e+00 -5.8885671428571431e+00 -5.8725385714285707e+00 -5.8437342857142855e+00 -5.8034742857142856e+00 -5.7527485714285715e+00 -5.6924057142857141e+00 -5.6235771428571431e+00 -5.5481485714285714e+00 -5.4689485714285713e+00 -5.3905500000000002e+00 -5.3211557142857142e+00 -5.2744842857142853e+00 -5.2703828571428577e+00 -5.3327057142857139e+00 -5.4791314285714288e+00 -5.7034842857142856e+00 -5.9612142857142851e+00 -6.1719900000000001e+00 -6.2542071428571431e+00 -6.1719900000000001e+00 -5.9612142857142851e+00 -5.7034842857142856e+00 -5.4791314285714288e+00 -5.3327057142857139e+00 -5.2703828571428577e+00 -5.2745314285714286e+00 -5.3212028571428567e+00 -5.3905971428571426e+00 -5.4689957142857137e+00 -5.5481957142857148e+00 -5.6236242857142855e+00 -5.6924528571428565e+00 -5.7527485714285715e+00 -5.8035214285714281e+00 -5.8437814285714280e+00 -5.8725385714285707e+00 -5.8886142857142856e+00 -5.8899814285714287e+00 -5.8739528571428563e+00 -5.8367571428571425e+00 -5.7734442857142856e+00 -5.6778385714285715e+00 -5.5427271428571432e+00 -5.3597657142857136e+00 -5.1193842857142853e+00 -4.8115414285714291e+00 -4.4275581428571433e+00 -3.9663972857142857e+00 -3.4425788571428568e+00
   0.0000000000000000e+00  2.9068002857142857e-05  5.7345514285714284e-06  1.2057587142857142e-05  6.7872042857142853e-06  7.4415471428571422e-06 -7.4578585714285715e-06  8.0594485714285711e-06  8.2978028571428573e-06  8.5847614285714285e-06  8.7124714285714297e-06  8.9451214285714283e-06  8.9626585714285702e-06  8.8608300000000003e-06  9.1055957142857144e-06  9.1144114285714295e-06  9.1371814285714299e-06  9.2219442857142853e-06  9.0896614285714294e-06  9.0257828571428564e-06  9.1012114285714293e-06  8.7505157142857131e-06  8.4300857142857131e-06  8.1644357142857151e-06  7.6992771428571427e-06  7.0964614285714288e-06  6.3586757142857148e-06  5.3988471428571431e-06  4.2811512857142859e-06  3.0388002857142858e-05  1.5257691428571429e-06  0.0000000000000000e+00 -1.5205032857142858e-06 -2.9466972857142858e-06 -4.2176875714285718e-06 -5.2913614285714280e-06 -6.1766100000000001e-06 -6.8372700000000002e-06 -7.8791742857142856e-06 -7.7684357142857141e-06 -8.0527542857142854e-06 -8.2606071428571423e-06 -8.4108514285714294e-06 -8.5962642857142852e-06 -8.6579742857142857e-06 -8.6930485714285713e-06 -8.7536742857142855e-06 -8.7396257142857136e-06 -8.8057671428571424e-06 -8.6375142857142842e-06 -8.7188357142857144e-06 -9.0063599999999996e-06 -8.9753871428571429e-06 -8.5931528571428561e-06 -8.5070699999999999e-06 -8.2904014285714279e-06 -7.9946742857142865e-06 -7.7996442857142854e-06 -7.2441599999999998e-06 -6.6400714285714282e-06  1.7216147142857143e-05  7.6851342857142858e-07
  -5.0000000000000001e-04  3.4425788571428568e+00  3.9663784285714283e+00  4.4275345714285717e+00  4.8115414285714291e+00  5.1193842857142853e+00  5.3597657142857136e+00  5.5427271428571432e+00  5.6778385714285715e+00  5.7734442857142856e+00  5.8367571428571425e+00  5.8739528571428563e+00  5.8899814285714287e+00  5.8886142857142856e+00  5.8725385714285707e+00  5.8437342857142855e+00  5.8035214285714281e+00  5.7527485714285715e+00  5.6924057142857141e+00  5.6236242857142855e+00  5.5481957142857148e+00  5.4689957142857137e+00  5.3905971428571426e+00  5.3212028571428567e+00  5.2745314285714286e+00  5.2703828571428577e+00  5.3327057142857139e+00  5.4791314285714288e+00  5.7034842857142856e+00  5.9612142857142851e+00  6.1719900000000001e+00  6.2542071428571431e+00  6.1719900000000001e+00  5.9612142857142851e+00  5.7034842857142856e+00  5.4791314285714288e+00  5.3327057142857139e+00  5.2703828571428577e+00  5.2744842857142853e+00  5.3211557142857142e+00  5.3905500000000002e+00  5.4689485714285713e+00  5.5481485714285714e+00  5.6235771428571431e+00  5.6924057142857141e+00  5.7527485714285715e+00  5.8035214285714281e+00  5.8437342857142855e+00  5.8725385714285707e+00  5.8885671428571431e+00  5.8899814285714287e+00  5.8739528571428563e+00  5.8367571428571425e+00  5.7733971428571431e+00  5.6778385714285715e+00  5.5427271428571432e+00  5.3597657142857136e+00  5.1193842857142853e+00  4.8114942857142857e+00  4.4275392857142855e+00  3.9663878571428572e+00  3.4425929999999996e+00
  -1.0000000000000000e-03  6.9675257142857143e+00  8.0412985714285714e+00  8.9811857142857132e+00  9.7559314285714294e+00  1.0369542857142857e+01  1.0842762857142857e+01  1.1199257142857142e+01  1.1460145714285714e+01  1.1643531428571428e+01  1.1764170000000000e+01  1.1834224285714287e+01  1.1863217142857144e+01  1.1858361428571428e+01  1.1824890000000000e+01  1.1766432857142856e+01  1.1685488571428571e+01  1.1584037142857142e+01  1.1464011428571428e+01  1.1328051428571428e+01  1.1180258571428570e+01  1.1026289999999999e+01  1.0875668571428571e+01  1.0744517142857143e+01  1.0660225714285714e+01  1.0664232857142856e+01  1.0805802857142856e+01  1.1122131428571429e+01  1.1601951428571429e+01  1.2153098571428570e+01  1.2604632857142859e+01  1.2780617142857142e+01  1.2604444285714285e+01  1.2153098571428570e+01  1.1601904285714285e+01  1.1122178571428572e+01  1.0805755714285713e+01  1.0664232857142856e+01  1.0660178571428572e+01  1.0744470000000000e+01  1.0875715714285715e+01  1.1026289999999999e+01  1.1180258571428570e+01  1.1328051428571428e+01  1.1464011428571428e+01  1.1583990000000000e+01  1.1685488571428571e+01  1.1766432857142856e+01  1.1824890000000000e+01  1.1858361428571428e+01  1.1863170000000000e+01  1.1834224285714287e+01  1.1764122857142857e+01  1.1643484285714285e+01  1.1460145714285714e+01  1.1199210000000001e+01  1.0842762857142857e+01  1.0369589999999999e+01  9.7559314285714294e+00  8.9811385714285699e+00  8.0413457142857148e+00  6.9675257142857143e+00
  -1.5000000000000000e-03  1.0661404285714287e+01  1.2340679999999999e+01  1.3795367142857142e+01  1.4973467142857142e+01  1.5886577142857142e+01  1.6575617142857144e+01  1.7084948571428573e+01  1.7452285714285715e+01  1.7707375714285714e+01  1.7873271428571428e+01  1.7967557142857142e+01  1.8003574285714286e+01  1.7991222857142859e+01  1.7937621428571429e+01  1.7847767142857140e+01  1.7725195714285714e+01  1.7572877142857141e+01  1.7394347142857143e+01  1.7194555714285716e+01  1.6980385714285713e+01  1.6760841428571428e+01  1.6550065714285715e+01  1.6372148571428571e+01  1.6269424285714287e+01  1.6306148571428572e+01  1.6561709999999998e+01  1.7097582857142857e+01  1.7900001428571429e+01  1.8821220000000000e+01  1.9579418571428572e+01  1.9875947142857143e+01  1.9579418571428572e+01  1.8821220000000000e+01  1.7899907142857142e+01  1.7097582857142857e+01  1.6561709999999998e+01  1.6306148571428572e+01  1.6269235714285713e+01  1.6372148571428571e+01  1.6550065714285715e+01  1.6760794285714283e+01  1.6980338571428572e+01  1.7194508571428571e+01  1.7394347142857143e+01  1.7572877142857141e+01  1.7725148571428569e+01  1.7847767142857140e+01  1.7937621428571429e+01  1.7991222857142859e+01  1.8003527142857145e+01  1.7967557142857142e+01  1.7873271428571428e+01  1.7707375714285714e+01  1.7452238571428570e+01  1.7084901428571428e+01  1.6575617142857144e+01  1.5886577142857142e+01  1.4973467142857142e+01  1.3795319999999998e+01  1.2340632857142857e+01  1.0661404285714287e+01
  -2.0000000000000000e-03  1.4619565714285713e+01  1.6996037142857141e+01  1.9022708571428570e+01  2.0619955714285712e+01  2.1817242857142858e+01  2.2691035714285714e+01  2.3318459999999998e+01  2.3760895714285713e+01  2.4063034285714284e+01  2.4256037142857142e+01  2.4361919999999998e+01  2.4396334285714286e+01  2.4370641428571428e+01  2.4293091428571429e+01  2.4169247142857142e+01  2.4003492857142856e+01  2.3799882857142858e+01  2.3564262857142857e+01  2.3305118571428569e+01  2.3033292857142857e+01  2.2762174285714284e+01  2.2509724285714285e+01  2.2308188571428570e+01  2.2215081428571430e+01  2.2322472857142859e+01  2.2746381428571425e+01  2.3582318571428569e+01  2.4819441428571430e+01  2.6243768571428571e+01  2.7424178571428570e+01  2.7888252857142856e+01  2.7424178571428570e+01  2.6243768571428571e+01  2.4819630000000000e+01  2.3582271428571431e+01  2.2746381428571425e+01  2.2322472857142859e+01  2.2215081428571430e+01  2.2308141428571428e+01  2.2509724285714285e+01  2.2762127142857143e+01  2.3033292857142857e+01  2.3305071428571431e+01  2.3564262857142857e+01  2.3799929999999996e+01  2.4003445714285714e+01  2.4169247142857142e+01  2.4293091428571429e+01  2.4370641428571428e+01  2.4396287142857140e+01  2.4361919999999998e+01  2.4256037142857142e+01  2.4062987142857143e+01  2.3760848571428571e+01  2.3318412857142857e+01  2.2690988571428569e+01  2.1817242857142858e+01  2.0619908571428571e+01  1.9022661428571428e+01  1.6995990000000003e+01  1.4619518571428571e+01
  -2.5000000000000001e-03  1.8952701428571427e+01  2.2166429999999998e+01  2.4846360000000001e+01  2.6876237142857143e+01  2.8324842857142855e+01  2.9330682857142858e+01  3.0022362857142856e+01  3.0494545714285714e+01  3.0809554285714285e+01  3.1005810000000004e+01  3.1107025714285715e+01  3.1128852857142856e+01  3.1082605714285712e+01  3.0976204285714285e+01  3.0815164285714285e+01  3.0603917142857142e+01  3.0347837142857141e+01  3.0056069999999998e+01  2.9742617142857142e+01  2.9424968571428572e+01  2.9121085714285712e+01  2.8852371428571427e+01  2.8657718571428571e+01  2.8612508571428570e+01  2.8841669999999997e+01  2.9510627142857143e+01  3.0765805714285715e+01  3.2610081428571426e+01  3.4750037142857138e+01  3.6544529999999995e+01  3.7255397142857142e+01  3.6544529999999995e+01  3.4750037142857138e+01  3.2610128571428575e+01  3.0765805714285715e+01  2.9510627142857143e+01  2.8841669999999997e+01  2.8612508571428570e+01  2.8657671428571430e+01  2.8852371428571427e+01  2.9121038571428571e+01  2.9424968571428572e+01  2.9742570000000001e+01  3.0056022857142857e+01  3.0347837142857141e+01  3.0603917142857142e+01  3.0815164285714285e+01  3.0976204285714285e+01  3.1082605714285712e+01  3.1128852857142856e+01  3.1106978571428570e+01  3.1005762857142859e+01  3.0809554285714285e+01  3.0494545714285714e+01  3.0022362857142856e+01  2.9330635714285716e+01  2.8324842857142855e+01  2.6876142857142856e+01  2.4846360000000001e+01  2.2166477142857140e+01  1.8952701428571427e+01
  -3.0000000000000001e-03  2.3794319999999999e+01  2.8055609999999998e+01  3.1498170000000002e+01  3.3960488571428570e+01  3.5595072857142853e+01  3.6647584285714288e+01  3.7324131428571427e+01  3.7763502857142853e+01  3.8047302857142860e+01  3.8217630000000000e+01  3.8295038571428570e+01  3.8291832857142857e+01  3.8216687142857147e+01  3.8075918571428574e+01  3.7873675714285710e+01  3.7613918571428570e+01  3.7302964285714282e+01  3.6954342857142862e+01  3.6591437142857146e+01  3.6242391428571423e+01  3.5930399999999999e+01  3.5677997142857144e+01  3.5528978571428574e+01  3.5577865714285714e+01  3.5992911428571432e+01  3.7008557142857143e+01  3.8849344285714288e+01  4.1556852857142850e+01  4.4746679999999998e+01  4.7470971428571424e+01  4.8562799999999996e+01  4.7470971428571424e+01  4.4746632857142856e+01  4.1556947142857140e+01  3.8849108571428573e+01  3.7008557142857143e+01  3.5992911428571432e+01  3.5577912857142856e+01  3.5528884285714284e+01  3.5677949999999996e+01  3.5930352857142857e+01  3.6242391428571423e+01  3.6591437142857146e+01  3.6954248571428572e+01  3.7302917142857140e+01  3.7613965714285712e+01  3.7873628571428569e+01  3.8075824285714290e+01  3.8216639999999998e+01  3.8291832857142857e+01  3.8295038571428570e+01  3.8217630000000000e+01  3.8047302857142860e+01  3.7763408571428570e+01  3.7324084285714285e+01  3.6647489999999998e+01  3.5595072857142853e+01  3.3960535714285712e+01  3.1498217142857147e+01  2.8055609999999998e+01  2.3794319999999999e+01
  -3.5000000000000001e-03  2.9313381428571429e+01  3.4939881428571432e+01  3.9286122857142857e+01  4.2144158571428569e+01  4.3842055714285713e+01  4.4806787142857146e+01  4.5355011428571430e+01  4.5679024285714291e+01  4.5878061428571428e+01  4.5989648571428567e+01  4.6022931428571425e+01  4.5981068571428573e+01  4.5868020000000001e+01  4.5686897142857148e+01  4.5439585714285712e+01  4.5127452857142856e+01  4.4756815714285715e+01  4.4347474285714291e+01  4.3938085714285712e+01  4.3574472857142858e+01  4.3286194285714281e+01  4.3090928571428570e+01  4.3033414285714287e+01  4.3229952857142855e+01  4.3905321428571426e+01  4.5393479999999997e+01  4.8044699999999999e+01  5.1988199999999999e+01  5.6748214285714283e+01  6.0925071428571435e+01  6.2629285714285707e+01  6.0925071428571435e+01  5.6748214285714283e+01  5.1988199999999999e+01  4.8045171428571429e+01  4.5393479999999997e+01  4.3905321428571426e+01  4.3229952857142855e+01  4.3033367142857138e+01  4.3090834285714280e+01  4.3286147142857146e+01  4.3574520000000000e+01  4.3938085714285712e+01  4.4347427142857143e+01  4.4756721428571431e+01  4.5127358571428573e+01  4.5439538571428571e+01  4.5686897142857148e+01  4.5867972857142853e+01  4.5981021428571424e+01  4.6022742857142852e+01  4.5989789999999999e+01  4.5878108571428569e+01  4.5678977142857143e+01  4.5354964285714281e+01  4.4806834285714281e+01  4.3842055714285713e+01  4.2144111428571428e+01  3.9286075714285715e+01  3.4939881428571432e+01  2.9313334285714284e+01
  -4.0000000000000001e-03  3.5733437142857142e+01  4.3218308571428572e+01  4.8637285714285717e+01  5.1771814285714285e+01  5.3313857142857145e+01  5.3986585714285710e+01  5.4249642857142859e+01  5.4353828571428572e+01  5.4407571428571423e+01  5.4426428571428573e+01  5.4394842857142855e+01  5.4301028571428567e+01  5.4141214285714284e+01  5.3914457142857145e+01  5.3617928571428571e+01  5.3248799999999996e+01  5.2810842857142852e+01  5.2330928571428565e+01  5.1872700000000002e+01  5.1514414285714281e+01  5.1290957142857145e+01  5.1204214285714279e+01  5.1290485714285715e+01  5.1690728571428572e+01  5.2703828571428573e+01  5.4812528571428572e+01  5.8567457142857137e+01  6.4275042857142864e+01  7.1417185714285722e+01  7.7934685714285720e+01  8.0662371428571433e+01  7.7934685714285720e+01  7.1417185714285722e+01  6.4275042857142864e+01  5.8567457142857137e+01  5.4812528571428572e+01  5.2703828571428573e+01  5.1690728571428572e+01  5.1290485714285715e+01  5.1204214285714279e+01  5.1290957142857145e+01  5.1514414285714281e+01  5.1872700000000002e+01  5.2330928571428565e+01  5.2810842857142852e+01  5.3248799999999996e+01  5.3617928571428571e+01  5.3914457142857145e+01  5.4141214285714284e+01  5.4301028571428567e+01  5.4394842857142855e+01  5.4426428571428573e+01  5.4407100000000000e+01  5.4353828571428572e+01  5.4249642857142859e+01  5.3986585714285710e+01  5.3313857142857145e+01  5.1771814285714285e+01  4.8637757142857147e+01  4.3218308571428572e+01  3.5733437142857142e+01
  -4.4999999999999997e-03  4.3364828571428575e+01  5.3507142857142853e+01  6.0172671428571427e+01  6.3286457142857138e+01  6.4296728571428574e+01  6.4378757142857140e+01  6.4148700000000005e+01  6.3904499999999999e+01  6.3748928571428564e+01  6.3646628571428572e+01  6.3532542857142850e+01  6.3374142857142857e+01  6.3159171428571419e+01  6.2881499999999996e+01  6.2532642857142861e+01  6.2102699999999999e+01  6.1586014285714285e+01  6.1015114285714276e+01  6.0494657142857143e+01  6.0164185714285708e+01  6.0062828571428575e+01  6.0148157142857144e+01  6.0436671428571437e+01  6.1092428571428570e+01  6.2510957142857137e+01  6.5395157142857144e+01  7.0618585714285715e+01  7.8823328571428561e+01  8.9613385714285712e+01  1.0001734285714285e+02  1.0453268571428571e+02  1.0001734285714285e+02  8.9613385714285712e+01  7.8823328571428561e+01  7.0618114285714285e+01  6.5395157142857144e+01  6.2510957142857137e+01  6.1092428571428570e+01  6.0436671428571437e+01  6.0148157142857144e+01  6.0062828571428575e+01  6.0164185714285708e+01  6.0494657142857143e+01  6.1015114285714276e+01  6.1586014285714285e+01  6.2102228571428569e+01  6.2532642857142861e+01  6.2881499999999996e+01  6.3159171428571419e+01  6.3374142857142857e+01  6.3532542857142850e+01  6.3646157142857142e+01  6.3748928571428564e+01  6.3904499999999999e+01  6.4148228571428575e+01  6.4378757142857140e+01  6.4296728571428574e+01  6.3286457142857138e+01  6.0172671428571427e+01  5.3507142857142853e+01  4.3364781428571426e+01
  -5.0000000000000001e-03  5.2660928571428570e+01  6.6835842857142850e+01  7.4827971428571431e+01  7.7261014285714282e+01  7.7122885714285715e+01  7.6199357142857139e+01  7.5208885714285714e+01  7.4466857142857151e+01  7.4048228571428567e+01  7.3806857142857140e+01  7.3598014285714285e+01  7.3363714285714281e+01  7.3086514285714287e+01  7.2754157142857139e+01  7.2352499999999992e+01  7.1857971428571418e+01  7.1248414285714290e+01  7.0547871428571426e+01  6.9927000000000007e+01  6.9653099999999995e+01  6.9757757142857145e+01  7.0096242857142855e+01  7.0648285714285720e+01  7.1599157142857152e+01  7.3453285714285713e+01  7.7248757142857130e+01  8.4367328571428573e+01  9.6036128571428563e+01  1.1242958571428571e+02  1.2950755714285714e+02  1.3730640000000000e+02  1.2950802857142858e+02  1.1242958571428571e+02  9.6036128571428563e+01  8.4367328571428573e+01  7.7248285714285714e+01  7.3453285714285713e+01  7.1599157142857152e+01  7.0648285714285720e+01  7.0096242857142855e+01  6.9757757142857145e+01  6.9653099999999995e+01  6.9927000000000007e+01  7.0547871428571426e+01  7.1248414285714290e+01  7.1857971428571418e+01  7.2352499999999992e+01  7.2754157142857139e+01  7.3086042857142857e+01  7.3363714285714281e+01  7.3598014285714285e+01  7.3806857142857140e+01  7.4048228571428567e+01  7.4466857142857151e+01  7.5208885714285714e+01  7.6199828571428569e+01  7.7122885714285715e+01  7.7261014285714282e+01  7.4827971428571431e+01  6.6835371428571420e+01  5.2660928571428570e+01
# Longitudinally Integrated Squared Transverse Magnetic Field [T2m]
START
                          -2.9999999999999999e-02 -2.9000000000000001e-02 -2.8000000000000001e-02 -2.7000000000000000e-02 -2.5999999999999999e-02 -2.5000000000000001e-02 -2.4000000000000000e-02 -2.3000000000000000e-02 -2.1999999999999999e-02 -2.1000000000000001e-02 -2.0000000000000000e-02 -1.9000000000000000e-02 -1.7999999999999999e-02 -1.7000000000000001e-02 -1.6000000000000000e-02 -1.4999999999999999e-02 -1.4000000000000000e-02 -1.2999999999999999e-02 -1.2000000000000000e-02 -1.0999999999999999e-02 -1.0000000000000000e-02 -8.9999999999999993e-03 -8.0000000000000002e-03 -7.0000000000000001e-03 -6.0000000000000001e-03 -5.0000000000000001e-03 -4.0000000000000001e-03 -3.0000000000000001e-03 -2.0000000000000000e-03 -1.0000000000000000e-03  0.0000000000000000e+00  1.0000000000000000e-03  2.0000000000000000e-03  3.0000000000000001e-03  4.0000000000000001e-03  5.0000000000000001e-03  6.0000000000000001e-03  7.0000000000000001e-03  8.0000000000000002e-03  8.9999999999999993e-03  1.0000000000000000e-02  1.0999999999999999e-02  1.2000000000000000e-02  1.2999999999999999e-02  1.4000000000000000e-02  1.4999999999999999e-02  1.6000000000000000e-02  1.7000000000000001e-02  1.7999999999999999e-02  1.9000000000000000e-02  2.0000000000000000e-02  2.1000000000000001e-02  2.1999999999999999e-02  2.3000000000000000e-02  2.4000000000000000e-02  2.5000000000000001e-02  2.5999999999999999e-02  2.7000000000000000e-02  2.8000000000000001e-02  2.9000000000000001e-02  2.9999999999999999e-02
   5.0000000000000001e-03  3.5188654285714288e-01  3.9605374285714284e-01  4.2333248571428572e-01  4.3379254285714286e-01  4.3342105714285717e-01  4.2773185714285711e-01  4.2027149999999996e-01  4.1312464285714284e-01  4.0731381428571428e-01  4.0310207142857141e-01  4.0048092857142853e-01  3.9945510000000001e-01  4.0008304285714286e-01  4.0245951428571425e-01  4.0671651428571431e-01  4.1304025714285714e-01  4.2171784285714287e-01  4.3324332857142855e-01  4.4844595714285712e-01  4.6833411428571425e-01  4.9361400000000005e-01  5.2468585714285709e-01  5.6206542857142860e-01  6.0658242857142852e-01  6.5951914285714275e-01  7.2251614285714283e-01  7.9653514285714277e-01  8.7973285714285721e-01  9.6438728571428567e-01  1.0327727142857142e+00  1.0599317142857141e+00  1.0327727142857142e+00  9.6438728571428567e-01  8.7973285714285721e-01  7.9653514285714277e-01  7.2251614285714283e-01  6.5951914285714275e-01  6.0658242857142852e-01  5.6206542857142860e-01  5.2468585714285709e-01  4.9361400000000005e-01  4.6833411428571425e-01  4.4844595714285712e-01  4.3324332857142855e-01  4.2171784285714287e-01  4.1304025714285714e-01  4.0671651428571431e-01  4.0245951428571425e-01  4.0008304285714286e-01  3.9945510000000001e-01  4.0048045714285713e-01  4.0310207142857141e-01  4.0731381428571428e-01  4.1312464285714284e-01  4.2027149999999996e-01  4.2773185714285711e-01  4.3342105714285717e-01  4.3379254285714286e-01  4.2333248571428572e-01  3.9605374285714284e-01  3.5188654285714288e-01
   4.4999999999999997e-03  2.9399652857142855e-01  3.2373094285714288e-01  3.4214682857142859e-01  3.4909757142857140e-01  3.4805241428571426e-01  3.4277099999999999e-01  3.3598337142857143e-01  3.2939232857142853e-01  3.2390678571428572e-01  3.1988880000000003e-01  3.1745151428571428e-01  3.1665621428571428e-01  3.1757738571428573e-01  3.2032109999999997e-01  3.2503302857142857e-01  3.3191871428571429e-01  3.4128081428571427e-01  3.5357802857142856e-01  3.6947412857142858e-01  3.8974225714285710e-01  4.1504194285714285e-01  4.4588138571428571e-01  4.8277585714285715e-01  5.2634528571428574e-01  5.7733500000000004e-01  6.3634842857142859e-01  7.0301314285714278e-01  7.7440628571428571e-01  8.4303685714285714e-01  8.9538428571428574e-01  9.1540114285714280e-01  8.9538428571428574e-01  8.4303685714285714e-01  7.7440628571428571e-01  7.0301314285714278e-01  6.3634842857142859e-01  5.7733500000000004e-01  5.2634528571428574e-01  4.8277585714285715e-01  4.4588138571428571e-01  4.1504194285714285e-01  3.8974225714285710e-01  3.6947412857142858e-01  3.5357802857142856e-01  3.4128081428571427e-01  3.3191871428571429e-01  3.2503255714285717e-01  3.2032109999999997e-01  3.1757738571428573e-01  3.1665621428571428e-01  3.1745151428571428e-01  3.1988880000000003e-01  3.2390678571428572e-01  3.2939232857142853e-01  3.3598337142857143e-01  3.4277099999999999e-01  3.4805241428571426e-01  3.4909757142857140e-01  3.4214635714285713e-01  3.2373094285714288e-01  2.9399605714285709e-01
   4.0000000000000001e-03  2.4627711428571430e-01  2.6549631428571424e-01  2.7661919999999995e-01  2.7971271428571431e-01  2.7703122857142859e-01  2.7122087142857143e-01  2.6436205714285715e-01  2.5782240000000001e-01  2.5237787142857143e-01  2.4839712857142857e-01  2.4603810000000001e-01  2.4538894285714288e-01  2.4653310000000001e-01  2.4958041428571429e-01  2.5468268571428571e-01  2.6205441428571424e-01  2.7199589999999996e-01  2.8493237142857142e-01  3.0142577142857141e-01  3.2212148571428573e-01  3.4763425714285712e-01  3.7849302857142858e-01  4.1517959999999998e-01  4.5813569999999998e-01  5.0768614285714286e-01  5.6372957142857139e-01  6.2505771428571422e-01  6.8820085714285706e-01  7.4626199999999998e-01  7.8869999999999996e-01  8.0449757142857137e-01  7.8869999999999996e-01  7.4626199999999998e-01  6.8820085714285706e-01  6.2505771428571422e-01  5.6372957142857139e-01  5.0768614285714286e-01  4.5813569999999998e-01  4.1517959999999998e-01  3.7849302857142858e-01  3.4763378571428571e-01  3.2212148571428573e-01  3.0142577142857141e-01  2.8493237142857142e-01  2.7199589999999996e-01  2.6205394285714284e-01  2.5468268571428571e-01  2.4957994285714286e-01  2.4653310000000001e-01  2.4538894285714288e-01  2.4603810000000001e-01  2.4839712857142857e-01  2.5237787142857143e-01  2.5782240000000001e-01  2.6436205714285715e-01  2.7122087142857143e-01  2.7703122857142859e-01  2.7971271428571431e-01  2.7661872857142861e-01  2.6549631428571424e-01  2.4627711428571430e-01
   3.5000000000000001e-03  2.0702267142857142e-01  2.1839541428571427e-01  2.2363015714285714e-01  2.2306067142857142e-01  2.1836430000000001e-01  2.1151349999999999e-01  2.0412621428571429e-01  1.9730134285714285e-01  1.9168615714285714e-01  1.8761442857142857e-01  1.8524644285714284e-01  1.8467365714285716e-01  1.8597951428571430e-01  1.8927197142857144e-01  1.9470330000000000e-01  2.0248847142857143e-01  2.1292118571428573e-01  2.2639885714285715e-01  2.4342167142857141e-01  2.6456335714285711e-01  2.9039811428571427e-01  3.2144310000000004e-01  3.5812872857142858e-01  4.0074492857142857e-01  4.4930018571428570e-01  5.0321228571428567e-01  5.6073600000000001e-01  6.1816542857142864e-01  6.6920700000000000e-01  7.0536557142857137e-01  7.1857028571428572e-01  7.0536557142857137e-01  6.6920700000000000e-01  6.1816542857142864e-01  5.6073600000000001e-01  5.0321228571428567e-01  4.4930018571428570e-01  4.0074492857142857e-01  3.5812872857142858e-01  3.2144310000000004e-01  2.9039811428571427e-01  2.6456335714285711e-01  2.4342167142857141e-01  2.2639838571428572e-01  2.1292118571428573e-01  2.0248800000000000e-01  1.9470330000000000e-01  1.8927197142857144e-01  1.8597951428571430e-01  1.8467365714285716e-01  1.8524644285714284e-01  1.8761442857142857e-01  1.9168615714285714e-01  1.9730134285714285e-01  2.0412621428571429e-01  2.1151349999999999e-01  2.1836430000000001e-01  2.2306067142857142e-01  2.2363015714285714e-01  2.1839541428571427e-01  2.0702267142857142e-01
   3.0000000000000001e-03  1.7496835714285713e-01  1.8041288571428571e-01  1.8095314285714287e-01  1.7714777142857141e-01  1.7040304285714283e-01  1.6229965714285716e-01  1.5414488571428570e-01  1.4683774285714285e-01  1.4091612857142857e-01  1.3666384285714286e-01  1.3422231428571429e-01  1.3367168571428573e-01  1.3508832857142858e-01  1.3857407142857142e-01  1.4427741428571428e-01  1.5240908571428571e-01  1.6325665714285714e-01  1.7719491428571427e-01  1.9468962857142857e-01  2.1626974285714284e-01  2.4247692857142858e-01  2.7380477142857146e-01  3.1062899999999999e-01  3.5311320000000002e-01  4.0103108571428570e-01  4.5346478571428567e-01  5.0832728571428576e-01  5.6182028571428566e-01  6.0816642857142855e-01  6.4026599999999989e-01  6.5182542857142856e-01  6.4026599999999989e-01  6.0816642857142855e-01  5.6182028571428566e-01  5.0832728571428576e-01  4.5346478571428567e-01  4.0103108571428570e-01  3.5311320000000002e-01  3.1062899999999999e-01  2.7380477142857146e-01  2.4247692857142858e-01  2.1626974285714284e-01  1.9468962857142857e-01  1.7719491428571427e-01  1.6325665714285714e-01  1.5240908571428571e-01  1.4427741428571428e-01  1.3857407142857142e-01  1.3508832857142858e-01  1.3367168571428573e-01  1.3422231428571429e-01  1.3666384285714286e-01  1.4091612857142857e-01  1.4683774285714285e-01  1.5414488571428570e-01  1.6229965714285716e-01  1.7040304285714283e-01  1.7714777142857141e-01  1.8095267142857141e-01  1.8041288571428571e-01  1.7496835714285713e-01
   2.5000000000000001e-03  1.4916565714285715e-01  1.5012312857142857e-01  1.4697351428571429e-01  1.4044422857142858e-01  1.3181614285714285e-01  1.2244697142857143e-01  1.1344551428571428e-01  1.0557265714285714e-01  9.9277671428571426e-02  9.4795800000000000e-02  9.2240185714285716e-02  9.1674942857142852e-02  9.3162299999999990e-02  9.6796542857142856e-02  1.0271957142857142e-01  1.1113645714285715e-01  1.2232817142857143e-01  1.3665630000000001e-01  1.5456398571428573e-01  1.7655235714285714e-01  2.0313998571428571e-01  2.3479169999999999e-01  2.7183467142857143e-01  3.1432924285714287e-01  3.6187517142857145e-01  4.1331557142857145e-01  4.6634468571428572e-01  5.1714300000000002e-01  5.6034000000000006e-01  5.8977599999999997e-01  6.0027471428571422e-01  5.8977599999999997e-01  5.6034000000000006e-01  5.1714300000000002e-01  4.6634468571428572e-01  4.1331557142857145e-01  3.6187517142857145e-01  3.1432924285714287e-01  2.7183467142857143e-01  2.3479169999999999e-01  2.0313951428571428e-01  1.7655235714285714e-01  1.5456398571428573e-01  1.3665630000000001e-01  1.2232817142857143e-01  1.1113645714285715e-01  1.0271909999999999e-01  9.6796542857142856e-02  9.3162299999999990e-02  9.1674942857142852e-02  9.2240185714285716e-02  9.4795800000000000e-02  9.9277671428571426e-02  1.0557265714285714e-01  1.1344551428571428e-01  1.2244697142857143e-01  1.3181614285714285e-01  1.4044422857142858e-01  1.4697351428571429e-01  1.5012312857142857e-01  1.4916565714285715e-01
   2.0000000000000000e-03  1.2890082857142857e-01  1.2649984285714286e-01  1.2051411428571428e-01  1.1178891428571429e-01  1.0154995714285714e-01  9.1030971428571417e-02  8.1219599999999989e-02  7.2782442857142859e-02  6.6106542857142847e-02  6.1382828571428565e-02  5.8697571428571425e-02  5.8095085714285712e-02  5.9623928571428571e-02  6.3368485714285716e-02  6.9463114285714292e-02  7.8108642857142849e-02  8.9579442857142852e-02  1.0422861428571428e-01  1.2248562857142857e-01  1.4483464285714287e-01  1.7177537142857141e-01  2.0374907142857143e-01  2.4103954285714285e-01  2.8362792857142860e-01  3.3098339999999998e-01  3.8178171428571428e-01  4.3357427142857147e-01  4.8254957142857141e-01  5.2363928571428564e-01  5.5132157142857141e-01  5.6112728571428572e-01  5.5132157142857141e-01  5.2363928571428564e-01  4.8254957142857141e-01  4.3357427142857147e-01  3.8178171428571428e-01  3.3098339999999998e-01  2.8362792857142860e-01  2.4103954285714285e-01  2.0374907142857143e-01  1.7177537142857141e-01  1.4483464285714287e-01  1.2248515714285715e-01  1.0422861428571428e-01  8.9579442857142852e-02  7.8108642857142849e-02  6.9463114285714292e-02  6.3368485714285716e-02  5.9623928571428571e-02  5.8095085714285712e-02  5.8697571428571425e-02  6.1382828571428565e-02  6.6106542857142847e-02  7.2782442857142859e-02  8.1219599999999989e-02  9.1030971428571417e-02  1.0154995714285714e-01  1.1178891428571429e-01  1.2051364285714286e-01  1.2649984285714286e-01  1.2890082857142857e-01
   1.5000000000000000e-03  1.1364068571428571e-01  1.0880147142857143e-01  1.0071788571428571e-01  9.0313928571428573e-02  7.8793628571428576e-02  6.7321414285714296e-02  5.6814685714285711e-02  4.7881114285714288e-02  4.0861684285714281e-02  3.5916728571428573e-02  3.3107014285714283e-02  3.2459318571428572e-02  3.4009941428571430e-02  3.7832708571428571e-02  4.4056461428571426e-02  5.2876842857142857e-02  6.4563557142857136e-02  7.9464942857142853e-02  9.8001042857142853e-02  1.2064752857142858e-01  1.4788855714285715e-01  1.8014747142857143e-01  2.1767318571428571e-01  2.6038697142857142e-01  3.0766465714285718e-01  3.5806508571428569e-01  4.0904725714285711e-01  4.5681381428571433e-01  4.9651800000000001e-01  5.2305471428571426e-01  5.3240785714285721e-01  5.2305471428571426e-01  4.9651800000000001e-01  4.5681381428571433e-01  4.0904725714285711e-01  3.5806508571428569e-01  3.0766465714285718e-01  2.6038697142857142e-01  2.1767318571428571e-01  1.8014747142857143e-01  1.4788855714285715e-01  1.2064752857142858e-01  9.8001042857142853e-02  7.9464942857142853e-02  6.4563557142857136e-02  5.2876842857142857e-02  4.4056461428571426e-02  3.7832661428571432e-02  3.4009894285714284e-02  3.2459271428571426e-02  3.3106967142857137e-02  3.5916728571428573e-02  4.0861684285714281e-02  4.7880642857142858e-02  5.6814685714285711e-02  6.7321414285714296e-02  7.8793628571428576e-02  9.0313928571428573e-02  1.0071788571428571e-01  1.0880147142857143e-01  1.1364068571428571e-01
   1.0000000000000000e-03  1.0299960000000000e-01  9.6504728571428569e-02  8.6978100000000003e-02  7.5394157142857146e-02  6.2947500000000003e-02  5.0768142857142852e-02  3.9732707142857142e-02  3.0414355714285711e-02  2.3126117142857141e-02  1.8004752857142856e-02  1.5093351428571430e-02  1.4404641428571429e-02  1.5964551428571425e-02  1.9839364285714287e-02  2.6152688571428571e-02  3.5096301428571432e-02  4.6937219999999995e-02  6.2019728571428574e-02  8.0760899999999997e-02  1.0362801428571429e-01  1.3109815714285714e-01  1.6357864285714285e-01  2.0129528571428570e-01  2.4412692857142856e-01  2.9138575714285714e-01  3.4155471428571427e-01  3.9203340000000003e-01  4.3904095714285712e-01  4.7787300000000005e-01  5.0369314285714284e-01  5.1276814285714289e-01  5.0369314285714284e-01  4.7787300000000005e-01  4.3904095714285712e-01  3.9203340000000003e-01  3.4155471428571427e-01  2.9138575714285714e-01  2.4412692857142856e-01  2.0129528571428570e-01  1.6357864285714285e-01  1.3109815714285714e-01  1.0362801428571429e-01  8.0760899999999997e-02  6.2019728571428574e-02  4.6937172857142856e-02  3.5096301428571432e-02  2.6152641428571426e-02  1.9839364285714287e-02  1.5964551428571425e-02  1.4404641428571429e-02  1.5093304285714286e-02  1.8004752857142856e-02  2.3126070000000002e-02  3.0414355714285711e-02  3.9732660000000003e-02  5.0768142857142852e-02  6.2947500000000003e-02  7.5394157142857146e-02  8.6978100000000003e-02  9.6504728571428569e-02  1.0299960000000000e-01
   5.0000000000000001e-04  9.6715928571428578e-02  8.9259814285714292e-02  7.8889328571428566e-02  6.6604842857142854e-02  5.3600014285714287e-02  4.0986612857142855e-02  2.9622450000000002e-02  2.0062067142857142e-02  1.2602935714285715e-02  7.3685228571428573e-03  4.3908762857142857e-03  3.6739748571428571e-03  5.2370057142857142e-03  9.1413771428571419e-03  1.5507359999999998e-02  2.4524374285714287e-02  3.6457645714285711e-02  5.1650185714285715e-02  7.0515342857142851e-02  9.3519171428571427e-02  1.2113168571428572e-01  1.5375265714285713e-01  1.9159281428571429e-01  2.3450601428571430e-01  2.8176861428571426e-01  3.3181877142857141e-01  3.8202497142857139e-01  4.2861578571428571e-01  4.6696885714285713e-01  4.9239771428571433e-01  5.0132185714285715e-01  4.9239771428571433e-01  4.6696885714285713e-01  4.2861578571428571e-01  3.8202497142857139e-01  3.3181877142857141e-01  2.8176861428571426e-01  2.3450601428571430e-01  1.9159281428571429e-01  1.5375265714285713e-01  1.2113168571428572e-01  9.3519171428571427e-02  7.0515342857142851e-02  5.1650185714285715e-02  3.6457645714285711e-02  2.4524374285714287e-02  1.5507312857142857e-02  9.1413771428571419e-03  5.2370057142857142e-03  3.6739701428571427e-03  4.3908715714285713e-03  7.3685228571428573e-03  1.2602935714285715e-02  2.0062067142857142e-02  2.9622402857142856e-02  4.0986612857142855e-02  5.3600014285714287e-02  6.6604842857142854e-02  7.8889328571428566e-02  8.9259814285714292e-02  9.6715928571428578e-02
   0.0000000000000000e+00  9.4637871428571427e-02  8.6866842857142856e-02  7.6218214285714292e-02  6.3701785714285711e-02  5.0510271428571431e-02  3.7751057142857140e-02  2.6275401428571429e-02  1.6632518571428574e-02  9.1148357142857139e-03  3.8415818571428569e-03  8.4097200000000005e-04  1.1405742857142857e-04  1.6777199999999999e-03  5.5916614285714279e-03  1.1974992857142857e-02  2.1016427142857144e-02  3.2980482857142855e-02  4.8209700000000001e-02  6.7116814285714282e-02  9.0166842857142854e-02  1.1782744285714285e-01  1.5049650000000001e-01  1.8837908571428572e-01  2.3132198571428569e-01  2.7858788571428572e-01  3.2860174285714289e-01  3.7872167142857144e-01  4.2518001428571428e-01  4.6338034285714286e-01  4.8868285714285714e-01  4.9755985714285716e-01  4.8868285714285714e-01  4.6338034285714286e-01  4.2518001428571428e-01  3.7872167142857144e-01  3.2860174285714289e-01  2.7858788571428572e-01  2.3132198571428569e-01  1.8837908571428572e-01  1.5049650000000001e-01  1.1782744285714285e-01  9.0166842857142854e-02  6.7116814285714282e-02  4.8209700000000001e-02  3.2980482857142855e-02  2.1016427142857144e-02  1.1974992857142857e-02  5.5916614285714279e-03  1.6777199999999999e-03  1.1405742857142857e-04  8.4097200000000005e-04  3.8415818571428569e-03  9.1148357142857139e-03  1.6632518571428574e-02  2.6275401428571429e-02  3.7751057142857140e-02  5.0510271428571431e-02  6.3701785714285711e-02  7.6218214285714292e-02  8.6866842857142856e-02  9.4637871428571427e-02
  -5.0000000000000001e-04  9.6715928571428578e-02  8.9259814285714292e-02  7.8889328571428566e-02  6.6604842857142854e-02  5.3600014285714287e-02  4.0986612857142855e-02  2.9622402857142856e-02  2.0062067142857142e-02  1.2602888571428572e-02  7.3685228571428573e-03  4.3908715714285713e-03  3.6739701428571427e-03  5.2370057142857142e-03  9.1413771428571419e-03  1.5507359999999998e-02  2.4524374285714287e-02  3.6457645714285711e-02  5.1650185714285715e-02  7.0515342857142851e-02  9.3519171428571427e-02  1.2113168571428572e-01  1.5375265714285713e-01  1.9159281428571429e-01  2.3450601428571430e-01  2.8176861428571426e-01  3.3181877142857141e-01  3.8202497142857139e-01  4.2861578571428571e-01  4.6696885714285713e-01  4.9239771428571433e-01  5.0132185714285715e-01  4.9239771428571433e-01  4.6696885714285713e-01  4.2861578571428571e-01  3.8202497142857139e-01  3.3181877142857141e-01  2.8176861428571426e-01  2.3450601428571430e-01  1.9159281428571429e-01  1.5375265714285713e-01  1.2113168571428572e-01  9.3519171428571427e-02  7.0515342857142851e-02  5.1650185714285715e-02  3.6457692857142857e-02  2.4524374285714287e-02  1.5507359999999998e-02  9.1413771428571419e-03  5.2370057142857142e-03  3.6739748571428571e-03  4.3908762857142857e-03  7.3685228571428573e-03  1.2602935714285715e-02  2.0062067142857142e-02  2.9622450000000002e-02  4.0986612857142855e-02  5.3600014285714287e-02  6.6604842857142854e-02  7.8889328571428566e-02  8.9259814285714292e-02  9.6715928571428578e-02
  -1.0000000000000000e-03  1.0299960000000000e-01  9.6504728571428569e-02  8.6978100000000003e-02  7.5394157142857146e-02  6.2947500000000003e-02  5.0768142857142852e-02  3.9732660000000003e-02  3.0414355714285711e-02  2.3126070000000002e-02  1.8004752857142856e-02  1.5093304285714286e-02  1.4404641428571429e-02  1.5964551428571425e-02  1.9839364285714287e-02  2.6152641428571426e-02  3.5096301428571432e-02  4.6937172857142856e-02  6.2019728571428574e-02  8.0760899999999997e-02  1.0362801428571429e-01  1.3109815714285714e-01  1.6357864285714285e-01  2.0129528571428570e-01  2.4412692857142856e-01  2.9138575714285714e-01  3.4155471428571427e-01  3.9203340000000003e-01  4.3904142857142858e-01  4.7787300000000005e-01  5.0369314285714284e-01  5.1276814285714289e-01  5.0369314285714284e-01  4.7787300000000005e-01  4.3904095714285712e-01  3.9203340000000003e-01  3.4155471428571427e-01  2.9138575714285714e-01  2.4412692857142856e-01  2.0129528571428570e-01  1.6357864285714285e-01  1.3109815714285714e-01  1.0362801428571429e-01  8.0760899999999997e-02  6.2019728571428574e-02  4.6937219999999995e-02  3.5096301428571432e-02  2.6152688571428571e-02  1.9839364285714287e-02  1.5964551428571425e-02  1.4404641428571429e-02  1.5093351428571430e-02  1.8004752857142856e-02  2.3126117142857141e-02  3.0414355714285711e-02  3.9732707142857142e-02  5.0768142857142852e-02  6.2947500000000003e-02  7.5394157142857146e-02  8.6978100000000003e-02  9.6504728571428569e-02  1.0299960000000000e-01
  -1.5000000000000000e-03  1.1364068571428571e-01  1.0880147142857143e-01  1.0071788571428571e-01  9.0313928571428573e-02  7.8793628571428576e-02  6.7321414285714296e-02  5.6814685714285711e-02  4.7880642857142858e-02  4.0861684285714281e-02  3.5916728571428573e-02  3.3107014285714283e-02  3.2459271428571426e-02  3.4009894285714284e-02  3.7832661428571432e-02  4.4056461428571426e-02  5.2876842857142857e-02  6.4563557142857136e-02  7.9464942857142853e-02  9.8001042857142853e-02  1.2064752857142858e-01  1.4788855714285715e-01  1.8014747142857143e-01  2.1767318571428571e-01  2.6038697142857142e-01  3.0766465714285718e-01  3.5806508571428569e-01  4.0904725714285711e-01  4.5681381428571433e-01  4.9651800000000001e-01  5.2305471428571426e-01  5.3240785714285721e-01  5.2305471428571426e-01  4.9651800000000001e-01  4.5681381428571433e-01  4.0904725714285711e-01  3.5806508571428569e-01  3.0766465714285718e-01  2.6038697142857142e-01  2.1767318571428571e-01  1.8014747142857143e-01  1.4788855714285715e-01  1.2064752857142858e-01  9.8001042857142853e-02  7.9464942857142853e-02  6.4563557142857136e-02  5.2876842857142857e-02  4.4056461428571426e-02  3.7832708571428571e-02  3.4009941428571430e-02  3.2459318571428572e-02  3.3107014285714283e-02  3.5916728571428573e-02  4.0861684285714281e-02  4.7881114285714288e-02  5.6814685714285711e-02  6.7321414285714296e-02  7.8793628571428576e-02  9.0313928571428573e-02  1.0071788571428571e-01  1.0880147142857143e-01  1.1364068571428571e-01
  -2.0000000000000000e-03  1.2890082857142857e-01  1.2649984285714286e-01  1.2051364285714286e-01  1.1178891428571429e-01  1.0154995714285714e-01  9.1030971428571417e-02  8.1219599999999989e-02  7.2782442857142859e-02  6.6106542857142847e-02  6.1382828571428565e-02  5.8697571428571425e-02  5.8095085714285712e-02  5.9623928571428571e-02  6.3368485714285716e-02  6.9463114285714292e-02  7.8108642857142849e-02  8.9579442857142852e-02  1.0422861428571428e-01  1.2248562857142857e-01  1.4483464285714287e-01  1.7177537142857141e-01  2.0374907142857143e-01  2.4103954285714285e-01  2.8362792857142860e-01  3.3098339999999998e-01  3.8178171428571428e-01  4.3357427142857147e-01  4.8254957142857141e-01  5.2363928571428564e-01  5.5132157142857141e-01  5.6112728571428572e-01  5.5132157142857141e-01  5.2363928571428564e-01  4.8254957142857141e-01  4.3357427142857147e-01  3.8178171428571428e-01  3.3098339999999998e-01  2.8362792857142860e-01  2.4103954285714285e-01  2.0374907142857143e-01  1.7177537142857141e-01  1.4483464285714287e-01  1.2248562857142857e-01  1.0422861428571428e-01  8.9579442857142852e-02  7.8108642857142849e-02  6.9463114285714292e-02  6.3368485714285716e-02  5.9623928571428571e-02  5.8095085714285712e-02  5.8697571428571425e-02  6.1382828571428565e-02  6.6106542857142847e-02  7.2782442857142859e-02  8.1219599999999989e-02  9.1030971428571417e-02  1.0154995714285714e-01  1.1178891428571429e-01  1.2051411428571428e-01  1.2649984285714286e-01  1.2890082857142857e-01
  -2.5000000000000001e-03  1.4916565714285715e-01  1.5012312857142857e-01  1.4697351428571429e-01  1.4044422857142858e-01  1.3181614285714285e-01  1.2244697142857143e-01  1.1344551428571428e-01  1.0557265714285714e-01  9.9277671428571426e-02  9.4795800000000000e-02  9.2240185714285716e-02  9.1674942857142852e-02  9.3162299999999990e-02  9.6796542857142856e-02  1.0271909999999999e-01  1.1113645714285715e-01  1.2232817142857143e-01  1.3665630000000001e-01  1.5456398571428573e-01  1.7655235714285714e-01  2.0313951428571428e-01  2.3479169999999999e-01  2.7183467142857143e-01  3.1432924285714287e-01  3.6187517142857145e-01  4.1331557142857145e-01  4.6634468571428572e-01  5.1714300000000002e-01  5.6034000000000006e-01  5.8977599999999997e-01  6.0027471428571422e-01  5.8977599999999997e-01  5.6034000000000006e-01  5.1714300000000002e-01  4.6634468571428572e-01  4.1331557142857145e-01  3.6187517142857145e-01  3.1432924285714287e-01  2.7183467142857143e-01  2.3479169999999999e-01  2.0313998571428571e-01  1.7655235714285714e-01  1.5456398571428573e-01  1.3665630000000001e-01  1.2232817142857143e-01  1.1113645714285715e-01  1.0271957142857142e-01  9.6796542857142856e-02  9.3162299999999990e-02  9.1674942857142852e-02  9.2240185714285716e-02  9.4795800000000000e-02  9.9277671428571426e-02  1.0557265714285714e-01  1.1344551428571428e-01  1.2244697142857143e-01  1.3181614285714285e-01  1.4044422857142858e-01  1.4697351428571429e-01  1.5012312857142857e-01  1.4916565714285715e-01
  -3.0000000000000001e-03  1.7496835714285713e-01  1.8041288571428571e-01  1.8095267142857141e-01  1.7714777142857141e-01  1.7040304285714283e-01  1.6229965714285716e-01  1.5414488571428570e-01  1.4683774285714285e-01  1.4091612857142857e-01  1.3666384285714286e-01  1.3422231428571429e-01  1.3367168571428573e-01  1.3508832857142858e-01  1.3857407142857142e-01  1.4427741428571428e-01  1.5240908571428571e-01  1.6325665714285714e-01  1.7719491428571427e-01  1.9468962857142857e-01  2.1626974285714284e-01  2.4247692857142858e-01  2.7380477142857146e-01  3.1062899999999999e-01  3.5311320000000002e-01  4.0103108571428570e-01  4.5346478571428567e-01  5.0832728571428576e-01  5.6182028571428566e-01  6.0816642857142855e-01  6.4026599999999989e-01  6.5182542857142856e-01  6.4026599999999989e-01  6.0816642857142855e-01  5.6182028571428566e-01  5.0832728571428576e-01  4.5346478571428567e-01  4.0103108571428570e-01  3.5311320000000002e-01  3.1062899999999999e-01  2.7380477142857146e-01  2.4247692857142858e-01  2.1626974285714284e-01  1.9468962857142857e-01  1.7719491428571427e-01  1.6325665714285714e-01  1.5240908571428571e-01  1.4427741428571428e-01  1.3857407142857142e-01  1.3508832857142858e-01  1.3367168571428573e-01  1.3422231428571429e-01  1.3666384285714286e-01  1.4091612857142857e-01  1.4683774285714285e-01  1.5414488571428570e-01  1.6229965714285716e-01  1.7040304285714283e-01  1.7714777142857141e-01  1.8095314285714287e-01  1.8041288571428571e-01  1.7496835714285713e-01
  -3.5000000000000001e-03  2.0702267142857142e-01  2.1839541428571427e-01  2.2363015714285714e-01  2.2306067142857142e-01  2.1836430000000001e-01  2.1151349999999999e-01  2.0412621428571429e-01  1.9730134285714285e-01  1.9168615714285714e-01  1.8761442857142857e-01  1.8524644285714284e-01  1.8467365714285716e-01  1.8597951428571430e-01  1.8927197142857144e-01  1.9470330000000000e-01  2.0248800000000000e-01  2.1292118571428573e-01  2.2639838571428572e-01  2.4342167142857141e-01  2.6456335714285711e-01  2.9039811428571427e-01  3.2144310000000004e-01  3.5812872857142858e-01  4.0074492857142857e-01  4.4930018571428570e-01  5.0321228571428567e-01  5.6073600000000001e-01  6.1816542857142864e-01  6.6920700000000000e-01  7.0536557142857137e-01  7.1857028571428572e-01  7.0536557142857137e-01  6.6920700000000000e-01  6.1816542857142864e-01  5.6073600000000001e-01  5.0321228571428567e-01  4.4930018571428570e-01  4.0074492857142857e-01  3.5812872857142858e-01  3.2144310000000004e-01  2.9039811428571427e-01  2.6456335714285711e-01  2.4342167142857141e-01  2.2639885714285715e-01  2.1292118571428573e-01  2.0248847142857143e-01  1.9470330000000000e-01  1.8927197142857144e-01  1.8597951428571430e-01  1.8467365714285716e-01  1.8524644285714284e-01  1.8761442857142857e-01  1.9168615714285714e-01  1.9730134285714285e-01  2.0412621428571429e-01  2.1151349999999999e-01  2.1836430000000001e-01  2.2306067142857142e-01  2.2363015714285714e-01  2.1839541428571427e-01  2.0702267142857142e-01
  -4.0000000000000001e-03  2.4627711428571430e-01  2.6549631428571424e-01  2.7661919999999995e-01  2.7971271428571431e-01  2.7703122857142859e-01  2.7122087142857143e-01  2.6436205714285715e-01  2.5782240000000001e-01  2.5237787142857143e-01  2.4839712857142857e-01  2.4603810000000001e-01  2.4538894285714288e-01  2.4653310000000001e-01  2.4958041428571429e-01  2.5468268571428571e-01  2.6205394285714284e-01  2.7199589999999996e-01  2.8493237142857142e-01  3.0142577142857141e-01  3.2212148571428573e-01  3.4763378571428571e-01  3.7849302857142858e-01  4.1517959999999998e-01  4.5813569999999998e-01  5.0768614285714286e-01  5.6372957142857139e-01  6.2505771428571422e-01  6.8820085714285706e-01  7.4626199999999998e-01  7.8869999999999996e-01  8.0449757142857137e-01  7.8869999999999996e-01  7.4626199999999998e-01  6.8820085714285706e-01  6.2505771428571422e-01  5.6372957142857139e-01  5.0768614285714286e-01  4.5813569999999998e-01  4.1517959999999998e-01  3.7849302857142858e-01  3.4763425714285712e-01  3.2212148571428573e-01  3.0142577142857141e-01  2.8493237142857142e-01  2.7199589999999996e-01  2.6205441428571424e-01  2.5468268571428571e-01  2.4958041428571429e-01  2.4653310000000001e-01  2.4538894285714288e-01  2.4603810000000001e-01  2.4839712857142857e-01  2.5237787142857143e-01  2.5782240000000001e-01  2.6436205714285715e-01  2.7122087142857143e-01  2.7703122857142859e-01  2.7971271428571431e-01  2.7661919999999995e-01  2.6549631428571424e-01  2.4627711428571430e-01
  -4.4999999999999997e-03  2.9399605714285709e-01  3.2373094285714288e-01  3.4214635714285713e-01  3.4909757142857140e-01  3.4805241428571426e-01  3.4277099999999999e-01  3.3598337142857143e-01  3.2939232857142853e-01  3.2390678571428572e-01  3.1988880000000003e-01  3.1745151428571428e-01  3.1665621428571428e-01  3.1757738571428573e-01  3.2032109999999997e-01  3.2503255714285717e-01  3.3191871428571429e-01  3.4128081428571427e-01  3.5357802857142856e-01  3.6947412857142858e-01  3.8974225714285710e-01  4.1504194285714285e-01  4.4588138571428571e-01  4.8277585714285715e-01  5.2634528571428574e-01  5.7733500000000004e-01  6.3634842857142859e-01  7.0301314285714278e-01  7.7440628571428571e-01  8.4303685714285714e-01  8.9538428571428574e-01  9.1540114285714280e-01  8.9538428571428574e-01  8.4303685714285714e-01  7.7440628571428571e-01  7.0301314285714278e-01  6.3634842857142859e-01  5.7733500000000004e-01  5.2634528571428574e-01  4.8277585714285715e-01  4.4588138571428571e-01  4.1504194285714285e-01  3.8974225714285710e-01  3.6947412857142858e-01  3.5357802857142856e-01  3.4128081428571427e-01  3.3191871428571429e-01  3.2503302857142857e-01  3.2032109999999997e-01  3.1757738571428573e-01  3.1665621428571428e-01  3.1745151428571428e-01  3.1988880000000003e-01  3.2390678571428572e-01  3.2939232857142853e-01  3.3598337142857143e-01  3.4277099999999999e-01  3.4805241428571426e-01  3.4909757142857140e-01  3.4214682857142859e-01  3.2373094285714288e-01  2.9399652857142855e-01
  -5.0000000000000001e-03  3.5188654285714288e-01  3.9605374285714284e-01  4.2333248571428572e-01  4.3379254285714286e-01  4.3342105714285717e-01  4.2773185714285711e-01  4.2027149999999996e-01  4.1312464285714284e-01  4.0731381428571428e-01  4.0310207142857141e-01  4.0048045714285713e-01  3.9945510000000001e-01  4.0008304285714286e-01  4.0245951428571425e-01  4.0671651428571431e-01  4.1304025714285714e-01  4.2171784285714287e-01  4.3324332857142855e-01  4.4844595714285712e-01  4.6833411428571425e-01  4.9361400000000005e-01  5.2468585714285709e-01  5.6206542857142860e-01  6.0658242857142852e-01  6.5951914285714275e-01  7.2251614285714283e-01  7.9653514285714277e-01  8.7973285714285721e-01  9.6438728571428567e-01  1.0327727142857142e+00  1.0599317142857141e+00  1.0327727142857142e+00  9.6438728571428567e-01  8.7973285714285721e-01  7.9653514285714277e-01  7.2251614285714283e-01  6.5951914285714275e-01  6.0658242857142852e-01  5.6206542857142860e-01  5.2468585714285709e-01  4.9361400000000005e-01  4.6833411428571425e-01  4.4844595714285712e-01  4.3324332857142855e-01  4.2171784285714287e-01  4.1304025714285714e-01  4.0671651428571431e-01  4.0245951428571425e-01  4.0008304285714286e-01  3.9945510000000001e-01  4.0048092857142853e-01  4.0310207142857141e-01  4.0731381428571428e-01  4.1312464285714284e-01  4.2027149999999996e-01  4.2773185714285711e-01  4.3342105714285717e-01  4.3379254285714286e-01  4.2333248571428572e-01  3.9605374285714284e-01  3.5188654285714288e-01
