# Auto-generated by pyeletra.utils.kickmap.generate_Radia_kickmap_file()
# Undulator Length [m]
3.5
# Number of Horizontal Points
61
# Number of Vertical Points
21
# Horizontal Kick [micro-rad]
START
                          -2.9999999999999999e-02 -2.9000000000000001e-02 -2.8000000000000001e-02 -2.7000000000000000e-02 -2.5999999999999999e-02 -2.5000000000000001e-02 -2.4000000000000000e-02 -2.3000000000000000e-02 -2.1999999999999999e-02 -2.1000000000000001e-02 -2.0000000000000000e-02 -1.9000000000000000e-02 -1.7999999999999999e-02 -1.7000000000000001e-02 -1.6000000000000000e-02 -1.4999999999999999e-02 -1.4000000000000000e-02 -1.2999999999999999e-02 -1.2000000000000000e-02 -1.0999999999999999e-02 -1.0000000000000000e-02 -8.9999999999999993e-03 -8.0000000000000002e-03 -7.0000000000000001e-03 -6.0000000000000001e-03 -5.0000000000000001e-03 -4.0000000000000001e-03 -3.0000000000000001e-03 -2.0000000000000000e-03 -1.0000000000000000e-03  0.0000000000000000e+00  1.0000000000000000e-03  2.0000000000000000e-03  3.0000000000000001e-03  4.0000000000000001e-03  5.0000000000000001e-03  6.0000000000000001e-03  7.0000000000000001e-03  8.0000000000000002e-03  8.9999999999999993e-03  1.0000000000000000e-02  1.0999999999999999e-02  1.2000000000000000e-02  1.2999999999999999e-02  1.4000000000000000e-02  1.4999999999999999e-02  1.6000000000000000e-02  1.7000000000000001e-02  1.7999999999999999e-02  1.9000000000000000e-02  2.0000000000000000e-02  2.1000000000000001e-02  2.1999999999999999e-02  2.3000000000000000e-02  2.4000000000000000e-02  2.5000000000000001e-02  2.5999999999999999e-02  2.7000000000000000e-02  2.8000000000000001e-02  2.9000000000000001e-02  2.9999999999999999e-02
   5.0000000000000001e-03 -2.1922650000000001e+01 -1.6085149999999999e+01 -7.8846999999999996e+00 -1.6661999999999999e+00  1.7287550000000000e+00  3.1378349999999999e+00  3.3559999999999999e+00  2.9139499999999998e+00  2.2250950000000000e+00  1.5155950000000000e+00  8.1564999999999999e-01  1.0165600000000000e-01 -6.4553000000000005e-01 -1.4414549999999999e+00 -2.3047700000000000e+00 -3.2670650000000001e+00 -4.3903049999999997e+00 -5.7979000000000003e+00 -7.6374500000000003e+00 -9.8820999999999994e+00 -1.2343349999999999e+01 -1.4982100000000001e+01 -1.7912550000000000e+01 -2.1302700000000002e+01 -2.5368400000000001e+01 -3.0136600000000001e+01 -3.4898899999999998e+01 -3.7865600000000001e+01 -3.5489550000000001e+01 -2.2869850000000000e+01 -1.1578600000000000e-05  2.2869900000000001e+01  3.5489500000000000e+01  3.7865850000000002e+01  3.4898699999999998e+01  3.0136550000000000e+01  2.5368500000000001e+01  2.1302700000000002e+01  1.7912350000000000e+01  1.4982250000000001e+01  1.2343299999999999e+01  9.8824000000000005e+00  7.6375000000000002e+00  5.7977499999999997e+00  4.3902099999999997e+00  3.2670849999999998e+00  2.3048150000000001e+00  1.4414250000000000e+00  6.4560499999999998e-01 -1.0168500000000000e-01 -8.1572999999999996e-01 -1.5155650000000001e+00 -2.2251249999999998e+00 -2.9138250000000001e+00 -3.3558800000000000e+00 -3.1378200000000001e+00 -1.7289000000000001e+00  1.6662750000000000e+00  7.8847500000000004e+00  1.6085100000000001e+01  2.1922750000000001e+01
   4.4999999999999997e-03 -1.4901999999999999e+01 -1.0784800000000001e+01 -5.3560999999999996e+00 -9.4857000000000002e-01  1.6773199999999999e+00  2.8451700000000000e+00  3.0565799999999999e+00  2.7139000000000002e+00  2.1154700000000002e+00  1.4337800000000001e+00  7.2343999999999997e-01 -1.4386599999999999e-02 -7.9058499999999998e-01 -1.6205149999999999e+00 -2.5254949999999998e+00 -3.5382699999999998e+00 -4.7127249999999998e+00 -6.1325500000000002e+00 -7.8817500000000003e+00 -9.9588500000000000e+00 -1.2284950000000000e+01 -1.4825150000000001e+01 -1.7614599999999999e+01 -2.0712299999999999e+01 -2.4144700000000000e+01 -2.7724650000000000e+01 -3.0722249999999999e+01 -3.1600249999999999e+01 -2.7864400000000000e+01 -1.7021850000000001e+01 -9.5643499999999993e-06  1.7021950000000000e+01  2.7864400000000000e+01  3.1600149999999999e+01  3.0722249999999999e+01  2.7724650000000000e+01  2.4144700000000000e+01  2.0712199999999999e+01  1.7614750000000001e+01  1.4825100000000001e+01  1.2284950000000000e+01  9.9588000000000001e+00  7.8815999999999997e+00  6.1326499999999999e+00  4.7126799999999998e+00  3.5382400000000001e+00  2.5253999999999999e+00  1.6203799999999999e+00  7.9062500000000002e-01  1.4478100000000001e-02 -7.2338999999999998e-01 -1.4338900000000001e+00 -2.1153800000000000e+00 -2.7138049999999998e+00 -3.0566749999999998e+00 -2.8450050000000000e+00 -1.6774300000000000e+00  9.4857000000000002e-01  5.3561500000000004e+00  1.0784700000000001e+01  1.4901850000000000e+01
   4.0000000000000001e-03 -9.8793500000000005e+00 -6.7654500000000004e+00 -2.9860150000000001e+00  1.4120500000000000e-01  2.0725449999999999e+00  2.9304800000000002e+00  3.0355400000000001e+00  2.6835200000000001e+00  2.0963349999999998e+00  1.4074150000000001e+00  6.7244499999999996e-01 -9.6705500000000000e-02 -9.0642999999999996e-01 -1.7721450000000001e+00 -2.7163599999999999e+00 -3.7710750000000002e+00 -4.9821600000000004e+00 -6.4100500000000000e+00 -8.1105000000000000e+00 -1.0094550000000000e+01 -1.2330150000000000e+01 -1.4785700000000000e+01 -1.7448100000000000e+01 -2.0293150000000001e+01 -2.3225950000000001e+01 -2.5943850000000001e+01 -2.7733300000000000e+01 -2.7324050000000000e+01 -2.3002450000000000e+01 -1.3521150000000000e+01 -8.0562999999999994e-06  1.3521150000000000e+01  2.3002350000000000e+01  2.7324050000000000e+01  2.7733350000000002e+01  2.5944099999999999e+01  2.3225850000000001e+01  2.0293150000000001e+01  1.7448100000000000e+01  1.4785650000000000e+01  1.2330150000000000e+01  1.0094849999999999e+01  8.1104500000000002e+00  6.4102499999999996e+00  4.9823100000000000e+00  3.7710300000000001e+00  2.7162950000000001e+00  1.7722500000000001e+00  9.0645500000000001e-01  9.6765000000000004e-02 -6.7252500000000004e-01 -1.4073750000000000e+00 -2.0961750000000001e+00 -2.6834400000000000e+00 -3.0354000000000001e+00 -2.9303499999999998e+00 -2.0725349999999998e+00 -1.4113550000000000e-01  2.9859249999999999e+00  6.7654500000000004e+00  9.8793500000000005e+00
   3.5000000000000001e-03 -6.1813000000000002e+00 -3.6847400000000001e+00 -9.2105000000000004e-01  1.3221200000000000e+00  2.6895349999999998e+00  3.2396950000000002e+00  3.1931900000000000e+00  2.7728600000000001e+00  2.1490100000000001e+00  1.4267250000000000e+00  6.5552999999999995e-01 -1.5041550000000001e-01 -9.9648999999999999e-01 -1.8980100000000000e+00 -2.8785200000000000e+00 -3.9692099999999999e+00 -5.2100000000000000e+00 -6.6481000000000003e+00 -8.3261000000000003e+00 -1.0261049999999999e+01 -1.2439100000000000e+01 -1.4828500000000000e+01 -1.7384000000000000e+01 -2.0022800000000000e+01 -2.2570950000000000e+01 -2.4664249999999999e+01 -2.5624300000000002e+01 -2.4414149999999999e+01 -1.9852300000000000e+01 -1.1351450000000000e+01 -6.6700499999999998e-06  1.1351400000000000e+01  1.9852350000000001e+01  2.4414200000000001e+01  2.5624350000000000e+01  2.4664349999999999e+01  2.2570950000000000e+01  2.0022749999999998e+01  1.7383949999999999e+01  1.4828550000000000e+01  1.2439100000000000e+01  1.0261150000000001e+01  8.3261000000000003e+00  6.6481000000000003e+00  5.2099000000000002e+00  3.9691700000000001e+00  2.8785949999999998e+00  1.8980800000000000e+00  9.9644999999999995e-01  1.5041499999999999e-01 -6.5559999999999996e-01 -1.4266550000000000e+00 -2.1489600000000002e+00 -2.7729949999999999e+00 -3.1931699999999998e+00 -3.2397350000000000e+00 -2.6895750000000000e+00 -1.3219900000000000e+00  9.2105000000000004e-01  3.6846950000000001e+00  6.1812500000000004e+00
   3.0000000000000001e-03 -3.4140100000000002e+00 -1.3127100000000000e+00  8.0723999999999996e-01  2.4455650000000002e+00  3.3797799999999998e+00  3.6583000000000001e+00  3.4514000000000000e+00  2.9365500000000000e+00  2.2504550000000001e+00  1.4791000000000001e+00  6.6443500000000000e-01 -1.8130750000000001e-01 -1.0640900000000000e+00 -2.0004050000000002e+00 -3.0141300000000002e+00 -4.1360349999999997e+00 -5.4024999999999999e+00 -6.8540000000000001e+00 -8.5263500000000008e+00 -1.0438250000000000e+01 -1.2582200000000000e+01 -1.4923500000000001e+01 -1.7394100000000002e+01 -1.9870249999999999e+01 -2.2126600000000000e+01 -2.3766600000000000e+01 -2.4154299999999999e+01 -2.2435800000000000e+01 -1.7784199999999998e+01 -9.9702000000000002e+00 -5.4841999999999999e-06  9.9702000000000002e+00  1.7784199999999998e+01  2.2435800000000000e+01  2.4154299999999999e+01  2.3766500000000001e+01  2.2126550000000002e+01  1.9870200000000001e+01  1.7394050000000000e+01  1.4923450000000001e+01  1.2582200000000000e+01  1.0438200000000000e+01  8.5263000000000009e+00  6.8540000000000001e+00  5.4025499999999997e+00  4.1359550000000000e+00  3.0141450000000001e+00  2.0002700000000000e+00  1.0641149999999999e+00  1.8134349999999999e-01 -6.6445500000000002e-01 -1.4790850000000000e+00 -2.2504900000000001e+00 -2.9364599999999998e+00 -3.4514399999999998e+00 -3.6584249999999998e+00 -3.3797600000000001e+00 -2.4455249999999999e+00 -8.0721500000000002e-01  1.3127949999999999e+00  3.4140150000000000e+00
   2.5000000000000001e-03 -1.3344700000000000e+00  5.0700500000000004e-01  2.2105199999999998e+00  3.4367549999999998e+00  4.0497300000000003e+00  4.1051349999999998e+00  3.7495949999999998e+00  3.1349250000000000e+00  2.3778100000000002e+00  1.5511500000000000e+00  6.9038500000000003e-01 -1.9518900000000000e-01 -1.1131350000000000e+00 -2.0813600000000001e+00 -3.1249199999999999e+00 -4.2741350000000002e+00 -5.5637999999999996e+00 -7.0304500000000001e+00 -8.7067499999999995e+00 -1.0611000000000001e+01 -1.2736900000000000e+01 -1.5045150000000000e+01 -1.7451250000000002e+01 -1.9802700000000002e+01 -2.1840750000000000e+01 -2.3152249999999999e+01 -2.3141600000000000e+01 -2.1093000000000000e+01 -1.6412949999999999e+01 -9.0736500000000007e+00 -4.4298499999999996e-06  9.0736500000000007e+00  1.6412949999999999e+01  2.1093000000000000e+01  2.3141700000000000e+01  2.3152200000000001e+01  2.1840750000000000e+01  1.9802800000000001e+01  1.7451250000000002e+01  1.5045100000000000e+01  1.2736900000000000e+01  1.0611000000000001e+01  8.7067499999999995e+00  7.0305000000000000e+00  5.5637999999999996e+00  4.2741499999999997e+00  3.1249300000000000e+00  2.0813600000000001e+00  1.1131899999999999e+00  1.9521450000000001e-01 -6.9040999999999997e-01 -1.5511500000000000e+00 -2.3778100000000002e+00 -3.1349399999999998e+00 -3.7496100000000001e+00 -4.1051450000000003e+00 -4.0496999999999996e+00 -3.4367899999999998e+00 -2.2105000000000001e+00 -5.0695999999999997e-01  1.3344750000000001e+00
   2.0000000000000000e-03  2.1377599999999999e-01  1.8822749999999999e+00  3.3136749999999999e+00  4.2611699999999999e+00  4.6427500000000004e+00  4.5244249999999999e+00  4.0429649999999997e+00  3.3364799999999999e+00  2.5103849999999999e+00  1.6296250000000001e+00  7.2483500000000001e-01 -1.9764899999999999e-01 -1.1473549999999999e+00 -2.1437599999999999e+00 -3.2128850000000000e+00 -4.3854749999999996e+00 -5.6954000000000002e+00 -7.1776000000000000e+00 -8.8625500000000006e+00 -1.0767650000000000e+01 -1.2885650000000000e+01 -1.5172499999999999e+01 -1.7531549999999999e+01 -1.9790099999999999e+01 -2.1667400000000001e+01 -2.2742850000000001e+01 -2.2454750000000001e+01 -2.0187500000000000e+01 -1.5503299999999999e+01 -8.4872499999999995e+00 -3.4453350000000002e-06  8.4872499999999995e+00  1.5503399999999999e+01  2.0187500000000000e+01  2.2454750000000001e+01  2.2742850000000001e+01  2.1667400000000001e+01  1.9790099999999999e+01  1.7531649999999999e+01  1.5172499999999999e+01  1.2885600000000000e+01  1.0767650000000000e+01  8.8626000000000005e+00  7.1776000000000000e+00  5.6954000000000002e+00  4.3854749999999996e+00  3.2129050000000001e+00  2.1437349999999999e+00  1.1473599999999999e+00  1.9764799999999999e-01 -7.2483500000000001e-01 -1.6296500000000000e+00 -2.5103849999999999e+00 -3.3364600000000002e+00 -4.0429649999999997e+00 -4.5244549999999997e+00 -4.6427399999999999e+00 -4.2611800000000004e+00 -3.3137150000000002e+00 -1.8822700000000001e+00 -2.1376000000000001e-01
   1.5000000000000000e-03  1.3332200000000001e+00  2.8875250000000001e+00  4.1424550000000000e+00  4.9049800000000001e+00  5.1257500000000000e+00  4.8795349999999997e+00  4.2992200000000000e+00  3.5165600000000001e+00  2.6310349999999998e+00  1.7030900000000000e+00  7.6017500000000005e-01 -1.9376650000000001e-01 -1.1700850000000000e+00 -2.1896949999999999e+00 -3.2796400000000001e+00 -4.4711499999999997e+00 -5.7980000000000000e+00 -7.2941500000000001e+00 -8.9891000000000005e+00 -1.0898849999999999e+01 -1.3014749999999999e+01 -1.5288650000000001e+01 -1.7614799999999999e+01 -1.9806650000000001e+01 -2.1569550000000000e+01 -2.2479099999999999e+01 -2.2000750000000000e+01 -1.9589400000000001e+01 -1.4906599999999999e+01 -8.1062499999999993e+00 -2.5263599999999998e-06  8.1062499999999993e+00  1.4906599999999999e+01  1.9589400000000001e+01  2.2000750000000000e+01  2.2479099999999999e+01  2.1569550000000000e+01  1.9806699999999999e+01  1.7614799999999999e+01  1.5288650000000001e+01  1.3014749999999999e+01  1.0898849999999999e+01  8.9890500000000007e+00  7.2942000000000000e+00  5.7980000000000000e+00  4.4711499999999997e+00  3.2796349999999999e+00  2.1896900000000001e+00  1.1700800000000000e+00  1.9377000000000000e-01 -7.6019000000000003e-01 -1.7030950000000000e+00 -2.6310500000000001e+00 -3.5165700000000002e+00 -4.2992350000000004e+00 -4.8795349999999997e+00 -5.1257000000000001e+00 -4.9049449999999997e+00 -4.1424300000000001e+00 -2.8875299999999999e+00 -1.3331850000000001e+00
   1.0000000000000000e-03  2.0913450000000000e+00  3.5733850000000000e+00  4.7183950000000001e+00  5.3640499999999998e+00  5.4800500000000003e+00  5.1467999999999998e+00  4.4962400000000002e+00  3.6572200000000001e+00  2.7265400000000000e+00  1.7623400000000000e+00  7.9013999999999995e-01 -1.8776899999999999e-01 -1.1841550000000001e+00 -2.2210749999999999e+00 -3.3264399999999998e+00 -4.5319599999999998e+00 -5.8715000000000002e+00 -7.3787500000000001e+00 -9.0823999999999998e+00 -1.0997600000000000e+01 -1.3114050000000001e+01 -1.5380599999999999e+01 -1.7685400000000001e+01 -1.9832750000000001e+01 -2.1518750000000001e+01 -2.2318549999999998e+01 -2.1716149999999999e+01 -1.9212750000000000e+01 -1.4533250000000001e+01 -7.8692000000000002e+00 -1.6548450000000000e-06  7.8692000000000002e+00  1.4533250000000001e+01  1.9212750000000000e+01  2.1716149999999999e+01  2.2318549999999998e+01  2.1518750000000001e+01  1.9832750000000001e+01  1.7685400000000001e+01  1.5380599999999999e+01  1.3114100000000001e+01  1.0997600000000000e+01  9.0823999999999998e+00  7.3788000000000000e+00  5.8715000000000002e+00  4.5319450000000003e+00  3.3264399999999998e+00  2.2210800000000002e+00  1.1841649999999999e+00  1.8777500000000000e-01 -7.9014499999999999e-01 -1.7623450000000001e+00 -2.7265350000000002e+00 -3.6572200000000001e+00 -4.4962400000000002e+00 -5.1467999999999998e+00 -5.4800000000000004e+00 -5.3640499999999998e+00 -4.7183849999999996e+00 -3.5734050000000002e+00 -2.0913300000000001e+00
   5.0000000000000001e-04  2.5306299999999999e+00  3.9726650000000001e+00  5.0575500000000000e+00  5.6387499999999999e+00  5.6957000000000004e+00  5.3121499999999999e+00  4.6197150000000002e+00  3.7462849999999999e+00  2.7875200000000002e+00  1.8006050000000000e+00  8.1003999999999998e-01 -1.8286749999999999e-01 -1.1917300000000000e+00 -2.2393350000000001e+00 -3.3541699999999999e+00 -4.5682950000000000e+00 -5.9157500000000001e+00 -7.4301500000000003e+00 -9.1395999999999997e+00 -1.1058850000000000e+01 -1.3176500000000001e+01 -1.5439450000000001e+01 -1.7732250000000001e+01 -1.9854050000000001e+01 -2.1495850000000001e+01 -2.2233049999999999e+01 -2.1560449999999999e+01 -1.9005800000000001e+01 -1.4328300000000000e+01 -7.7392000000000003e+00 -8.1904499999999999e-07  7.7392000000000003e+00  1.4328300000000000e+01  1.9005800000000001e+01  2.1560449999999999e+01  2.2233049999999999e+01  2.1495850000000001e+01  1.9854050000000001e+01  1.7732250000000001e+01  1.5439450000000001e+01  1.3176500000000001e+01  1.1058850000000000e+01  9.1395499999999998e+00  7.4301500000000003e+00  5.9157500000000001e+00  4.5682950000000000e+00  3.3541699999999999e+00  2.2393350000000001e+00  1.1917300000000000e+00  1.8286600000000000e-01 -8.1003999999999998e-01 -1.8006050000000000e+00 -2.7875299999999998e+00 -3.7462749999999998e+00 -4.6197100000000004e+00 -5.3121499999999999e+00 -5.6957000000000004e+00 -5.6387499999999999e+00 -5.0575500000000000e+00 -3.9726900000000001e+00 -2.5306050000000000e+00
   0.0000000000000000e+00  2.6745000000000001e+00  4.1037600000000003e+00  5.1695500000000001e+00  5.7301000000000002e+00  5.7680999999999996e+00  5.3680500000000002e+00  4.6617199999999999e+00  3.7767249999999999e+00  2.8084600000000002e+00  1.8138150000000000e+00  8.1699500000000003e-01 -1.8100849999999999e-01 -1.1940999999999999e+00 -2.2453249999999998e+00 -3.3633500000000001e+00 -4.5803900000000004e+00 -5.9305500000000002e+00 -7.4473500000000001e+00 -9.1588499999999993e+00 -1.1079599999999999e+01 -1.3197850000000001e+01 -1.5459700000000000e+01 -1.7748600000000000e+01 -1.9861999999999998e+01 -2.1489450000000001e+01 -2.2206250000000001e+01 -2.1511050000000001e+01 -1.8939800000000002e+01 -1.4263000000000000e+01 -7.6978499999999999e+00  0.0000000000000000e+00  7.6978499999999999e+00  1.4263000000000000e+01  1.8939900000000002e+01  2.1511050000000001e+01  2.2206250000000001e+01  2.1489500000000000e+01  1.9861950000000000e+01  1.7748600000000000e+01  1.5459700000000000e+01  1.3197850000000001e+01  1.1079549999999999e+01  9.1588499999999993e+00  7.4473000000000003e+00  5.9305500000000002e+00  4.5803799999999999e+00  3.3633500000000001e+00  2.2453249999999998e+00  1.1940999999999999e+00  1.8100849999999999e-01 -8.1699500000000003e-01 -1.8138150000000000e+00 -2.8084600000000002e+00 -3.7767249999999999e+00 -4.6617199999999999e+00 -5.3680500000000002e+00 -5.7680999999999996e+00 -5.7301000000000002e+00 -5.1695500000000001e+00 -4.1037850000000002e+00 -2.6745250000000000e+00
  -5.0000000000000001e-04  2.5306299999999999e+00  3.9726949999999999e+00  5.0575500000000000e+00  5.6387499999999999e+00  5.6957500000000003e+00  5.3121499999999999e+00  4.6197150000000002e+00  3.7462800000000001e+00  2.7875200000000002e+00  1.8006050000000000e+00  8.1003999999999998e-01 -1.8286649999999999e-01 -1.1917249999999999e+00 -2.2393399999999999e+00 -3.3541699999999999e+00 -4.5682950000000000e+00 -5.9157500000000001e+00 -7.4301000000000004e+00 -9.1395499999999998e+00 -1.1058850000000000e+01 -1.3176500000000001e+01 -1.5439450000000001e+01 -1.7732250000000001e+01 -1.9854050000000001e+01 -2.1495850000000001e+01 -2.2233049999999999e+01 -2.1560449999999999e+01 -1.9005800000000001e+01 -1.4328300000000000e+01 -7.7392000000000003e+00 -3.0167649999999999e-05  7.7392000000000003e+00  1.4328250000000001e+01  1.9005800000000001e+01  2.1560449999999999e+01  2.2233049999999999e+01  2.1495850000000001e+01  1.9854050000000001e+01  1.7732250000000001e+01  1.5439500000000001e+01  1.3176500000000001e+01  1.1058850000000000e+01  9.1395499999999998e+00  7.4301500000000003e+00  5.9157500000000001e+00  4.5682999999999998e+00  3.3541699999999999e+00  2.2393350000000001e+00  1.1917300000000000e+00  1.8286749999999999e-01 -8.1003999999999998e-01 -1.8006050000000000e+00 -2.7875200000000002e+00 -3.7462849999999999e+00 -4.6197100000000004e+00 -5.3121499999999999e+00 -5.6957500000000003e+00 -5.6387499999999999e+00 -5.0575500000000000e+00 -3.9726650000000001e+00 -2.5306299999999999e+00
  -1.0000000000000000e-03  2.0913550000000001e+00  3.5734149999999998e+00  4.7183999999999999e+00  5.3640499999999998e+00  5.4800000000000004e+00  5.1467999999999998e+00  4.4962350000000004e+00  3.6572249999999999e+00  2.7265350000000002e+00  1.7623450000000001e+00  7.9014499999999999e-01 -1.8778000000000000e-01 -1.1841649999999999e+00 -2.2210850000000000e+00 -3.3264399999999998e+00 -4.5319450000000003e+00 -5.8715000000000002e+00 -7.3787500000000001e+00 -9.0823999999999998e+00 -1.0997600000000000e+01 -1.3114100000000001e+01 -1.5380599999999999e+01 -1.7685400000000001e+01 -1.9832750000000001e+01 -2.1518750000000001e+01 -2.2318549999999998e+01 -2.1716100000000001e+01 -1.9212750000000000e+01 -1.4533250000000001e+01 -7.8692000000000002e+00  1.6417200000000000e-06  7.8692000000000002e+00  1.4533250000000001e+01  1.9212750000000000e+01  2.1716149999999999e+01  2.2318549999999998e+01  2.1518750000000001e+01  1.9832750000000001e+01  1.7685400000000001e+01  1.5380599999999999e+01  1.3114100000000001e+01  1.0997600000000000e+01  9.0823999999999998e+00  7.3788000000000000e+00  5.8715000000000002e+00  4.5319500000000001e+00  3.3264350000000000e+00  2.2210800000000002e+00  1.1841600000000001e+00  1.8776999999999999e-01 -7.9014499999999999e-01 -1.7623450000000001e+00 -2.7265400000000000e+00 -3.6572200000000001e+00 -4.4962450000000000e+00 -5.1467999999999998e+00 -5.4800500000000003e+00 -5.3640499999999998e+00 -4.7184049999999997e+00 -3.5733600000000001e+00 -2.0913149999999998e+00
  -1.5000000000000000e-03  1.3332250000000001e+00  2.8875199999999999e+00  4.1424399999999997e+00  4.9049500000000004e+00  5.1257500000000000e+00  4.8795200000000003e+00  4.2992200000000000e+00  3.5165700000000002e+00  2.6310400000000000e+00  1.7030900000000000e+00  7.6017000000000001e-01 -1.9378550000000000e-01 -1.1700850000000000e+00 -2.1896900000000001e+00 -3.2796449999999999e+00 -4.4711600000000002e+00 -5.7980000000000000e+00 -7.2941500000000001e+00 -8.9890500000000007e+00 -1.0898849999999999e+01 -1.3014749999999999e+01 -1.5288650000000001e+01 -1.7614850000000001e+01 -1.9806699999999999e+01 -2.1569550000000000e+01 -2.2479099999999999e+01 -2.2000750000000000e+01 -1.9589400000000001e+01 -1.4906599999999999e+01 -8.1062499999999993e+00  2.4916600000000000e-06  8.1062499999999993e+00  1.4906599999999999e+01  1.9589400000000001e+01  2.2000750000000000e+01  2.2479099999999999e+01  2.1569550000000000e+01  1.9806750000000001e+01  1.7614850000000001e+01  1.5288650000000001e+01  1.3014749999999999e+01  1.0898849999999999e+01  8.9891000000000005e+00  7.2942000000000000e+00  5.7980000000000000e+00  4.4711449999999999e+00  3.2796400000000001e+00  2.1896949999999999e+00  1.1700850000000000e+00  1.9375550000000000e-01 -7.6019000000000003e-01 -1.7031000000000001e+00 -2.6310349999999998e+00 -3.5165750000000000e+00 -4.2992049999999997e+00 -4.8795349999999997e+00 -5.1257000000000001e+00 -4.9049600000000000e+00 -4.1424250000000002e+00 -2.8875199999999999e+00 -1.3331949999999999e+00
  -2.0000000000000000e-03  2.1376000000000001e-01  1.8822700000000001e+00  3.3137150000000002e+00  4.2611800000000004e+00  4.6427699999999996e+00  4.5244299999999997e+00  4.0429700000000004e+00  3.3364850000000001e+00  2.5103849999999999e+00  1.6296250000000001e+00  7.2483500000000001e-01 -1.9764850000000000e-01 -1.1473599999999999e+00 -2.1437400000000002e+00 -3.2129050000000001e+00 -4.3854800000000003e+00 -5.6954000000000002e+00 -7.1776000000000000e+00 -8.8626000000000005e+00 -1.0767600000000000e+01 -1.2885600000000000e+01 -1.5172499999999999e+01 -1.7531649999999999e+01 -1.9790099999999999e+01 -2.1667400000000001e+01 -2.2742850000000001e+01 -2.2454750000000001e+01 -2.0187500000000000e+01 -1.5503399999999999e+01 -8.4872499999999995e+00  3.3831249999999999e-06  8.4872499999999995e+00  1.5503299999999999e+01  2.0187500000000000e+01  2.2454750000000001e+01  2.2742850000000001e+01  2.1667349999999999e+01  1.9790150000000001e+01  1.7531549999999999e+01  1.5172499999999999e+01  1.2885650000000000e+01  1.0767650000000000e+01  8.8625500000000006e+00  7.1776000000000000e+00  5.6954500000000001e+00  4.3854800000000003e+00  3.2128899999999998e+00  2.1437550000000001e+00  1.1473549999999999e+00  1.9764850000000000e-01 -7.2483500000000001e-01 -1.6296250000000001e+00 -2.5103949999999999e+00 -3.3364600000000002e+00 -4.0429700000000004e+00 -4.5244350000000004e+00 -4.6427649999999998e+00 -4.2611749999999997e+00 -3.3136700000000001e+00 -1.8822650000000001e+00 -2.1378050000000001e-01
  -2.5000000000000001e-03 -1.3344750000000001e+00  5.0695999999999997e-01  2.2105000000000001e+00  3.4367399999999999e+00  4.0497100000000001e+00  4.1051349999999998e+00  3.7495599999999998e+00  3.1349300000000002e+00  2.3778199999999998e+00  1.5511500000000000e+00  6.9040999999999997e-01 -1.9520799999999999e-01 -1.1131750000000000e+00 -2.0813600000000001e+00 -3.1248950000000000e+00 -4.2741199999999999e+00 -5.5637999999999996e+00 -7.0305000000000000e+00 -8.7067999999999994e+00 -1.0610950000000001e+01 -1.2736900000000000e+01 -1.5045150000000000e+01 -1.7451300000000000e+01 -1.9802750000000000e+01 -2.1840750000000000e+01 -2.3152200000000001e+01 -2.3141700000000000e+01 -2.1093000000000000e+01 -1.6412949999999999e+01 -9.0736500000000007e+00  4.3285199999999999e-06  9.0736500000000007e+00  1.6412949999999999e+01  2.1093000000000000e+01  2.3141749999999998e+01  2.3152249999999999e+01  2.1840750000000000e+01  1.9802700000000002e+01  1.7451250000000002e+01  1.5045100000000000e+01  1.2736900000000000e+01  1.0611000000000001e+01  8.7067499999999995e+00  7.0305000000000000e+00  5.5637999999999996e+00  4.2741499999999997e+00  3.1249300000000000e+00  2.0813549999999998e+00  1.1131400000000000e+00  1.9518900000000000e-01 -6.9038500000000003e-01 -1.5511500000000000e+00 -2.3778100000000002e+00 -3.1349450000000001e+00 -3.7496000000000000e+00 -4.1051650000000004e+00 -4.0497050000000003e+00 -3.4367549999999998e+00 -2.2105100000000002e+00 -5.0700500000000004e-01  1.3344750000000001e+00
  -3.0000000000000001e-03 -3.4140050000000000e+00 -1.3127200000000001e+00  8.0720000000000003e-01  2.4455300000000002e+00  3.3797700000000002e+00  3.6583600000000001e+00  3.4514499999999999e+00  2.9364849999999998e+00  2.2504499999999998e+00  1.4791000000000001e+00  6.6447000000000001e-01 -1.8141299999999999e-01 -1.0641000000000000e+00 -2.0003199999999999e+00 -3.0141300000000002e+00 -4.1359599999999999e+00 -5.4025499999999997e+00 -6.8540000000000001e+00 -8.5263000000000009e+00 -1.0438200000000000e+01 -1.2582150000000000e+01 -1.4923600000000000e+01 -1.7394050000000000e+01 -1.9870249999999999e+01 -2.2126650000000001e+01 -2.3766500000000001e+01 -2.4154299999999999e+01 -2.2435800000000000e+01 -1.7784199999999998e+01 -9.9702000000000002e+00  5.3604000000000004e-06  9.9702000000000002e+00  1.7784199999999998e+01  2.2435749999999999e+01  2.4154299999999999e+01  2.3766649999999998e+01  2.2126550000000002e+01  1.9870249999999999e+01  1.7394100000000002e+01  1.4923500000000001e+01  1.2582200000000000e+01  1.0438250000000000e+01  8.5264000000000006e+00  6.8540000000000001e+00  5.4024999999999999e+00  4.1360400000000004e+00  3.0140699999999998e+00  2.0004050000000002e+00  1.0641050000000001e+00  1.8136749999999999e-01 -6.6444000000000003e-01 -1.4790850000000000e+00 -2.2504499999999998e+00 -2.9364750000000002e+00 -3.4513349999999998e+00 -3.6583500000000000e+00 -3.3797649999999999e+00 -2.4455300000000002e+00 -8.0717499999999998e-01  1.3127650000000000e+00  3.4140250000000001e+00
  -3.5000000000000001e-03 -6.1812500000000004e+00 -3.6847050000000001e+00 -9.2111500000000002e-01  1.3220149999999999e+00  2.6896049999999998e+00  3.2397600000000000e+00  3.1931550000000000e+00  2.7729300000000001e+00  2.1489050000000001e+00  1.4267250000000000e+00  6.5558499999999997e-01 -1.5039649999999999e-01 -9.9631000000000003e-01 -1.8980800000000000e+00 -2.8785949999999998e+00 -3.9691700000000001e+00 -5.2099000000000002e+00 -6.6480499999999996e+00 -8.3261000000000003e+00 -1.0261100000000001e+01 -1.2439100000000000e+01 -1.4828550000000000e+01 -1.7383900000000001e+01 -2.0022749999999998e+01 -2.2571000000000002e+01 -2.4664200000000001e+01 -2.5624350000000000e+01 -2.4414200000000001e+01 -1.9852350000000001e+01 -1.1351400000000000e+01  6.5048500000000001e-06  1.1351450000000000e+01  1.9852399999999999e+01  2.4414149999999999e+01  2.5624300000000002e+01  2.4664249999999999e+01  2.2571050000000000e+01  2.0022749999999998e+01  1.7384000000000000e+01  1.4828500000000000e+01  1.2439100000000000e+01  1.0261100000000001e+01  8.3261000000000003e+00  6.6481000000000003e+00  5.2099500000000001e+00  3.9692050000000001e+00  2.8785249999999998e+00  1.8980100000000000e+00  9.9653999999999998e-01  1.5037800000000001e-01 -6.5552999999999995e-01 -1.4267250000000000e+00 -2.1489400000000001e+00 -2.7728549999999998e+00 -3.1931799999999999e+00 -3.2396750000000001e+00 -2.6896200000000001e+00 -1.3221099999999999e+00  9.2108000000000001e-01  3.6847349999999999e+00  6.1813000000000002e+00
  -4.0000000000000001e-03 -9.8793500000000005e+00 -6.7655000000000003e+00 -2.9859550000000001e+00  1.4110400000000001e-01  2.0726200000000001e+00  2.9303699999999999e+00  3.0353650000000001e+00  2.6834199999999999e+00  2.0962299999999998e+00  1.4073350000000000e+00  6.7250500000000002e-01 -9.6684000000000006e-02 -9.0645500000000001e-01 -1.7722500000000001e+00 -2.7162850000000001e+00 -3.7710149999999998e+00 -4.9823100000000000e+00 -6.4102499999999996e+00 -8.1105499999999999e+00 -1.0094849999999999e+01 -1.2330249999999999e+01 -1.4785650000000000e+01 -1.7448100000000000e+01 -2.0293099999999999e+01 -2.3225850000000001e+01 -2.5944050000000001e+01 -2.7733400000000000e+01 -2.7324050000000000e+01 -2.3002350000000000e+01 -1.3521150000000000e+01  7.7720499999999996e-06  1.3521150000000000e+01  2.3002350000000000e+01  2.7324050000000000e+01  2.7733300000000000e+01  2.5943950000000001e+01  2.3225950000000001e+01  2.0292999999999999e+01  1.7448200000000000e+01  1.4785800000000000e+01  1.2330150000000000e+01  1.0094650000000000e+01  8.1105000000000000e+00  6.4101499999999998e+00  4.9822350000000002e+00  3.7710800000000000e+00  2.7163499999999998e+00  1.7721700000000000e+00  9.0653499999999998e-01  9.6579499999999999e-02 -6.7234000000000005e-01 -1.4074199999999999e+00 -2.0962550000000002e+00 -2.6834449999999999e+00 -3.0354600000000000e+00 -2.9304649999999999e+00 -2.0725250000000002e+00 -1.4118600000000001e-01  2.9860199999999999e+00  6.7654500000000004e+00  9.8793500000000005e+00
  -4.4999999999999997e-03 -1.4901850000000000e+01 -1.0784700000000001e+01 -5.3561500000000004e+00 -9.4850000000000001e-01  1.6774249999999999e+00  2.8449399999999998e+00  3.0566949999999999e+00  2.7138350000000000e+00  2.1154449999999998e+00  1.4338949999999999e+00  7.2350999999999999e-01 -1.4479000000000001e-02 -7.9062500000000002e-01 -1.6203799999999999e+00 -2.5253899999999998e+00 -3.5382650000000000e+00 -4.7126799999999998e+00 -6.1326999999999998e+00 -7.8816499999999996e+00 -9.9587000000000003e+00 -1.2284850000000000e+01 -1.4825200000000001e+01 -1.7614850000000001e+01 -2.0712250000000001e+01 -2.4144700000000000e+01 -2.7724699999999999e+01 -3.0722249999999999e+01 -3.1600100000000001e+01 -2.7864400000000000e+01 -1.7021950000000000e+01  1.1317450000000000e-05  1.7021850000000001e+01  2.7864400000000000e+01  3.1600200000000001e+01  3.0722249999999999e+01  2.7724750000000000e+01  2.4144700000000000e+01  2.0712199999999999e+01  1.7614699999999999e+01  1.4825100000000001e+01  1.2284850000000000e+01  9.9588999999999999e+00  7.8817500000000003e+00  6.1326499999999999e+00  4.7126450000000002e+00  3.5382099999999999e+00  2.5253299999999999e+00  1.6204499999999999e+00  7.9057999999999995e-01  1.4315450000000000e-02 -7.2343999999999997e-01 -1.4338000000000000e+00 -2.1153749999999998e+00 -2.7139050000000000e+00 -3.0565650000000000e+00 -2.8451399999999998e+00 -1.6773199999999999e+00  9.4850999999999996e-01  5.3560499999999998e+00  1.0784700000000001e+01  1.4901899999999999e+01
  -5.0000000000000001e-03 -2.1922750000000001e+01 -1.6085100000000001e+01 -7.8847500000000004e+00 -1.6662850000000000e+00  1.7289500000000000e+00  3.1378149999999998e+00  3.3558050000000001e+00  2.9138500000000001e+00  2.2251249999999998e+00  1.5155700000000001e+00  8.1572999999999996e-01  1.0155150000000000e-01 -6.4553000000000005e-01 -1.4414250000000000e+00 -2.3049249999999999e+00 -3.2670949999999999e+00 -4.3902200000000002e+00 -5.7977499999999997e+00 -7.6375000000000002e+00 -9.8824000000000005e+00 -1.2343349999999999e+01 -1.4982250000000001e+01 -1.7912350000000000e+01 -2.1302700000000002e+01 -2.5368600000000001e+01 -3.0136550000000000e+01 -3.4898800000000001e+01 -3.7865900000000003e+01 -3.5489500000000000e+01 -2.2869900000000001e+01  1.1027000000000000e-05  2.2869900000000001e+01  3.5489550000000001e+01  3.7865600000000001e+01  3.4898899999999998e+01  3.0136649999999999e+01  2.5368500000000001e+01  2.1302700000000002e+01  1.7912550000000000e+01  1.4982150000000001e+01  1.2343349999999999e+01  9.8819999999999997e+00  7.6372999999999998e+00  5.7977999999999996e+00  4.3903299999999996e+00  3.2671899999999998e+00  2.3047949999999999e+00  1.4414250000000000e+00  6.4563000000000004e-01 -1.0168400000000000e-01 -8.1564999999999999e-01 -1.5155950000000000e+00 -2.2250999999999999e+00 -2.9139599999999999e+00 -3.3557700000000001e+00 -3.1378200000000001e+00 -1.7288650000000001e+00  1.6662150000000000e+00  7.8846999999999996e+00  1.6085049999999999e+01  2.1922750000000001e+01
# Vertical Kick [micro-rad]
START
                          -2.9999999999999999e-02 -2.9000000000000001e-02 -2.8000000000000001e-02 -2.7000000000000000e-02 -2.5999999999999999e-02 -2.5000000000000001e-02 -2.4000000000000000e-02 -2.3000000000000000e-02 -2.1999999999999999e-02 -2.1000000000000001e-02 -2.0000000000000000e-02 -1.9000000000000000e-02 -1.7999999999999999e-02 -1.7000000000000001e-02 -1.6000000000000000e-02 -1.4999999999999999e-02 -1.4000000000000000e-02 -1.2999999999999999e-02 -1.2000000000000000e-02 -1.0999999999999999e-02 -1.0000000000000000e-02 -8.9999999999999993e-03 -8.0000000000000002e-03 -7.0000000000000001e-03 -6.0000000000000001e-03 -5.0000000000000001e-03 -4.0000000000000001e-03 -3.0000000000000001e-03 -2.0000000000000000e-03 -1.0000000000000000e-03  0.0000000000000000e+00  1.0000000000000000e-03  2.0000000000000000e-03  3.0000000000000001e-03  4.0000000000000001e-03  5.0000000000000001e-03  6.0000000000000001e-03  7.0000000000000001e-03  8.0000000000000002e-03  8.9999999999999993e-03  1.0000000000000000e-02  1.0999999999999999e-02  1.2000000000000000e-02  1.2999999999999999e-02  1.4000000000000000e-02  1.4999999999999999e-02  1.6000000000000000e-02  1.7000000000000001e-02  1.7999999999999999e-02  1.9000000000000000e-02  2.0000000000000000e-02  2.1000000000000001e-02  2.1999999999999999e-02  2.3000000000000000e-02  2.4000000000000000e-02  2.5000000000000001e-02  2.5999999999999999e-02  2.7000000000000000e-02  2.8000000000000001e-02  2.9000000000000001e-02  2.9999999999999999e-02
   5.0000000000000001e-03 -5.5852499999999999e+01 -7.0885999999999996e+01 -7.9363000000000000e+01 -8.1943500000000000e+01 -8.1796999999999997e+01 -8.0817499999999995e+01 -7.9766999999999996e+01 -7.8980500000000006e+01 -7.8536000000000001e+01 -7.8280000000000001e+01 -7.8058499999999995e+01 -7.7810000000000002e+01 -7.7515500000000003e+01 -7.7164000000000001e+01 -7.6737499999999997e+01 -7.6212999999999994e+01 -7.5566500000000005e+01 -7.4823499999999996e+01 -7.4165499999999994e+01 -7.3874499999999998e+01 -7.3985500000000002e+01 -7.4344499999999996e+01 -7.4930000000000007e+01 -7.5938500000000005e+01 -7.7905000000000001e+01 -8.1930000000000007e+01 -8.9480000000000004e+01 -1.0185650000000000e+02 -1.1924350000000000e+02 -1.3735650000000001e+02 -1.4562799999999999e+02 -1.3735650000000001e+02 -1.1924350000000000e+02 -1.0185650000000000e+02 -8.9480000000000004e+01 -8.1930499999999995e+01 -7.7905000000000001e+01 -7.5938500000000005e+01 -7.4930000000000007e+01 -7.4344499999999996e+01 -7.3985500000000002e+01 -7.3874499999999998e+01 -7.4165499999999994e+01 -7.4823499999999996e+01 -7.5566500000000005e+01 -7.6212999999999994e+01 -7.6737499999999997e+01 -7.7163499999999999e+01 -7.7516000000000005e+01 -7.7810000000000002e+01 -7.8058499999999995e+01 -7.8280000000000001e+01 -7.8536000000000001e+01 -7.8980000000000004e+01 -7.9766999999999996e+01 -8.0817499999999995e+01 -8.1796999999999997e+01 -8.1943500000000000e+01 -7.9363000000000000e+01 -7.0885999999999996e+01 -5.5852499999999999e+01
   4.4999999999999997e-03 -4.5993000000000002e+01 -5.6750000000000000e+01 -6.3819499999999998e+01 -6.7122000000000000e+01 -6.8193500000000000e+01 -6.8280500000000004e+01 -6.8036500000000004e+01 -6.7777500000000003e+01 -6.7612499999999997e+01 -6.7504000000000005e+01 -6.7382999999999996e+01 -6.7215000000000003e+01 -6.6986999999999995e+01 -6.6692499999999995e+01 -6.6322500000000005e+01 -6.5866000000000000e+01 -6.5318500000000000e+01 -6.4712999999999994e+01 -6.4161000000000001e+01 -6.3810499999999998e+01 -6.3703000000000003e+01 -6.3793500000000002e+01 -6.4099500000000006e+01 -6.4795000000000002e+01 -6.6299499999999995e+01 -6.9358500000000006e+01 -7.4897999999999996e+01 -8.3600499999999997e+01 -9.5044499999999999e+01 -1.0607899999999999e+02 -1.1086799999999999e+02 -1.0607899999999999e+02 -9.5044499999999999e+01 -8.3600499999999997e+01 -7.4898499999999999e+01 -6.9358500000000006e+01 -6.6299499999999995e+01 -6.4795000000000002e+01 -6.4099500000000006e+01 -6.3793500000000002e+01 -6.3703000000000003e+01 -6.3810499999999998e+01 -6.4161000000000001e+01 -6.4712999999999994e+01 -6.5318500000000000e+01 -6.5866500000000002e+01 -6.6322500000000005e+01 -6.6692499999999995e+01 -6.6986999999999995e+01 -6.7215000000000003e+01 -6.7382999999999996e+01 -6.7504000000000005e+01 -6.7612499999999997e+01 -6.7777500000000003e+01 -6.8036000000000001e+01 -6.8280500000000004e+01 -6.8193500000000000e+01 -6.7122000000000000e+01 -6.3819499999999998e+01 -5.6750000000000000e+01 -4.5993000000000002e+01
   4.0000000000000001e-03 -3.7899099999999997e+01 -4.5837550000000000e+01 -5.1585000000000001e+01 -5.4909500000000001e+01 -5.6545000000000002e+01 -5.7258499999999998e+01 -5.7537500000000001e+01 -5.7648000000000003e+01 -5.7704500000000003e+01 -5.7725000000000001e+01 -5.7691499999999998e+01 -5.7591999999999999e+01 -5.7422499999999999e+01 -5.7182000000000002e+01 -5.6866999999999997e+01 -5.6475999999999999e+01 -5.6011499999999998e+01 -5.5502499999999998e+01 -5.5016500000000001e+01 -5.4636000000000003e+01 -5.4399500000000003e+01 -5.4307499999999997e+01 -5.4399000000000001e+01 -5.4823500000000003e+01 -5.5898000000000003e+01 -5.8134500000000003e+01 -6.2116999999999997e+01 -6.8170500000000004e+01 -7.5745500000000007e+01 -8.2658000000000001e+01 -8.5551000000000002e+01 -8.2658000000000001e+01 -7.5745500000000007e+01 -6.8170500000000004e+01 -6.2116999999999997e+01 -5.8134500000000003e+01 -5.5898000000000003e+01 -5.4823500000000003e+01 -5.4399000000000001e+01 -5.4307499999999997e+01 -5.4399500000000003e+01 -5.4636499999999998e+01 -5.5016500000000001e+01 -5.5502499999999998e+01 -5.6011499999999998e+01 -5.6475999999999999e+01 -5.6867500000000000e+01 -5.7182000000000002e+01 -5.7422499999999999e+01 -5.7591999999999999e+01 -5.7691499999999998e+01 -5.7725000000000001e+01 -5.7704500000000003e+01 -5.7648000000000003e+01 -5.7537500000000001e+01 -5.7258499999999998e+01 -5.6545000000000002e+01 -5.4909500000000001e+01 -5.1585500000000003e+01 -4.5837600000000002e+01 -3.7899099999999997e+01
   3.5000000000000001e-03 -3.1089950000000002e+01 -3.7057400000000001e+01 -4.1667050000000003e+01 -4.4698349999999998e+01 -4.6499200000000002e+01 -4.7522449999999999e+01 -4.8103749999999998e+01 -4.8447450000000003e+01 -4.8658650000000002e+01 -4.8776899999999998e+01 -4.8812049999999999e+01 -4.8767749999999999e+01 -4.8647900000000000e+01 -4.8455800000000004e+01 -4.8193449999999999e+01 -4.7862349999999999e+01 -4.7469250000000002e+01 -4.7035150000000002e+01 -4.6600999999999999e+01 -4.6215400000000002e+01 -4.5909550000000003e+01 -4.5702350000000003e+01 -4.5641449999999999e+01 -4.5849950000000000e+01 -4.6566150000000000e+01 -4.8144599999999997e+01 -5.0956499999999998e+01 -5.5139000000000003e+01 -6.0187500000000000e+01 -6.4617500000000007e+01 -6.6424999999999997e+01 -6.4617500000000007e+01 -6.0187500000000000e+01 -5.5139000000000003e+01 -5.0956499999999998e+01 -4.8144599999999997e+01 -4.6566249999999997e+01 -4.5850000000000001e+01 -4.5641500000000001e+01 -4.5702449999999999e+01 -4.5909550000000003e+01 -4.6215400000000002e+01 -4.6601050000000001e+01 -4.7035249999999998e+01 -4.7469349999999999e+01 -4.7862450000000003e+01 -4.8193449999999999e+01 -4.8455800000000004e+01 -4.8647849999999998e+01 -4.8767800000000001e+01 -4.8812100000000001e+01 -4.8776899999999998e+01 -4.8658600000000000e+01 -4.8447450000000003e+01 -4.8103700000000003e+01 -4.7522350000000003e+01 -4.6499150000000000e+01 -4.4698349999999998e+01 -4.1667050000000003e+01 -3.7057450000000003e+01 -3.1090000000000000e+01
   3.0000000000000001e-03 -2.5236450000000001e+01 -2.9755900000000000e+01 -3.3407150000000001e+01 -3.6018700000000003e+01 -3.7752350000000000e+01 -3.8868650000000002e+01 -3.9586100000000002e+01 -4.0052149999999997e+01 -4.0353200000000001e+01 -4.0533799999999999e+01 -4.0615949999999998e+01 -4.0612549999999999e+01 -4.0532800000000002e+01 -4.0383450000000003e+01 -4.0168999999999997e+01 -3.9893599999999999e+01 -3.9563699999999997e+01 -3.9193899999999999e+01 -3.8809049999999999e+01 -3.8438850000000002e+01 -3.8107950000000002e+01 -3.7840200000000003e+01 -3.7682150000000000e+01 -3.7734099999999998e+01 -3.8174300000000002e+01 -3.9251399999999997e+01 -4.1203600000000002e+01 -4.4075550000000000e+01 -4.7458550000000002e+01 -5.0347999999999999e+01 -5.1506000000000000e+01 -5.0347999999999999e+01 -4.7458599999999997e+01 -4.4075449999999996e+01 -4.1203650000000003e+01 -3.9251500000000000e+01 -3.8174349999999997e+01 -3.7734099999999998e+01 -3.7682250000000003e+01 -3.7840299999999999e+01 -3.8107999999999997e+01 -3.8438899999999997e+01 -3.8809100000000001e+01 -3.9193950000000001e+01 -3.9563699999999997e+01 -3.9893549999999998e+01 -4.0169049999999999e+01 -4.0383400000000002e+01 -4.0532850000000003e+01 -4.0612549999999999e+01 -4.0616000000000000e+01 -4.0533850000000001e+01 -4.0353149999999999e+01 -4.0052199999999999e+01 -3.9586199999999998e+01 -3.8868549999999999e+01 -3.7752350000000000e+01 -3.6018700000000003e+01 -3.3407200000000003e+01 -2.9755900000000000e+01 -2.5236400000000000e+01
   2.5000000000000001e-03 -2.0101350000000000e+01 -2.3509899999999998e+01 -2.6352200000000000e+01 -2.8505050000000001e+01 -3.0041450000000001e+01 -3.1108250000000002e+01 -3.1841899999999999e+01 -3.2342700000000001e+01 -3.2676800000000000e+01 -3.2884950000000003e+01 -3.2992249999999999e+01 -3.3015450000000001e+01 -3.2966349999999998e+01 -3.2853499999999997e+01 -3.2682699999999997e+01 -3.2458700000000000e+01 -3.2187100000000001e+01 -3.1877600000000001e+01 -3.1545150000000000e+01 -3.1208300000000001e+01 -3.0885950000000001e+01 -3.0600999999999999e+01 -3.0394500000000001e+01 -3.0346599999999999e+01 -3.0589649999999999e+01 -3.1299150000000001e+01 -3.2630400000000002e+01 -3.4586500000000001e+01 -3.6856099999999998e+01 -3.8759349999999998e+01 -3.9513300000000001e+01 -3.8759349999999998e+01 -3.6856099999999998e+01 -3.4586449999999999e+01 -3.2630450000000003e+01 -3.1299099999999999e+01 -3.0589649999999999e+01 -3.0346650000000000e+01 -3.0394549999999999e+01 -3.0600999999999999e+01 -3.0885999999999999e+01 -3.1208349999999999e+01 -3.1545200000000001e+01 -3.1877600000000001e+01 -3.2187100000000001e+01 -3.2458700000000000e+01 -3.2682749999999999e+01 -3.2853499999999997e+01 -3.2966400000000000e+01 -3.3015450000000001e+01 -3.2992249999999999e+01 -3.2884950000000003e+01 -3.2676800000000000e+01 -3.2342700000000001e+01 -3.1841950000000001e+01 -3.1108300000000000e+01 -3.0041499999999999e+01 -2.8505099999999999e+01 -2.6352200000000000e+01 -2.3509850000000000e+01 -2.0101350000000000e+01
   2.0000000000000000e-03 -1.5505599999999999e+01 -1.8026050000000001e+01 -2.0175550000000001e+01 -2.1869599999999998e+01 -2.3139500000000002e+01 -2.4066250000000000e+01 -2.4731649999999998e+01 -2.5200849999999999e+01 -2.5521350000000002e+01 -2.5726099999999999e+01 -2.5838400000000000e+01 -2.5874849999999999e+01 -2.5847650000000002e+01 -2.5765400000000000e+01 -2.5634049999999998e+01 -2.5458250000000000e+01 -2.5242300000000000e+01 -2.4992400000000000e+01 -2.4717549999999999e+01 -2.4429250000000000e+01 -2.4141649999999998e+01 -2.3873950000000001e+01 -2.3660100000000000e+01 -2.3561450000000001e+01 -2.3675350000000002e+01 -2.4124949999999998e+01 -2.5011500000000002e+01 -2.6323850000000000e+01 -2.7834299999999999e+01 -2.9086250000000000e+01 -2.9578450000000000e+01 -2.9086250000000000e+01 -2.7834299999999999e+01 -2.6323650000000001e+01 -2.5011550000000000e+01 -2.4124949999999998e+01 -2.3675350000000002e+01 -2.3561450000000001e+01 -2.3660250000000001e+01 -2.3873950000000001e+01 -2.4141700000000000e+01 -2.4429300000000001e+01 -2.4717500000000001e+01 -2.4992400000000000e+01 -2.5242300000000000e+01 -2.5458200000000001e+01 -2.5634049999999998e+01 -2.5765400000000000e+01 -2.5847650000000002e+01 -2.5874900000000000e+01 -2.5838400000000000e+01 -2.5726099999999999e+01 -2.5521400000000000e+01 -2.5200900000000001e+01 -2.4731649999999998e+01 -2.4066199999999998e+01 -2.3139500000000002e+01 -2.1869650000000000e+01 -2.0175599999999999e+01 -1.8026100000000000e+01 -1.5505599999999999e+01
   1.5000000000000000e-03 -1.1307550000000001e+01 -1.3088550000000000e+01 -1.4631449999999999e+01 -1.5880950000000000e+01 -1.6849399999999999e+01 -1.7580200000000001e+01 -1.8120349999999998e+01 -1.8509950000000000e+01 -1.8780550000000002e+01 -1.8956499999999998e+01 -1.9056500000000000e+01 -1.9094700000000000e+01 -1.9081600000000002e+01 -1.9024750000000001e+01 -1.8929449999999999e+01 -1.8799399999999999e+01 -1.8637899999999998e+01 -1.8448499999999999e+01 -1.8236650000000001e+01 -1.8009450000000001e+01 -1.7776599999999998e+01 -1.7553100000000001e+01 -1.7364400000000000e+01 -1.7255250000000000e+01 -1.7294400000000000e+01 -1.7565449999999998e+01 -1.8133800000000001e+01 -1.8984749999999998e+01 -1.9961900000000000e+01 -2.0766050000000000e+01 -2.1080549999999999e+01 -2.0766050000000000e+01 -1.9961900000000000e+01 -1.8984850000000002e+01 -1.8133800000000001e+01 -1.7565449999999998e+01 -1.7294400000000000e+01 -1.7255299999999998e+01 -1.7364400000000000e+01 -1.7553100000000001e+01 -1.7776650000000000e+01 -1.8009450000000001e+01 -1.8236650000000001e+01 -1.8448550000000001e+01 -1.8637899999999998e+01 -1.8799450000000000e+01 -1.8929449999999999e+01 -1.9024799999999999e+01 -1.9081600000000002e+01 -1.9094700000000000e+01 -1.9056500000000000e+01 -1.8956499999999998e+01 -1.8780550000000002e+01 -1.8509950000000000e+01 -1.8120349999999998e+01 -1.7580200000000001e+01 -1.6849399999999999e+01 -1.5880950000000000e+01 -1.4631449999999999e+01 -1.3088600000000000e+01 -1.1307550000000001e+01
   1.0000000000000000e-03 -7.3898000000000001e+00 -8.5287000000000006e+00 -9.5254499999999993e+00 -1.0347200000000001e+01 -1.0998049999999999e+01 -1.1499900000000000e+01 -1.1877950000000000e+01 -1.2154700000000000e+01 -1.2349150000000000e+01 -1.2477100000000000e+01 -1.2551450000000001e+01 -1.2582200000000000e+01 -1.2577050000000000e+01 -1.2541550000000001e+01 -1.2479550000000000e+01 -1.2393700000000001e+01 -1.2286049999999999e+01 -1.2158750000000000e+01 -1.2014600000000000e+01 -1.1857849999999999e+01 -1.1694550000000000e+01 -1.1534800000000001e+01 -1.1395700000000000e+01 -1.1306250000000000e+01 -1.1310549999999999e+01 -1.1460649999999999e+01 -1.1796250000000001e+01 -1.2305050000000000e+01 -1.2889650000000000e+01 -1.3368350000000000e+01 -1.3555199999999999e+01 -1.3368600000000001e+01 -1.2889650000000000e+01 -1.2305000000000000e+01 -1.1796200000000001e+01 -1.1460699999999999e+01 -1.1310549999999999e+01 -1.1306300000000000e+01 -1.1395700000000000e+01 -1.1534850000000000e+01 -1.1694550000000000e+01 -1.1857849999999999e+01 -1.2014650000000000e+01 -1.2158799999999999e+01 -1.2286049999999999e+01 -1.2393700000000001e+01 -1.2479550000000000e+01 -1.2541550000000001e+01 -1.2577050000000000e+01 -1.2582200000000000e+01 -1.2551450000000001e+01 -1.2477150000000000e+01 -1.2349200000000000e+01 -1.2154700000000000e+01 -1.1878000000000000e+01 -1.1499900000000000e+01 -1.0998049999999999e+01 -1.0347200000000001e+01 -9.5254499999999993e+00 -8.5287000000000006e+00 -7.3898000000000001e+00
   5.0000000000000001e-04 -3.6512349999999998e+00 -4.2067699999999997e+00 -4.6958599999999997e+00 -5.1031000000000004e+00 -5.4296499999999996e+00 -5.6845999999999997e+00 -5.8786500000000004e+00 -6.0219500000000004e+00 -6.1233000000000004e+00 -6.1905000000000001e+00 -6.2299499999999997e+00 -6.2469500000000000e+00 -6.2454499999999999e+00 -6.2284499999999996e+00 -6.1978999999999997e+00 -6.1551999999999998e+00 -6.1013999999999999e+00 -6.0373999999999999e+00 -5.9644000000000004e+00 -5.8844000000000003e+00 -5.8003999999999998e+00 -5.7172499999999999e+00 -5.6436500000000001e+00 -5.5941500000000000e+00 -5.5898000000000003e+00 -5.6558999999999999e+00 -5.8112000000000004e+00 -6.0491500000000000e+00 -6.3224999999999998e+00 -6.5460500000000001e+00 -6.6332500000000003e+00 -6.5460500000000001e+00 -6.3224999999999998e+00 -6.0491500000000000e+00 -5.8112000000000004e+00 -5.6558999999999999e+00 -5.5898000000000003e+00 -5.5941999999999998e+00 -5.6436999999999999e+00 -5.7172999999999998e+00 -5.8004499999999997e+00 -5.8844500000000002e+00 -5.9644500000000003e+00 -6.0374499999999998e+00 -6.1013999999999999e+00 -6.1552499999999997e+00 -6.1979499999999996e+00 -6.2284499999999996e+00 -6.2454999999999998e+00 -6.2469500000000000e+00 -6.2299499999999997e+00 -6.1905000000000001e+00 -6.1233500000000003e+00 -6.0219500000000004e+00 -5.8786500000000004e+00 -5.6845999999999997e+00 -5.4296499999999996e+00 -5.1031500000000003e+00 -4.6958950000000002e+00 -4.2067850000000000e+00 -3.6512199999999999e+00
   0.0000000000000000e+00  3.0829700000000001e-05  6.0820999999999998e-06  1.2788349999999999e-05  7.1985499999999999e-06  7.8925499999999995e-06 -7.9098500000000002e-06  8.5478999999999999e-06  8.8007000000000003e-06  9.1050500000000002e-06  9.2405000000000007e-06  9.4872499999999997e-06  9.5058499999999998e-06  9.3978500000000002e-06  9.6574500000000002e-06  9.6668000000000003e-06  9.6909500000000008e-06  9.7808499999999997e-06  9.6405500000000004e-06  9.5727999999999992e-06  9.6528000000000001e-06  9.2808499999999994e-06  8.9409999999999996e-06  8.6592500000000001e-06  8.1658999999999992e-06  7.5265500000000000e-06  6.7440500000000003e-06  5.7260500000000000e-06  4.5406150000000004e-06  3.2229700000000001e-05  1.6182400000000001e-06  0.0000000000000000e+00 -1.6126550000000001e-06 -3.1252850000000002e-06 -4.4733050000000004e-06 -5.6120499999999999e-06 -6.5509500000000004e-06 -7.2516500000000003e-06 -8.3567000000000008e-06 -8.2392500000000008e-06 -8.5407999999999996e-06 -8.7612500000000002e-06 -8.9206000000000006e-06 -9.1172499999999998e-06 -9.1826999999999993e-06 -9.2198999999999996e-06 -9.2842000000000000e-06 -9.2692999999999995e-06 -9.3394499999999992e-06 -9.1609999999999992e-06 -9.2472500000000003e-06 -9.5521999999999998e-06 -9.5193500000000006e-06 -9.1139499999999994e-06 -9.0226500000000008e-06 -8.7928500000000000e-06 -8.4792000000000001e-06 -8.2723500000000005e-06 -7.6831999999999996e-06 -7.0424999999999999e-06  1.8259550000000000e-05  8.1508999999999998e-07
  -5.0000000000000001e-04  3.6512199999999999e+00  4.2067649999999999e+00  4.6958700000000002e+00  5.1031500000000003e+00  5.4296499999999996e+00  5.6845999999999997e+00  5.8786500000000004e+00  6.0219500000000004e+00  6.1233500000000003e+00  6.1905000000000001e+00  6.2299499999999997e+00  6.2469500000000000e+00  6.2454999999999998e+00  6.2284499999999996e+00  6.1978999999999997e+00  6.1552499999999997e+00  6.1013999999999999e+00  6.0373999999999999e+00  5.9644500000000003e+00  5.8844500000000002e+00  5.8004499999999997e+00  5.7172999999999998e+00  5.6436999999999999e+00  5.5941999999999998e+00  5.5898000000000003e+00  5.6558999999999999e+00  5.8112000000000004e+00  6.0491500000000000e+00  6.3224999999999998e+00  6.5460500000000001e+00  6.6332500000000003e+00  6.5460500000000001e+00  6.3224999999999998e+00  6.0491500000000000e+00  5.8112000000000004e+00  5.6558999999999999e+00  5.5898000000000003e+00  5.5941500000000000e+00  5.6436500000000001e+00  5.7172499999999999e+00  5.8003999999999998e+00  5.8844000000000003e+00  5.9644000000000004e+00  6.0373999999999999e+00  6.1013999999999999e+00  6.1552499999999997e+00  6.1978999999999997e+00  6.2284499999999996e+00  6.2454499999999999e+00  6.2469500000000000e+00  6.2299499999999997e+00  6.1905000000000001e+00  6.1233000000000004e+00  6.0219500000000004e+00  5.8786500000000004e+00  5.6845999999999997e+00  5.4296499999999996e+00  5.1031000000000004e+00  4.6958750000000000e+00  4.2067750000000004e+00  3.6512349999999998e+00
  -1.0000000000000000e-03  7.3898000000000001e+00  8.5286500000000007e+00  9.5254999999999992e+00  1.0347200000000001e+01  1.0997999999999999e+01  1.1499900000000000e+01  1.1878000000000000e+01  1.2154700000000000e+01  1.2349200000000000e+01  1.2477150000000000e+01  1.2551450000000001e+01  1.2582200000000000e+01  1.2577050000000000e+01  1.2541550000000001e+01  1.2479550000000000e+01  1.2393700000000001e+01  1.2286099999999999e+01  1.2158799999999999e+01  1.2014600000000000e+01  1.1857849999999999e+01  1.1694550000000000e+01  1.1534800000000001e+01  1.1395700000000000e+01  1.1306300000000000e+01  1.1310549999999999e+01  1.1460699999999999e+01  1.1796200000000001e+01  1.2305099999999999e+01  1.2889650000000000e+01  1.3368550000000001e+01  1.3555199999999999e+01  1.3368350000000000e+01  1.2889650000000000e+01  1.2305050000000000e+01  1.1796250000000001e+01  1.1460649999999999e+01  1.1310549999999999e+01  1.1306250000000000e+01  1.1395650000000000e+01  1.1534850000000000e+01  1.1694550000000000e+01  1.1857849999999999e+01  1.2014600000000000e+01  1.2158799999999999e+01  1.2286049999999999e+01  1.2393700000000001e+01  1.2479550000000000e+01  1.2541550000000001e+01  1.2577050000000000e+01  1.2582150000000000e+01  1.2551450000000001e+01  1.2477100000000000e+01  1.2349150000000000e+01  1.2154700000000000e+01  1.1877950000000000e+01  1.1499900000000000e+01  1.0998049999999999e+01  1.0347200000000001e+01  9.5254499999999993e+00  8.5287000000000006e+00  7.3898000000000001e+00
  -1.5000000000000000e-03  1.1307550000000001e+01  1.3088600000000000e+01  1.4631449999999999e+01  1.5880950000000000e+01  1.6849399999999999e+01  1.7580200000000001e+01  1.8120400000000000e+01  1.8510000000000002e+01  1.8780550000000002e+01  1.8956499999999998e+01  1.9056500000000000e+01  1.9094700000000000e+01  1.9081600000000002e+01  1.9024750000000001e+01  1.8929449999999999e+01  1.8799450000000000e+01  1.8637899999999998e+01  1.8448550000000001e+01  1.8236650000000001e+01  1.8009499999999999e+01  1.7776650000000000e+01  1.7553100000000001e+01  1.7364400000000000e+01  1.7255450000000000e+01  1.7294400000000000e+01  1.7565449999999998e+01  1.8133800000000001e+01  1.8984850000000002e+01  1.9961900000000000e+01  2.0766050000000000e+01  2.1080549999999999e+01  2.0766050000000000e+01  1.9961900000000000e+01  1.8984749999999998e+01  1.8133800000000001e+01  1.7565449999999998e+01  1.7294400000000000e+01  1.7255250000000000e+01  1.7364400000000000e+01  1.7553100000000001e+01  1.7776599999999998e+01  1.8009450000000001e+01  1.8236599999999999e+01  1.8448550000000001e+01  1.8637899999999998e+01  1.8799399999999999e+01  1.8929449999999999e+01  1.9024750000000001e+01  1.9081600000000002e+01  1.9094650000000001e+01  1.9056500000000000e+01  1.8956499999999998e+01  1.8780550000000002e+01  1.8509950000000000e+01  1.8120349999999998e+01  1.7580200000000001e+01  1.6849399999999999e+01  1.5880950000000000e+01  1.4631399999999999e+01  1.3088550000000000e+01  1.1307550000000001e+01
  -2.0000000000000000e-03  1.5505599999999999e+01  1.8026100000000000e+01  2.0175599999999999e+01  2.1869650000000000e+01  2.3139500000000002e+01  2.4066250000000000e+01  2.4731700000000000e+01  2.5200949999999999e+01  2.5521400000000000e+01  2.5726099999999999e+01  2.5838400000000000e+01  2.5874900000000000e+01  2.5847650000000002e+01  2.5765400000000000e+01  2.5634049999999998e+01  2.5458250000000000e+01  2.5242300000000000e+01  2.4992400000000000e+01  2.4717549999999999e+01  2.4429250000000000e+01  2.4141700000000000e+01  2.3873950000000001e+01  2.3660200000000000e+01  2.3561450000000001e+01  2.3675350000000002e+01  2.4124949999999998e+01  2.5011550000000000e+01  2.6323650000000001e+01  2.7834299999999999e+01  2.9086250000000000e+01  2.9578450000000000e+01  2.9086250000000000e+01  2.7834299999999999e+01  2.6323850000000000e+01  2.5011500000000002e+01  2.4124949999999998e+01  2.3675350000000002e+01  2.3561450000000001e+01  2.3660150000000002e+01  2.3873950000000001e+01  2.4141649999999998e+01  2.4429250000000000e+01  2.4717500000000001e+01  2.4992400000000000e+01  2.5242349999999998e+01  2.5458200000000001e+01  2.5634049999999998e+01  2.5765400000000000e+01  2.5847650000000002e+01  2.5874849999999999e+01  2.5838400000000000e+01  2.5726099999999999e+01  2.5521350000000002e+01  2.5200900000000001e+01  2.4731649999999998e+01  2.4066199999999998e+01  2.3139500000000002e+01  2.1869599999999998e+01  2.0175550000000001e+01  1.8026050000000001e+01  1.5505549999999999e+01
  -2.5000000000000001e-03  2.0101350000000000e+01  2.3509850000000000e+01  2.6352200000000000e+01  2.8505099999999999e+01  3.0041499999999999e+01  3.1108300000000000e+01  3.1841899999999999e+01  3.2342700000000001e+01  3.2676800000000000e+01  3.2884950000000003e+01  3.2992300000000000e+01  3.3015450000000001e+01  3.2966400000000000e+01  3.2853549999999998e+01  3.2682749999999999e+01  3.2458700000000000e+01  3.2187100000000001e+01  3.1877649999999999e+01  3.1545200000000001e+01  3.1208300000000001e+01  3.0885999999999999e+01  3.0600999999999999e+01  3.0394549999999999e+01  3.0346599999999999e+01  3.0589649999999999e+01  3.1299150000000001e+01  3.2630400000000002e+01  3.4586449999999999e+01  3.6856099999999998e+01  3.8759349999999998e+01  3.9513300000000001e+01  3.8759349999999998e+01  3.6856099999999998e+01  3.4586500000000001e+01  3.2630400000000002e+01  3.1299150000000001e+01  3.0589649999999999e+01  3.0346599999999999e+01  3.0394500000000001e+01  3.0600999999999999e+01  3.0885950000000001e+01  3.1208300000000001e+01  3.1545150000000000e+01  3.1877600000000001e+01  3.2187100000000001e+01  3.2458700000000000e+01  3.2682749999999999e+01  3.2853549999999998e+01  3.2966400000000000e+01  3.3015450000000001e+01  3.2992249999999999e+01  3.2884900000000002e+01  3.2676800000000000e+01  3.2342700000000001e+01  3.1841899999999999e+01  3.1108250000000002e+01  3.0041499999999999e+01  2.8504999999999999e+01  2.6352200000000000e+01  2.3509899999999998e+01  2.0101350000000000e+01
  -3.0000000000000001e-03  2.5236400000000000e+01  2.9755949999999999e+01  3.3407150000000001e+01  3.6018700000000003e+01  3.7752350000000000e+01  3.8868650000000002e+01  3.9586199999999998e+01  4.0052199999999999e+01  4.0353200000000001e+01  4.0533850000000001e+01  4.0615949999999998e+01  4.0612549999999999e+01  4.0532850000000003e+01  4.0383550000000000e+01  4.0169049999999999e+01  3.9893549999999998e+01  3.9563749999999999e+01  3.9194000000000003e+01  3.8809100000000001e+01  3.8438899999999997e+01  3.8107999999999997e+01  3.7840299999999999e+01  3.7682250000000003e+01  3.7734099999999998e+01  3.8174300000000002e+01  3.9251500000000000e+01  4.1203850000000003e+01  4.4075449999999996e+01  4.7458599999999997e+01  5.0347999999999999e+01  5.1506000000000000e+01  5.0347999999999999e+01  4.7458550000000002e+01  4.4075550000000000e+01  4.1203600000000002e+01  3.9251500000000000e+01  3.8174300000000002e+01  3.7734150000000000e+01  3.7682150000000000e+01  3.7840249999999997e+01  3.8107950000000002e+01  3.8438899999999997e+01  3.8809100000000001e+01  3.9193899999999999e+01  3.9563699999999997e+01  3.9893599999999999e+01  4.0168999999999997e+01  4.0383450000000003e+01  4.0532800000000002e+01  4.0612549999999999e+01  4.0615949999999998e+01  4.0533850000000001e+01  4.0353200000000001e+01  4.0052100000000003e+01  3.9586150000000004e+01  3.8868549999999999e+01  3.7752350000000000e+01  3.6018749999999997e+01  3.3407200000000003e+01  2.9755949999999999e+01  2.5236400000000000e+01
  -3.5000000000000001e-03  3.1089950000000002e+01  3.7057450000000003e+01  4.1667099999999998e+01  4.4698349999999998e+01  4.6499150000000000e+01  4.7522350000000003e+01  4.8103800000000000e+01  4.8447450000000003e+01  4.8658549999999998e+01  4.8776899999999998e+01  4.8812199999999997e+01  4.8767800000000001e+01  4.8647900000000000e+01  4.8455800000000004e+01  4.8193500000000000e+01  4.7862450000000003e+01  4.7469349999999999e+01  4.7035200000000003e+01  4.6600999999999999e+01  4.6215350000000001e+01  4.5909599999999998e+01  4.5702500000000001e+01  4.5641500000000001e+01  4.5849950000000000e+01  4.6566249999999997e+01  4.8144599999999997e+01  5.0956499999999998e+01  5.5139000000000003e+01  6.0187500000000000e+01  6.4617500000000007e+01  6.6424999999999997e+01  6.4617500000000007e+01  6.0187500000000000e+01  5.5139000000000003e+01  5.0957000000000001e+01  4.8144599999999997e+01  4.6566249999999997e+01  4.5849950000000000e+01  4.5641449999999999e+01  4.5702399999999997e+01  4.5909550000000003e+01  4.6215400000000002e+01  4.6600999999999999e+01  4.7035150000000002e+01  4.7469250000000002e+01  4.7862349999999999e+01  4.8193449999999999e+01  4.8455800000000004e+01  4.8647849999999998e+01  4.8767749999999999e+01  4.8811999999999998e+01  4.8777050000000003e+01  4.8658600000000000e+01  4.8447400000000002e+01  4.8103749999999998e+01  4.7522399999999998e+01  4.6499150000000000e+01  4.4698300000000003e+01  4.1667050000000003e+01  3.7057450000000003e+01  3.1089900000000000e+01
  -4.0000000000000001e-03  3.7899099999999997e+01  4.5837600000000002e+01  5.1585000000000001e+01  5.4909500000000001e+01  5.6545000000000002e+01  5.7258499999999998e+01  5.7537500000000001e+01  5.7648000000000003e+01  5.7704999999999998e+01  5.7725000000000001e+01  5.7691499999999998e+01  5.7591999999999999e+01  5.7422499999999999e+01  5.7182000000000002e+01  5.6867500000000000e+01  5.6475999999999999e+01  5.6011499999999998e+01  5.5502499999999998e+01  5.5016500000000001e+01  5.4636499999999998e+01  5.4399500000000003e+01  5.4307499999999997e+01  5.4399000000000001e+01  5.4823500000000003e+01  5.5898000000000003e+01  5.8134500000000003e+01  6.2116999999999997e+01  6.8170500000000004e+01  7.5745500000000007e+01  8.2658000000000001e+01  8.5551000000000002e+01  8.2658000000000001e+01  7.5745500000000007e+01  6.8170500000000004e+01  6.2116999999999997e+01  5.8134500000000003e+01  5.5898000000000003e+01  5.4823500000000003e+01  5.4399000000000001e+01  5.4307499999999997e+01  5.4399500000000003e+01  5.4636499999999998e+01  5.5016500000000001e+01  5.5502499999999998e+01  5.6011499999999998e+01  5.6475999999999999e+01  5.6867500000000000e+01  5.7182000000000002e+01  5.7422499999999999e+01  5.7591999999999999e+01  5.7691499999999998e+01  5.7725000000000001e+01  5.7704500000000003e+01  5.7648000000000003e+01  5.7537500000000001e+01  5.7258499999999998e+01  5.6545000000000002e+01  5.4909500000000001e+01  5.1585500000000003e+01  4.5837600000000002e+01  3.7899099999999997e+01
  -4.4999999999999997e-03  4.5993000000000002e+01  5.6750000000000000e+01  6.3819499999999998e+01  6.7122000000000000e+01  6.8193500000000000e+01  6.8280500000000004e+01  6.8036500000000004e+01  6.7777500000000003e+01  6.7612499999999997e+01  6.7504000000000005e+01  6.7382999999999996e+01  6.7215000000000003e+01  6.6986999999999995e+01  6.6692499999999995e+01  6.6322500000000005e+01  6.5866500000000002e+01  6.5318500000000000e+01  6.4712999999999994e+01  6.4161000000000001e+01  6.3810499999999998e+01  6.3703000000000003e+01  6.3793500000000002e+01  6.4099500000000006e+01  6.4795000000000002e+01  6.6299499999999995e+01  6.9358500000000006e+01  7.4898499999999999e+01  8.3600499999999997e+01  9.5044499999999999e+01  1.0607899999999999e+02  1.1086799999999999e+02  1.0607899999999999e+02  9.5044499999999999e+01  8.3600499999999997e+01  7.4897999999999996e+01  6.9358500000000006e+01  6.6299499999999995e+01  6.4795000000000002e+01  6.4099500000000006e+01  6.3793500000000002e+01  6.3703000000000003e+01  6.3810499999999998e+01  6.4161000000000001e+01  6.4712999999999994e+01  6.5318500000000000e+01  6.5866000000000000e+01  6.6322500000000005e+01  6.6692499999999995e+01  6.6986999999999995e+01  6.7215000000000003e+01  6.7382999999999996e+01  6.7503500000000003e+01  6.7612499999999997e+01  6.7777500000000003e+01  6.8036000000000001e+01  6.8280500000000004e+01  6.8193500000000000e+01  6.7122000000000000e+01  6.3819499999999998e+01  5.6750000000000000e+01  4.5992950000000000e+01
  -5.0000000000000001e-03  5.5852499999999999e+01  7.0886499999999998e+01  7.9363000000000000e+01  8.1943500000000000e+01  8.1796999999999997e+01  8.0817499999999995e+01  7.9766999999999996e+01  7.8980000000000004e+01  7.8536000000000001e+01  7.8280000000000001e+01  7.8058499999999995e+01  7.7810000000000002e+01  7.7516000000000005e+01  7.7163499999999999e+01  7.6737499999999997e+01  7.6212999999999994e+01  7.5566500000000005e+01  7.4823499999999996e+01  7.4165000000000006e+01  7.3874499999999998e+01  7.3985500000000002e+01  7.4344499999999996e+01  7.4930000000000007e+01  7.5938500000000005e+01  7.7905000000000001e+01  8.1930499999999995e+01  8.9480500000000006e+01  1.0185650000000000e+02  1.1924350000000000e+02  1.3735650000000001e+02  1.4562799999999999e+02  1.3735700000000000e+02  1.1924350000000000e+02  1.0185650000000000e+02  8.9480500000000006e+01  8.1930000000000007e+01  7.7905000000000001e+01  7.5938500000000005e+01  7.4930000000000007e+01  7.4344499999999996e+01  7.3985500000000002e+01  7.3874499999999998e+01  7.4165000000000006e+01  7.4823499999999996e+01  7.5566500000000005e+01  7.6212999999999994e+01  7.6737499999999997e+01  7.7163499999999999e+01  7.7515500000000003e+01  7.7810000000000002e+01  7.8058499999999995e+01  7.8280000000000001e+01  7.8536000000000001e+01  7.8980000000000004e+01  7.9766999999999996e+01  8.0817999999999998e+01  8.1796999999999997e+01  8.1943500000000000e+01  7.9363000000000000e+01  7.0885999999999996e+01  5.5852499999999999e+01
# Longitudinally Integrated Squared Transverse Magnetic Field [T2m]
START
                          -2.9999999999999999e-02 -2.9000000000000001e-02 -2.8000000000000001e-02 -2.7000000000000000e-02 -2.5999999999999999e-02 -2.5000000000000001e-02 -2.4000000000000000e-02 -2.3000000000000000e-02 -2.1999999999999999e-02 -2.1000000000000001e-02 -2.0000000000000000e-02 -1.9000000000000000e-02 -1.7999999999999999e-02 -1.7000000000000001e-02 -1.6000000000000000e-02 -1.4999999999999999e-02 -1.4000000000000000e-02 -1.2999999999999999e-02 -1.2000000000000000e-02 -1.0999999999999999e-02 -1.0000000000000000e-02 -8.9999999999999993e-03 -8.0000000000000002e-03 -7.0000000000000001e-03 -6.0000000000000001e-03 -5.0000000000000001e-03 -4.0000000000000001e-03 -3.0000000000000001e-03 -2.0000000000000000e-03 -1.0000000000000000e-03  0.0000000000000000e+00  1.0000000000000000e-03  2.0000000000000000e-03  3.0000000000000001e-03  4.0000000000000001e-03  5.0000000000000001e-03  6.0000000000000001e-03  7.0000000000000001e-03  8.0000000000000002e-03  8.9999999999999993e-03  1.0000000000000000e-02  1.0999999999999999e-02  1.2000000000000000e-02  1.2999999999999999e-02  1.4000000000000000e-02  1.4999999999999999e-02  1.6000000000000000e-02  1.7000000000000001e-02  1.7999999999999999e-02  1.9000000000000000e-02  2.0000000000000000e-02  2.1000000000000001e-02  2.1999999999999999e-02  2.3000000000000000e-02  2.4000000000000000e-02  2.5000000000000001e-02  2.5999999999999999e-02  2.7000000000000000e-02  2.8000000000000001e-02  2.9000000000000001e-02  2.9999999999999999e-02
   5.0000000000000001e-03  3.7321300000000002e-01  4.2005700000000001e-01  4.4898900000000003e-01  4.6008300000000002e-01  4.5968900000000001e-01  4.5365499999999997e-01  4.4574249999999999e-01  4.3816250000000001e-01  4.3199949999999998e-01  4.2753249999999998e-01  4.2475249999999998e-01  4.2366450000000000e-01  4.2433050000000000e-01  4.2685099999999998e-01  4.3136600000000003e-01  4.3807299999999999e-01  4.4727650000000002e-01  4.5950049999999998e-01  4.7562450000000001e-01  4.9671799999999999e-01  5.2353000000000005e-01  5.5648500000000001e-01  5.9613000000000005e-01  6.4334499999999994e-01  6.9948999999999995e-01  7.6630500000000001e-01  8.4480999999999995e-01  9.3305000000000005e-01  1.0228349999999999e+00  1.0953649999999999e+00  1.1241699999999999e+00  1.0953649999999999e+00  1.0228349999999999e+00  9.3305000000000005e-01  8.4480999999999995e-01  7.6630500000000001e-01  6.9948999999999995e-01  6.4334499999999994e-01  5.9613000000000005e-01  5.5648500000000001e-01  5.2353000000000005e-01  4.9671799999999999e-01  4.7562450000000001e-01  4.5950049999999998e-01  4.4727650000000002e-01  4.3807299999999999e-01  4.3136600000000003e-01  4.2685099999999998e-01  4.2433050000000000e-01  4.2366450000000000e-01  4.2475200000000002e-01  4.2753249999999998e-01  4.3199949999999998e-01  4.3816250000000001e-01  4.4574249999999999e-01  4.5365499999999997e-01  4.5968900000000001e-01  4.6008300000000002e-01  4.4898900000000003e-01  4.2005700000000001e-01  3.7321300000000002e-01
   4.4999999999999997e-03  3.1181449999999999e-01  3.4335100000000002e-01  3.6288300000000001e-01  3.7025500000000000e-01  3.6914649999999999e-01  3.6354500000000001e-01  3.5634600000000000e-01  3.4935549999999999e-01  3.4353750000000000e-01  3.3927600000000002e-01  3.3669100000000002e-01  3.3584750000000002e-01  3.3682450000000003e-01  3.3973449999999999e-01  3.4473199999999998e-01  3.5203499999999999e-01  3.6196450000000002e-01  3.7500699999999998e-01  3.9186650000000001e-01  4.1336299999999998e-01  4.4019599999999998e-01  4.7290450000000001e-01  5.1203500000000002e-01  5.5824499999999999e-01  6.1232500000000001e-01  6.7491500000000004e-01  7.4561999999999995e-01  8.2133999999999996e-01  8.9412999999999998e-01  9.4964999999999999e-01  9.7087999999999997e-01  9.4964999999999999e-01  8.9412999999999998e-01  8.2133999999999996e-01  7.4561999999999995e-01  6.7491500000000004e-01  6.1232500000000001e-01  5.5824499999999999e-01  5.1203500000000002e-01  4.7290450000000001e-01  4.4019599999999998e-01  4.1336299999999998e-01  3.9186650000000001e-01  3.7500699999999998e-01  3.6196450000000002e-01  3.5203499999999999e-01  3.4473150000000002e-01  3.3973449999999999e-01  3.3682450000000003e-01  3.3584750000000002e-01  3.3669100000000002e-01  3.3927600000000002e-01  3.4353750000000000e-01  3.4935549999999999e-01  3.5634600000000000e-01  3.6354500000000001e-01  3.6914649999999999e-01  3.7025500000000000e-01  3.6288250000000000e-01  3.4335100000000002e-01  3.1181399999999998e-01
   4.0000000000000001e-03  2.6120300000000002e-01  2.8158699999999998e-01  2.9338399999999998e-01  2.9666500000000001e-01  2.9382100000000000e-01  2.8765849999999998e-01  2.8038400000000002e-01  2.7344800000000002e-01  2.6767350000000001e-01  2.6345150000000001e-01  2.6094950000000000e-01  2.6026100000000002e-01  2.6147450000000000e-01  2.6470650000000001e-01  2.7011800000000002e-01  2.7793649999999998e-01  2.8848049999999997e-01  3.0220100000000000e-01  3.1969399999999998e-01  3.4164400000000000e-01  3.6870300000000000e-01  4.0143200000000001e-01  4.4034200000000001e-01  4.8590149999999999e-01  5.3845500000000002e-01  5.9789499999999995e-01  6.6293999999999997e-01  7.2990999999999995e-01  7.9149000000000003e-01  8.3650000000000002e-01  8.5325499999999999e-01  8.3650000000000002e-01  7.9149000000000003e-01  7.2990999999999995e-01  6.6293999999999997e-01  5.9789499999999995e-01  5.3845500000000002e-01  4.8590149999999999e-01  4.4034200000000001e-01  4.0143200000000001e-01  3.6870249999999999e-01  3.4164400000000000e-01  3.1969399999999998e-01  3.0220100000000000e-01  2.8848049999999997e-01  2.7793600000000002e-01  2.7011800000000002e-01  2.6470600000000000e-01  2.6147450000000000e-01  2.6026100000000002e-01  2.6094950000000000e-01  2.6345150000000001e-01  2.6767350000000001e-01  2.7344800000000002e-01  2.8038400000000002e-01  2.8765849999999998e-01  2.9382100000000000e-01  2.9666500000000001e-01  2.9338350000000002e-01  2.8158699999999998e-01  2.6120300000000002e-01
   3.5000000000000001e-03  2.1956950000000000e-01  2.3163149999999999e-01  2.3718349999999999e-01  2.3657950000000000e-01  2.3159850000000001e-01  2.2433249999999999e-01  2.1649750000000001e-01  2.0925900000000000e-01  2.0330350000000000e-01  1.9898500000000000e-01  1.9647350000000000e-01  1.9586600000000001e-01  1.9725100000000001e-01  2.0074300000000000e-01  2.0650350000000001e-01  2.1476049999999999e-01  2.2582550000000001e-01  2.4012000000000000e-01  2.5817449999999997e-01  2.8059750000000000e-01  3.0799799999999999e-01  3.4092450000000002e-01  3.7983349999999999e-01  4.2503249999999998e-01  4.7653050000000002e-01  5.3371000000000002e-01  5.9472000000000003e-01  6.5563000000000005e-01  7.0976499999999998e-01  7.4811499999999997e-01  7.6212000000000002e-01  7.4811499999999997e-01  7.0976499999999998e-01  6.5563000000000005e-01  5.9472000000000003e-01  5.3371000000000002e-01  4.7653050000000002e-01  4.2503249999999998e-01  3.7983349999999999e-01  3.4092450000000002e-01  3.0799799999999999e-01  2.8059750000000000e-01  2.5817449999999997e-01  2.4011950000000001e-01  2.2582550000000001e-01  2.1476000000000001e-01  2.0650350000000001e-01  2.0074300000000000e-01  1.9725100000000001e-01  1.9586600000000001e-01  1.9647350000000000e-01  1.9898500000000000e-01  2.0330350000000000e-01  2.0925900000000000e-01  2.1649750000000001e-01  2.2433249999999999e-01  2.3159850000000001e-01  2.3657950000000000e-01  2.3718349999999999e-01  2.3163149999999999e-01  2.1956950000000000e-01
   3.0000000000000001e-03  1.8557250000000000e-01  1.9134699999999999e-01  1.9192000000000001e-01  1.8788400000000000e-01  1.8073049999999999e-01  1.7213600000000001e-01  1.6348699999999999e-01  1.5573699999999999e-01  1.4945649999999999e-01  1.4494650000000001e-01  1.4235700000000001e-01  1.4177300000000001e-01  1.4327550000000000e-01  1.4697250000000001e-01  1.5302150000000000e-01  1.6164600000000001e-01  1.7315100000000000e-01  1.8793399999999999e-01  2.0648900000000001e-01  2.2937700000000000e-01  2.5717250000000003e-01  2.9039900000000002e-01  3.2945500000000000e-01  3.7451400000000001e-01  4.2533599999999999e-01  4.8094749999999997e-01  5.3913500000000003e-01  5.9587000000000001e-01  6.4502499999999996e-01  6.7906999999999995e-01  6.9133000000000000e-01  6.7906999999999995e-01  6.4502499999999996e-01  5.9587000000000001e-01  5.3913500000000003e-01  4.8094749999999997e-01  4.2533599999999999e-01  3.7451400000000001e-01  3.2945500000000000e-01  2.9039900000000002e-01  2.5717250000000003e-01  2.2937700000000000e-01  2.0648900000000001e-01  1.8793399999999999e-01  1.7315100000000000e-01  1.6164600000000001e-01  1.5302150000000000e-01  1.4697250000000001e-01  1.4327550000000000e-01  1.4177300000000001e-01  1.4235700000000001e-01  1.4494650000000001e-01  1.4945649999999999e-01  1.5573699999999999e-01  1.6348699999999999e-01  1.7213600000000001e-01  1.8073049999999999e-01  1.8788400000000000e-01  1.9191949999999999e-01  1.9134699999999999e-01  1.8557250000000000e-01
   2.5000000000000001e-03  1.5820600000000001e-01  1.5922149999999999e-01  1.5588099999999999e-01  1.4895600000000001e-01  1.3980500000000001e-01  1.2986800000000001e-01  1.2032100000000000e-01  1.1197100000000000e-01  1.0529450000000000e-01  1.0054100000000001e-01  9.7830500000000001e-02  9.7230999999999998e-02  9.8808499999999994e-02  1.0266300000000000e-01  1.0894500000000000e-01  1.1787200000000000e-01  1.2974200000000000e-01  1.4493850000000000e-01  1.6393150000000001e-01  1.8725249999999999e-01  2.1545149999999999e-01  2.4902150000000001e-01  2.8830950000000000e-01  3.3337950000000000e-01  3.8380700000000001e-01  4.3836500000000000e-01  4.9460799999999999e-01  5.4848500000000000e-01  5.9430000000000005e-01  6.2551999999999996e-01  6.3665499999999997e-01  6.2551999999999996e-01  5.9430000000000005e-01  5.4848500000000000e-01  4.9460799999999999e-01  4.3836500000000000e-01  3.8380700000000001e-01  3.3337950000000000e-01  2.8830950000000000e-01  2.4902150000000001e-01  2.1545100000000000e-01  1.8725249999999999e-01  1.6393150000000001e-01  1.4493850000000000e-01  1.2974200000000000e-01  1.1787200000000000e-01  1.0894450000000000e-01  1.0266300000000000e-01  9.8808499999999994e-02  9.7230999999999998e-02  9.7830500000000001e-02  1.0054100000000001e-01  1.0529450000000000e-01  1.1197100000000000e-01  1.2032100000000000e-01  1.2986800000000001e-01  1.3980500000000001e-01  1.4895600000000001e-01  1.5588099999999999e-01  1.5922149999999999e-01  1.5820600000000001e-01
   2.0000000000000000e-03  1.3671300000000000e-01  1.3416649999999999e-01  1.2781799999999999e-01  1.1856400000000000e-01  1.0770449999999999e-01  9.6547999999999995e-02  8.6141999999999996e-02  7.7193499999999998e-02  7.0112999999999995e-02  6.5102999999999994e-02  6.2254999999999998e-02  6.1615999999999997e-02  6.3237500000000002e-02  6.7209000000000005e-02  7.3673000000000002e-02  8.2842499999999999e-02  9.5008499999999996e-02  1.1054550000000000e-01  1.2990900000000000e-01  1.5361250000000001e-01  1.8218599999999999e-01  2.1609750000000000e-01  2.5564799999999999e-01  3.0081750000000002e-01  3.5104299999999999e-01  4.0492000000000000e-01  4.5985150000000002e-01  5.1179500000000000e-01  5.5537499999999995e-01  5.8473500000000000e-01  5.9513499999999997e-01  5.8473500000000000e-01  5.5537499999999995e-01  5.1179500000000000e-01  4.5985150000000002e-01  4.0492000000000000e-01  3.5104299999999999e-01  3.0081750000000002e-01  2.5564799999999999e-01  2.1609750000000000e-01  1.8218599999999999e-01  1.5361250000000001e-01  1.2990850000000001e-01  1.1054550000000000e-01  9.5008499999999996e-02  8.2842499999999999e-02  7.3673000000000002e-02  6.7209000000000005e-02  6.3237500000000002e-02  6.1615999999999997e-02  6.2254999999999998e-02  6.5102999999999994e-02  7.0112999999999995e-02  7.7193499999999998e-02  8.6141999999999996e-02  9.6547999999999995e-02  1.0770449999999999e-01  1.1856400000000000e-01  1.2781750000000000e-01  1.3416649999999999e-01  1.3671300000000000e-01
   1.5000000000000000e-03  1.2052800000000000e-01  1.1539550000000000e-01  1.0682200000000000e-01  9.5787499999999998e-02  8.3569000000000004e-02  7.1401500000000007e-02  6.0257999999999999e-02  5.0783000000000002e-02  4.3338149999999999e-02  3.8093500000000002e-02  3.5113499999999999e-02  3.4426550000000000e-02  3.6071150000000003e-02  4.0125599999999997e-02  4.6726549999999999e-02  5.6081499999999999e-02  6.8476499999999996e-02  8.4280999999999995e-02  1.0394050000000001e-01  1.2795950000000000e-01  1.5685150000000000e-01  1.9106550000000000e-01  2.3086550000000000e-01  2.7616800000000002e-01  3.2631100000000002e-01  3.7976599999999999e-01  4.3383800000000000e-01  4.8449950000000003e-01  5.2661000000000002e-01  5.5475500000000000e-01  5.6467500000000004e-01  5.5475500000000000e-01  5.2661000000000002e-01  4.8449950000000003e-01  4.3383800000000000e-01  3.7976599999999999e-01  3.2631100000000002e-01  2.7616800000000002e-01  2.3086550000000000e-01  1.9106550000000000e-01  1.5685150000000000e-01  1.2795950000000000e-01  1.0394050000000001e-01  8.4280999999999995e-02  6.8476499999999996e-02  5.6081499999999999e-02  4.6726549999999999e-02  4.0125550000000003e-02  3.6071100000000002e-02  3.4426499999999999e-02  3.5113449999999997e-02  3.8093500000000002e-02  4.3338149999999999e-02  5.0782500000000001e-02  6.0257999999999999e-02  7.1401500000000007e-02  8.3569000000000004e-02  9.5787499999999998e-02  1.0682200000000000e-01  1.1539550000000000e-01  1.2052800000000000e-01
   1.0000000000000000e-03  1.0924200000000001e-01  1.0235350000000000e-01  9.2249499999999998e-02  7.9963500000000007e-02  6.6762500000000002e-02  5.3844999999999997e-02  4.2140749999999998e-02  3.2257649999999999e-02  2.4527700000000000e-02  1.9095950000000000e-02  1.6008100000000001e-02  1.5277650000000000e-02  1.6932099999999999e-02  2.1041750000000001e-02  2.7737700000000001e-02  3.7223350000000002e-02  4.9781899999999997e-02  6.5778500000000004e-02  8.5655499999999996e-02  1.0990850000000001e-01  1.3904349999999999e-01  1.7349249999999999e-01  2.1349499999999999e-01  2.5892250000000000e-01  3.0904549999999997e-01  3.6225499999999999e-01  4.1579300000000002e-01  4.6564949999999999e-01  5.0683500000000004e-01  5.3422000000000003e-01  5.4384500000000002e-01  5.3422000000000003e-01  5.0683500000000004e-01  4.6564949999999999e-01  4.1579300000000002e-01  3.6225499999999999e-01  3.0904549999999997e-01  2.5892250000000000e-01  2.1349499999999999e-01  1.7349249999999999e-01  1.3904349999999999e-01  1.0990850000000001e-01  8.5655499999999996e-02  6.5778500000000004e-02  4.9781850000000002e-02  3.7223350000000002e-02  2.7737649999999999e-02  2.1041750000000001e-02  1.6932099999999999e-02  1.5277650000000000e-02  1.6008049999999999e-02  1.9095950000000000e-02  2.4527650000000002e-02  3.2257649999999999e-02  4.2140700000000003e-02  5.3844999999999997e-02  6.6762500000000002e-02  7.9963500000000007e-02  9.2249499999999998e-02  1.0235350000000000e-01  1.0924200000000001e-01
   5.0000000000000001e-04  1.0257750000000000e-01  9.4669500000000004e-02  8.3670499999999995e-02  7.0641499999999996e-02  5.6848500000000003e-02  4.3470650000000000e-02  3.1417750000000001e-02  2.1277950000000000e-02  1.3366750000000000e-02  7.8151000000000002e-03  4.6569899999999997e-03  3.8966399999999998e-03  5.5544000000000001e-03  9.6953999999999999e-03  1.6447199999999999e-02  2.6010700000000001e-02  3.8667199999999999e-02  5.4780500000000003e-02  7.4788999999999994e-02  9.9186999999999997e-02  1.2847300000000000e-01  1.6307099999999999e-01  2.0320450000000001e-01  2.4871850000000001e-01  2.9884549999999999e-01  3.5192899999999999e-01  4.0517799999999998e-01  4.5459250000000001e-01  4.9526999999999999e-01  5.2224000000000004e-01  5.3170499999999998e-01  5.2224000000000004e-01  4.9526999999999999e-01  4.5459250000000001e-01  4.0517799999999998e-01  3.5192899999999999e-01  2.9884549999999999e-01  2.4871850000000001e-01  2.0320450000000001e-01  1.6307099999999999e-01  1.2847300000000000e-01  9.9186999999999997e-02  7.4788999999999994e-02  5.4780500000000003e-02  3.8667199999999999e-02  2.6010700000000001e-02  1.6447150000000001e-02  9.6953999999999999e-03  5.5544000000000001e-03  3.8966349999999999e-03  4.6569849999999998e-03  7.8151000000000002e-03  1.3366750000000000e-02  2.1277950000000000e-02  3.1417700000000000e-02  4.3470650000000000e-02  5.6848500000000003e-02  7.0641499999999996e-02  8.3670499999999995e-02  9.4669500000000004e-02  1.0257750000000000e-01
   0.0000000000000000e+00  1.0037350000000000e-01  9.2131500000000005e-02  8.0837500000000007e-02  6.7562499999999998e-02  5.3571500000000001e-02  4.0038999999999998e-02  2.7867850000000000e-02  1.7640550000000001e-02  9.6672500000000005e-03  4.0744049999999997e-03  8.9194000000000003e-04  1.2097000000000000e-04  1.7794000000000000e-03  5.9305499999999997e-03  1.2700750000000000e-02  2.2290150000000002e-02  3.4979299999999998e-02  5.1131500000000003e-02  7.1184499999999998e-02  9.5631499999999994e-02  1.2496850000000000e-01  1.5961750000000000e-01  1.9979600000000000e-01  2.4534149999999999e-01  2.9547200000000001e-01  3.4851700000000002e-01  4.0167449999999999e-01  4.5094849999999997e-01  4.9146400000000001e-01  5.1829999999999998e-01  5.2771500000000005e-01  5.1829999999999998e-01  4.9146400000000001e-01  4.5094849999999997e-01  4.0167449999999999e-01  3.4851700000000002e-01  2.9547200000000001e-01  2.4534149999999999e-01  1.9979600000000000e-01  1.5961750000000000e-01  1.2496850000000000e-01  9.5631499999999994e-02  7.1184499999999998e-02  5.1131500000000003e-02  3.4979299999999998e-02  2.2290150000000002e-02  1.2700750000000000e-02  5.9305499999999997e-03  1.7794000000000000e-03  1.2097000000000000e-04  8.9194000000000003e-04  4.0744049999999997e-03  9.6672500000000005e-03  1.7640550000000001e-02  2.7867850000000000e-02  4.0038999999999998e-02  5.3571500000000001e-02  6.7562499999999998e-02  8.0837500000000007e-02  9.2131500000000005e-02  1.0037350000000000e-01
  -5.0000000000000001e-04  1.0257750000000000e-01  9.4669500000000004e-02  8.3670499999999995e-02  7.0641499999999996e-02  5.6848500000000003e-02  4.3470650000000000e-02  3.1417700000000000e-02  2.1277950000000000e-02  1.3366700000000000e-02  7.8151000000000002e-03  4.6569849999999998e-03  3.8966349999999999e-03  5.5544000000000001e-03  9.6953999999999999e-03  1.6447199999999999e-02  2.6010700000000001e-02  3.8667199999999999e-02  5.4780500000000003e-02  7.4788999999999994e-02  9.9186999999999997e-02  1.2847300000000000e-01  1.6307099999999999e-01  2.0320450000000001e-01  2.4871850000000001e-01  2.9884549999999999e-01  3.5192899999999999e-01  4.0517799999999998e-01  4.5459250000000001e-01  4.9526999999999999e-01  5.2224000000000004e-01  5.3170499999999998e-01  5.2224000000000004e-01  4.9526999999999999e-01  4.5459250000000001e-01  4.0517799999999998e-01  3.5192899999999999e-01  2.9884549999999999e-01  2.4871850000000001e-01  2.0320450000000001e-01  1.6307099999999999e-01  1.2847300000000000e-01  9.9186999999999997e-02  7.4788999999999994e-02  5.4780500000000003e-02  3.8667250000000000e-02  2.6010700000000001e-02  1.6447199999999999e-02  9.6953999999999999e-03  5.5544000000000001e-03  3.8966399999999998e-03  4.6569899999999997e-03  7.8151000000000002e-03  1.3366750000000000e-02  2.1277950000000000e-02  3.1417750000000001e-02  4.3470650000000000e-02  5.6848500000000003e-02  7.0641499999999996e-02  8.3670499999999995e-02  9.4669500000000004e-02  1.0257750000000000e-01
  -1.0000000000000000e-03  1.0924200000000001e-01  1.0235350000000000e-01  9.2249499999999998e-02  7.9963500000000007e-02  6.6762500000000002e-02  5.3844999999999997e-02  4.2140700000000003e-02  3.2257649999999999e-02  2.4527650000000002e-02  1.9095950000000000e-02  1.6008049999999999e-02  1.5277650000000000e-02  1.6932099999999999e-02  2.1041750000000001e-02  2.7737649999999999e-02  3.7223350000000002e-02  4.9781850000000002e-02  6.5778500000000004e-02  8.5655499999999996e-02  1.0990850000000001e-01  1.3904349999999999e-01  1.7349249999999999e-01  2.1349499999999999e-01  2.5892250000000000e-01  3.0904549999999997e-01  3.6225499999999999e-01  4.1579300000000002e-01  4.6565000000000001e-01  5.0683500000000004e-01  5.3422000000000003e-01  5.4384500000000002e-01  5.3422000000000003e-01  5.0683500000000004e-01  4.6564949999999999e-01  4.1579300000000002e-01  3.6225499999999999e-01  3.0904549999999997e-01  2.5892250000000000e-01  2.1349499999999999e-01  1.7349249999999999e-01  1.3904349999999999e-01  1.0990850000000001e-01  8.5655499999999996e-02  6.5778500000000004e-02  4.9781899999999997e-02  3.7223350000000002e-02  2.7737700000000001e-02  2.1041750000000001e-02  1.6932099999999999e-02  1.5277650000000000e-02  1.6008100000000001e-02  1.9095950000000000e-02  2.4527700000000000e-02  3.2257649999999999e-02  4.2140749999999998e-02  5.3844999999999997e-02  6.6762500000000002e-02  7.9963500000000007e-02  9.2249499999999998e-02  1.0235350000000000e-01  1.0924200000000001e-01
  -1.5000000000000000e-03  1.2052800000000000e-01  1.1539550000000000e-01  1.0682200000000000e-01  9.5787499999999998e-02  8.3569000000000004e-02  7.1401500000000007e-02  6.0257999999999999e-02  5.0782500000000001e-02  4.3338149999999999e-02  3.8093500000000002e-02  3.5113499999999999e-02  3.4426499999999999e-02  3.6071100000000002e-02  4.0125550000000003e-02  4.6726549999999999e-02  5.6081499999999999e-02  6.8476499999999996e-02  8.4280999999999995e-02  1.0394050000000001e-01  1.2795950000000000e-01  1.5685150000000000e-01  1.9106550000000000e-01  2.3086550000000000e-01  2.7616800000000002e-01  3.2631100000000002e-01  3.7976599999999999e-01  4.3383800000000000e-01  4.8449950000000003e-01  5.2661000000000002e-01  5.5475500000000000e-01  5.6467500000000004e-01  5.5475500000000000e-01  5.2661000000000002e-01  4.8449950000000003e-01  4.3383800000000000e-01  3.7976599999999999e-01  3.2631100000000002e-01  2.7616800000000002e-01  2.3086550000000000e-01  1.9106550000000000e-01  1.5685150000000000e-01  1.2795950000000000e-01  1.0394050000000001e-01  8.4280999999999995e-02  6.8476499999999996e-02  5.6081499999999999e-02  4.6726549999999999e-02  4.0125599999999997e-02  3.6071150000000003e-02  3.4426550000000000e-02  3.5113499999999999e-02  3.8093500000000002e-02  4.3338149999999999e-02  5.0783000000000002e-02  6.0257999999999999e-02  7.1401500000000007e-02  8.3569000000000004e-02  9.5787499999999998e-02  1.0682200000000000e-01  1.1539550000000000e-01  1.2052800000000000e-01
  -2.0000000000000000e-03  1.3671300000000000e-01  1.3416649999999999e-01  1.2781750000000000e-01  1.1856400000000000e-01  1.0770449999999999e-01  9.6547999999999995e-02  8.6141999999999996e-02  7.7193499999999998e-02  7.0112999999999995e-02  6.5102999999999994e-02  6.2254999999999998e-02  6.1615999999999997e-02  6.3237500000000002e-02  6.7209000000000005e-02  7.3673000000000002e-02  8.2842499999999999e-02  9.5008499999999996e-02  1.1054550000000000e-01  1.2990900000000000e-01  1.5361250000000001e-01  1.8218599999999999e-01  2.1609750000000000e-01  2.5564799999999999e-01  3.0081750000000002e-01  3.5104299999999999e-01  4.0492000000000000e-01  4.5985150000000002e-01  5.1179500000000000e-01  5.5537499999999995e-01  5.8473500000000000e-01  5.9513499999999997e-01  5.8473500000000000e-01  5.5537499999999995e-01  5.1179500000000000e-01  4.5985150000000002e-01  4.0492000000000000e-01  3.5104299999999999e-01  3.0081750000000002e-01  2.5564799999999999e-01  2.1609750000000000e-01  1.8218599999999999e-01  1.5361250000000001e-01  1.2990900000000000e-01  1.1054550000000000e-01  9.5008499999999996e-02  8.2842499999999999e-02  7.3673000000000002e-02  6.7209000000000005e-02  6.3237500000000002e-02  6.1615999999999997e-02  6.2254999999999998e-02  6.5102999999999994e-02  7.0112999999999995e-02  7.7193499999999998e-02  8.6141999999999996e-02  9.6547999999999995e-02  1.0770449999999999e-01  1.1856400000000000e-01  1.2781799999999999e-01  1.3416649999999999e-01  1.3671300000000000e-01
  -2.5000000000000001e-03  1.5820600000000001e-01  1.5922149999999999e-01  1.5588099999999999e-01  1.4895600000000001e-01  1.3980500000000001e-01  1.2986800000000001e-01  1.2032100000000000e-01  1.1197100000000000e-01  1.0529450000000000e-01  1.0054100000000001e-01  9.7830500000000001e-02  9.7230999999999998e-02  9.8808499999999994e-02  1.0266300000000000e-01  1.0894450000000000e-01  1.1787200000000000e-01  1.2974200000000000e-01  1.4493850000000000e-01  1.6393150000000001e-01  1.8725249999999999e-01  2.1545100000000000e-01  2.4902150000000001e-01  2.8830950000000000e-01  3.3337950000000000e-01  3.8380700000000001e-01  4.3836500000000000e-01  4.9460799999999999e-01  5.4848500000000000e-01  5.9430000000000005e-01  6.2551999999999996e-01  6.3665499999999997e-01  6.2551999999999996e-01  5.9430000000000005e-01  5.4848500000000000e-01  4.9460799999999999e-01  4.3836500000000000e-01  3.8380700000000001e-01  3.3337950000000000e-01  2.8830950000000000e-01  2.4902150000000001e-01  2.1545149999999999e-01  1.8725249999999999e-01  1.6393150000000001e-01  1.4493850000000000e-01  1.2974200000000000e-01  1.1787200000000000e-01  1.0894500000000000e-01  1.0266300000000000e-01  9.8808499999999994e-02  9.7230999999999998e-02  9.7830500000000001e-02  1.0054100000000001e-01  1.0529450000000000e-01  1.1197100000000000e-01  1.2032100000000000e-01  1.2986800000000001e-01  1.3980500000000001e-01  1.4895600000000001e-01  1.5588099999999999e-01  1.5922149999999999e-01  1.5820600000000001e-01
  -3.0000000000000001e-03  1.8557250000000000e-01  1.9134699999999999e-01  1.9191949999999999e-01  1.8788400000000000e-01  1.8073049999999999e-01  1.7213600000000001e-01  1.6348699999999999e-01  1.5573699999999999e-01  1.4945649999999999e-01  1.4494650000000001e-01  1.4235700000000001e-01  1.4177300000000001e-01  1.4327550000000000e-01  1.4697250000000001e-01  1.5302150000000000e-01  1.6164600000000001e-01  1.7315100000000000e-01  1.8793399999999999e-01  2.0648900000000001e-01  2.2937700000000000e-01  2.5717250000000003e-01  2.9039900000000002e-01  3.2945500000000000e-01  3.7451400000000001e-01  4.2533599999999999e-01  4.8094749999999997e-01  5.3913500000000003e-01  5.9587000000000001e-01  6.4502499999999996e-01  6.7906999999999995e-01  6.9133000000000000e-01  6.7906999999999995e-01  6.4502499999999996e-01  5.9587000000000001e-01  5.3913500000000003e-01  4.8094749999999997e-01  4.2533599999999999e-01  3.7451400000000001e-01  3.2945500000000000e-01  2.9039900000000002e-01  2.5717250000000003e-01  2.2937700000000000e-01  2.0648900000000001e-01  1.8793399999999999e-01  1.7315100000000000e-01  1.6164600000000001e-01  1.5302150000000000e-01  1.4697250000000001e-01  1.4327550000000000e-01  1.4177300000000001e-01  1.4235700000000001e-01  1.4494650000000001e-01  1.4945649999999999e-01  1.5573699999999999e-01  1.6348699999999999e-01  1.7213600000000001e-01  1.8073049999999999e-01  1.8788400000000000e-01  1.9192000000000001e-01  1.9134699999999999e-01  1.8557250000000000e-01
  -3.5000000000000001e-03  2.1956950000000000e-01  2.3163149999999999e-01  2.3718349999999999e-01  2.3657950000000000e-01  2.3159850000000001e-01  2.2433249999999999e-01  2.1649750000000001e-01  2.0925900000000000e-01  2.0330350000000000e-01  1.9898500000000000e-01  1.9647350000000000e-01  1.9586600000000001e-01  1.9725100000000001e-01  2.0074300000000000e-01  2.0650350000000001e-01  2.1476000000000001e-01  2.2582550000000001e-01  2.4011950000000001e-01  2.5817449999999997e-01  2.8059750000000000e-01  3.0799799999999999e-01  3.4092450000000002e-01  3.7983349999999999e-01  4.2503249999999998e-01  4.7653050000000002e-01  5.3371000000000002e-01  5.9472000000000003e-01  6.5563000000000005e-01  7.0976499999999998e-01  7.4811499999999997e-01  7.6212000000000002e-01  7.4811499999999997e-01  7.0976499999999998e-01  6.5563000000000005e-01  5.9472000000000003e-01  5.3371000000000002e-01  4.7653050000000002e-01  4.2503249999999998e-01  3.7983349999999999e-01  3.4092450000000002e-01  3.0799799999999999e-01  2.8059750000000000e-01  2.5817449999999997e-01  2.4012000000000000e-01  2.2582550000000001e-01  2.1476049999999999e-01  2.0650350000000001e-01  2.0074300000000000e-01  1.9725100000000001e-01  1.9586600000000001e-01  1.9647350000000000e-01  1.9898500000000000e-01  2.0330350000000000e-01  2.0925900000000000e-01  2.1649750000000001e-01  2.2433249999999999e-01  2.3159850000000001e-01  2.3657950000000000e-01  2.3718349999999999e-01  2.3163149999999999e-01  2.1956950000000000e-01
  -4.0000000000000001e-03  2.6120300000000002e-01  2.8158699999999998e-01  2.9338399999999998e-01  2.9666500000000001e-01  2.9382100000000000e-01  2.8765849999999998e-01  2.8038400000000002e-01  2.7344800000000002e-01  2.6767350000000001e-01  2.6345150000000001e-01  2.6094950000000000e-01  2.6026100000000002e-01  2.6147450000000000e-01  2.6470650000000001e-01  2.7011800000000002e-01  2.7793600000000002e-01  2.8848049999999997e-01  3.0220100000000000e-01  3.1969399999999998e-01  3.4164400000000000e-01  3.6870249999999999e-01  4.0143200000000001e-01  4.4034200000000001e-01  4.8590149999999999e-01  5.3845500000000002e-01  5.9789499999999995e-01  6.6293999999999997e-01  7.2990999999999995e-01  7.9149000000000003e-01  8.3650000000000002e-01  8.5325499999999999e-01  8.3650000000000002e-01  7.9149000000000003e-01  7.2990999999999995e-01  6.6293999999999997e-01  5.9789499999999995e-01  5.3845500000000002e-01  4.8590149999999999e-01  4.4034200000000001e-01  4.0143200000000001e-01  3.6870300000000000e-01  3.4164400000000000e-01  3.1969399999999998e-01  3.0220100000000000e-01  2.8848049999999997e-01  2.7793649999999998e-01  2.7011800000000002e-01  2.6470650000000001e-01  2.6147450000000000e-01  2.6026100000000002e-01  2.6094950000000000e-01  2.6345150000000001e-01  2.6767350000000001e-01  2.7344800000000002e-01  2.8038400000000002e-01  2.8765849999999998e-01  2.9382100000000000e-01  2.9666500000000001e-01  2.9338399999999998e-01  2.8158699999999998e-01  2.6120300000000002e-01
  -4.4999999999999997e-03  3.1181399999999998e-01  3.4335100000000002e-01  3.6288250000000000e-01  3.7025500000000000e-01  3.6914649999999999e-01  3.6354500000000001e-01  3.5634600000000000e-01  3.4935549999999999e-01  3.4353750000000000e-01  3.3927600000000002e-01  3.3669100000000002e-01  3.3584750000000002e-01  3.3682450000000003e-01  3.3973449999999999e-01  3.4473150000000002e-01  3.5203499999999999e-01  3.6196450000000002e-01  3.7500699999999998e-01  3.9186650000000001e-01  4.1336299999999998e-01  4.4019599999999998e-01  4.7290450000000001e-01  5.1203500000000002e-01  5.5824499999999999e-01  6.1232500000000001e-01  6.7491500000000004e-01  7.4561999999999995e-01  8.2133999999999996e-01  8.9412999999999998e-01  9.4964999999999999e-01  9.7087999999999997e-01  9.4964999999999999e-01  8.9412999999999998e-01  8.2133999999999996e-01  7.4561999999999995e-01  6.7491500000000004e-01  6.1232500000000001e-01  5.5824499999999999e-01  5.1203500000000002e-01  4.7290450000000001e-01  4.4019599999999998e-01  4.1336299999999998e-01  3.9186650000000001e-01  3.7500699999999998e-01  3.6196450000000002e-01  3.5203499999999999e-01  3.4473199999999998e-01  3.3973449999999999e-01  3.3682450000000003e-01  3.3584750000000002e-01  3.3669100000000002e-01  3.3927600000000002e-01  3.4353750000000000e-01  3.4935549999999999e-01  3.5634600000000000e-01  3.6354500000000001e-01  3.6914649999999999e-01  3.7025500000000000e-01  3.6288300000000001e-01  3.4335100000000002e-01  3.1181449999999999e-01
  -5.0000000000000001e-03  3.7321300000000002e-01  4.2005700000000001e-01  4.4898900000000003e-01  4.6008300000000002e-01  4.5968900000000001e-01  4.5365499999999997e-01  4.4574249999999999e-01  4.3816250000000001e-01  4.3199949999999998e-01  4.2753249999999998e-01  4.2475200000000002e-01  4.2366450000000000e-01  4.2433050000000000e-01  4.2685099999999998e-01  4.3136600000000003e-01  4.3807299999999999e-01  4.4727650000000002e-01  4.5950049999999998e-01  4.7562450000000001e-01  4.9671799999999999e-01  5.2353000000000005e-01  5.5648500000000001e-01  5.9613000000000005e-01  6.4334499999999994e-01  6.9948999999999995e-01  7.6630500000000001e-01  8.4480999999999995e-01  9.3305000000000005e-01  1.0228349999999999e+00  1.0953649999999999e+00  1.1241699999999999e+00  1.0953649999999999e+00  1.0228349999999999e+00  9.3305000000000005e-01  8.4480999999999995e-01  7.6630500000000001e-01  6.9948999999999995e-01  6.4334499999999994e-01  5.9613000000000005e-01  5.5648500000000001e-01  5.2353000000000005e-01  4.9671799999999999e-01  4.7562450000000001e-01  4.5950049999999998e-01  4.4727650000000002e-01  4.3807299999999999e-01  4.3136600000000003e-01  4.2685099999999998e-01  4.2433050000000000e-01  4.2366450000000000e-01  4.2475249999999998e-01  4.2753249999999998e-01  4.3199949999999998e-01  4.3816250000000001e-01  4.4574249999999999e-01  4.5365499999999997e-01  4.5968900000000001e-01  4.6008300000000002e-01  4.4898900000000003e-01  4.2005700000000001e-01  3.7321300000000002e-01
