# Auto-generated by pyeletra.utils.kickmap.generate_Radia_kickmap_file()
# Undulator Length [m]
3.3
# Number of Horizontal Points
61
# Number of Vertical Points
21
# Horizontal Kick [micro-rad]
START
                          -2.9999999999999999e-02 -2.9000000000000001e-02 -2.8000000000000001e-02 -2.7000000000000000e-02 -2.5999999999999999e-02 -2.5000000000000001e-02 -2.4000000000000000e-02 -2.3000000000000000e-02 -2.1999999999999999e-02 -2.1000000000000001e-02 -2.0000000000000000e-02 -1.9000000000000000e-02 -1.7999999999999999e-02 -1.7000000000000001e-02 -1.6000000000000000e-02 -1.4999999999999999e-02 -1.4000000000000000e-02 -1.2999999999999999e-02 -1.2000000000000000e-02 -1.0999999999999999e-02 -1.0000000000000000e-02 -8.9999999999999993e-03 -8.0000000000000002e-03 -7.0000000000000001e-03 -6.0000000000000001e-03 -5.0000000000000001e-03 -4.0000000000000001e-03 -3.0000000000000001e-03 -2.0000000000000000e-03 -1.0000000000000000e-03  0.0000000000000000e+00  1.0000000000000000e-03  2.0000000000000000e-03  3.0000000000000001e-03  4.0000000000000001e-03  5.0000000000000001e-03  6.0000000000000001e-03  7.0000000000000001e-03  8.0000000000000002e-03  8.9999999999999993e-03  1.0000000000000000e-02  1.0999999999999999e-02  1.2000000000000000e-02  1.2999999999999999e-02  1.4000000000000000e-02  1.4999999999999999e-02  1.6000000000000000e-02  1.7000000000000001e-02  1.7999999999999999e-02  1.9000000000000000e-02  2.0000000000000000e-02  2.1000000000000001e-02  2.1999999999999999e-02  2.3000000000000000e-02  2.4000000000000000e-02  2.5000000000000001e-02  2.5999999999999999e-02  2.7000000000000000e-02  2.8000000000000001e-02  2.9000000000000001e-02  2.9999999999999999e-02
   5.0000000000000001e-03 -2.3278907142857143e+01 -2.3597922857142855e+01 -2.1019821428571426e+01 -1.6555722857142857e+01 -1.0891173857142856e+01 -5.7709787142857136e+00 -2.0943968571428573e+00  8.6829128571428577e-02  7.0128582857142852e-01  2.5888075714285713e-01 -2.6697235714285711e-01 -2.7582484285714287e-01  4.2705535714285717e-02  2.5441349999999996e-01  2.3956727142857143e-01 -4.0515372857142858e-02 -5.7374035714285709e-01 -1.2606537428571427e+00 -1.9347569999999998e+00 -2.3105138571428570e+00 -2.0692037142857140e+00 -1.0124409428571428e+00  1.2915643714285713e-01  4.4026101428571429e-01  1.0615628571428570e+00  5.3676998571428571e+00  1.5186694285714285e+01  2.3736617142857142e+01  2.0796647142857143e+01  9.3296704285714274e+00 -1.8116481428571427e-05 -9.3296091428571426e+00 -2.0796647142857143e+01 -2.3736381428571427e+01 -1.5186977142857142e+01 -5.3678837142857141e+00 -1.0615081714285715e+00 -4.4017992857142857e-01 -1.2921767571428572e-01  1.0125828428571428e+00  2.0690858571428570e+00  2.3107165714285713e+00  1.9348182857142857e+00  1.2605882142857143e+00  5.7368472857142849e-01  4.0551719999999999e-02 -2.3952720000000000e-01 -2.5445168571428567e-01 -4.2650944285714289e-02  2.7577345714285711e-01  2.6688137142857138e-01 -2.5884304285714288e-01 -7.0127545714285711e-01 -8.6668701428571429e-02  2.0945194285714286e+00  5.7709739999999998e+00  1.0890994714285714e+01  1.6555769999999999e+01  2.1019868571428571e+01  2.3597875714285713e+01  2.3279001428571426e+01
   4.4999999999999997e-03 -1.6882564285714288e+01 -1.7489434285714285e+01 -1.6102350000000001e+01 -1.3156685142857143e+01 -9.2300622857142862e+00 -5.4191421428571429e+00 -2.4753441428571428e+00 -6.3000865714285714e-01  8.8736481428571434e-02  2.4798274285714284e-02 -2.0908092857142857e-01 -2.0865381428571428e-01 -1.9661258571428569e-02  1.2488128714285715e-01  1.0794116142857144e-01 -1.0542081000000000e-01 -4.9355318571428575e-01 -9.6655962857142852e-01 -1.3780946142857142e+00 -1.5321617142857142e+00 -1.2351711428571428e+00 -4.3970189999999998e-01  4.7009254285714286e-01  1.1894204142857143e+00  2.5773942857142855e+00  6.4520798571428575e+00  1.3050656142857141e+01  1.8041147142857142e+01  1.6032484285714286e+01  8.2882328571428570e+00 -1.1797330285714286e-05 -8.2881621428571428e+00 -1.6032484285714286e+01 -1.8041241428571428e+01 -1.3050722142857143e+01 -6.4521317142857137e+00 -2.5774178571428572e+00 -1.1894581285714285e+00 -4.6988841428571426e-01  4.3969435714285715e-01  1.2351235285714286e+00  1.5320344285714285e+00  1.3779861857142859e+00  9.6667654285714288e-01  4.9353197142857141e-01  1.0540798714285714e-01 -1.0802865857142857e-01 -1.2501536142857142e-01  1.9688931428571428e-02  2.0872405714285713e-01  2.0911958571428571e-01 -2.4895152857142857e-02 -8.8620887142857138e-02  6.3012462857142848e-01  2.4752640000000001e+00  5.4192788571428574e+00  9.2299255714285717e+00  1.3156656857142856e+01  1.6102397142857143e+01  1.7489387142857144e+01  1.6882517142857143e+01
   4.0000000000000001e-03 -1.2172554428571429e+01 -1.2760166571428570e+01 -1.2018807428571428e+01 -1.0120289142857143e+01 -7.4494152857142861e+00 -4.7004822857142861e+00 -2.4463512857142860e+00 -9.5024065714285710e-01 -2.5062415714285713e-01 -1.2655844142857142e-01 -1.9151267142857142e-01 -1.7077688571428573e-01 -5.0712655714285709e-02  4.5606660000000000e-02  3.0096424285714289e-02 -1.2570312857142857e-01 -3.9844577142857146e-01 -7.1221495714285710e-01 -9.5144468571428564e-01 -9.8081327142857133e-01 -6.8730184285714280e-01 -6.6428198571428565e-02  6.9834694285714283e-01  1.5600938571428571e+00  3.1032539999999997e+00  6.2275525714285713e+00  1.0613394000000000e+01  1.3522744714285714e+01  1.2002279142857143e+01  6.5852395714285716e+00 -8.9250810000000000e-06 -6.5852490000000001e+00 -1.2002373428571428e+01 -1.3522754142857142e+01 -1.0613346857142856e+01 -6.2273922857142852e+00 -3.1033718571428572e+00 -1.5600608571428571e+00 -6.9830922857142863e-01  6.6396518571428573e-02  6.8729477142857143e-01  9.8104568571428563e-01  9.5138952857142844e-01  7.1241484285714285e-01  3.9860464285714281e-01  1.2567008142857142e-01 -3.0153985714285715e-02 -4.5511808571428572e-02  5.0723451428571431e-02  1.7082261428571427e-01  1.9143017142857141e-01  1.2660445285714284e-01  2.5079575714285712e-01  9.5033588571428573e-01  2.4464880000000000e+00  4.7006001428571427e+00  7.4494058571428567e+00  1.0120336285714284e+01  1.2018713142857143e+01  1.2760199571428572e+01  1.2172582714285715e+01
   3.5000000000000001e-03 -8.6156588571428561e+00 -9.0863189999999996e+00 -8.6960185714285725e+00 -7.5016542857142854e+00 -5.7305867142857139e+00 -3.8139137142857145e+00 -2.1607268571428571e+00 -1.0040085000000001e+00 -3.9510334285714288e-01 -2.0094831428571430e-01 -1.7904385714285714e-01 -1.4383394142857142e-01 -6.2735639999999995e-02  1.7836358571428571e-03 -1.0015151142857143e-02 -1.1902590857142857e-01 -3.0393141428571430e-01 -5.0418578571428574e-01 -6.3347978571428565e-01 -6.0067637142857144e-01 -3.3952097142857141e-01  1.4651990571428572e-01  7.8132214285714285e-01  1.6083021428571429e+00  2.9948725714285716e+00  5.3402627142857142e+00  8.2035737142857155e+00  9.8690224285714283e+00  8.6839547142857150e+00  4.8855745714285721e+00 -7.3536304285714288e-06 -4.8855887142857144e+00 -8.6839122857142854e+00 -9.8689988571428557e+00 -8.2035312857142859e+00 -5.3402202857142855e+00 -2.9948961428571428e+00 -1.6083398571428571e+00 -7.8132497142857149e-01 -1.4646743571428569e-01  3.3950541428571429e-01  6.0072917142857141e-01  6.3349345714285710e-01  5.0419191428571430e-01  3.0385739999999994e-01  1.1899455857142856e-01  1.0085478857142857e-02 -1.7243961428571428e-03  6.2693117142857149e-02  1.4382682285714285e-01  1.7897502857142855e-01  2.0102044285714285e-01  3.9516038571428574e-01  1.0038963000000001e+00  2.1607504285714283e+00  3.8138665714285716e+00  5.7305395714285714e+00  7.5017579999999997e+00  8.6960138571428569e+00  9.0862812857142856e+00  8.6156447142857147e+00
   3.0000000000000001e-03 -5.8968265714285710e+00 -6.2326769999999998e+00 -6.0321171428571434e+00 -5.3055655714285708e+00 -4.1739248571428575e+00 -2.8933268571428572e+00 -1.7384682857142857e+00 -8.9180944285714292e-01 -4.0836840000000002e-01 -2.1359910000000001e-01 -1.5801342857142855e-01 -1.1870166000000000e-01 -6.1870521428571433e-02 -1.8176494285714283e-02 -2.5430554285714287e-02 -9.7935231428571426e-02 -2.1818327142857141e-01 -3.4066512857142855e-01 -4.0364562857142861e-01 -3.4716141428571429e-01 -1.3303356000000000e-01  2.3585995714285715e-01  7.3513062857142863e-01  1.4260407857142858e+00  2.5247498571428570e+00  4.1790587142857145e+00  5.9944735714285713e+00  6.9141694285714284e+00  6.0122841428571432e+00  3.4127657142857144e+00 -6.3279527142857140e-06 -3.4127798571428571e+00 -6.0122935714285708e+00 -6.9142024285714285e+00 -5.9944971428571430e+00 -4.1791718571428573e+00 -2.5247875714285715e+00 -1.4260756714285714e+00 -7.3514288571428565e-01 -2.3589389999999999e-01  1.3304647714285714e-01  3.4710672857142860e-01  4.0357208571428571e-01  3.4068540000000003e-01  2.1822758571428572e-01  9.7867345714285708e-02  2.5445639999999999e-02  1.8045814285714286e-02  6.1887775714285720e-02  1.1873088857142858e-01  1.5799740000000001e-01  2.1361890000000000e-01  4.0834058571428572e-01  8.9190231428571431e-01  1.7384305714285715e+00  2.8932042857142859e+00  4.1739342857142852e+00  5.3055938571428563e+00  6.0321407142857142e+00  6.2327665714285709e+00  5.8968360000000004e+00
   2.5000000000000001e-03 -3.8180764285714286e+00 -4.0308227142857147e+00 -3.9307761428571433e+00 -3.5128688571428568e+00 -2.8312680000000001e+00 -2.0262518571428574e+00 -1.2695934428571429e+00 -6.9154422857142861e-01 -3.4181965714285717e-01 -1.8327115714285716e-01 -1.2646915285714286e-01 -9.2196814285714274e-02 -5.2693975714285711e-02 -2.2575347142857142e-02 -2.5635059999999998e-02 -7.1015292857142864e-02 -1.4568637285714287e-01 -2.1684865714285714e-01 -2.4259337142857146e-01 -1.8538504285714286e-01 -2.4537149999999997e-02  2.3788568571428570e-01  5.9829565714285715e-01  1.1089343571428572e+00  1.8900561428571430e+00  2.9777879999999999e+00  4.0760468571428570e+00  4.5544761428571423e+00  3.9091517142857142e+00  2.2199429999999998e+00 -5.4288771428571432e-06 -2.2199524285714287e+00 -3.9091611428571431e+00 -4.5544997142857149e+00 -4.0759761428571428e+00 -2.9778351428571428e+00 -1.8900419999999998e+00 -1.1088777857142855e+00 -5.9828717142857135e-01 -2.3794178571428570e-01  2.4532152857142855e-02  1.8537184285714284e-01  2.4259525714285715e-01  2.1687505714285715e-01  1.4568029142857142e-01  7.1029765714285709e-02  2.5645855714285713e-02  2.2573225714285713e-02  5.2745031428571426e-02  9.2217745714285704e-02  1.2644501571428571e-01  1.8327304285714285e-01  3.4182484285714287e-01  6.9153809999999993e-01  1.2695783571428572e+00  2.0262377142857142e+00  2.8312915714285714e+00  3.5128311428571428e+00  3.9307950000000003e+00  4.0308698571428572e+00  3.8180905714285709e+00
   2.0000000000000000e-03 -2.2491668571428569e+00 -2.3604098571428569e+00 -2.3116782857142857e+00 -2.0955990000000000e+00 -1.7264091428571429e+00 -1.2686119285714286e+00 -8.1853341428571424e-01 -4.6121978571428573e-01 -2.3651665714285713e-01 -1.2921484714285714e-01 -8.8294847142857139e-02 -6.4814451428571423e-02 -3.9050502857142858e-02 -1.8372325714285716e-02 -1.7916595714285714e-02 -4.4040810000000000e-02 -8.7635507142857130e-02 -1.2658408714285715e-01 -1.3394190857142857e-01 -8.8082704285714283e-02  1.9945388571428573e-02  1.8693981428571427e-01  4.1488731428571424e-01  7.4086555714285718e-01  1.2295804714285714e+00  1.8776905714285714e+00  2.4909908571428572e+00  2.7158622857142856e+00  2.2967009999999997e+00  1.2968919857142858e+00 -4.4757192857142857e-06 -1.2969018857142858e+00 -2.2966491428571425e+00 -2.7158764285714287e+00 -2.4910002857142857e+00 -1.8777141428571427e+00 -1.2295837714285713e+00 -7.4088488571428568e-01 -4.1479302857142858e-01 -1.8692944285714286e-01 -1.9971034285714284e-02  8.8069692857142848e-02  1.3395491999999998e-01  1.2660185999999998e-01  8.7632207142857146e-02  4.4043732857142859e-02  1.7936395714285715e-02  1.8350969999999998e-02  3.9053237142857140e-02  6.4811952857142849e-02  8.8295412857142860e-02  1.2919726285714284e-01  2.3651712857142856e-01  4.6124571428571431e-01  8.1853341428571424e-01  1.2685803428571427e+00  1.7264091428571429e+00  2.0955848571428568e+00  2.3116405714285713e+00  2.3604145714285716e+00  2.2491857142857143e+00
   1.5000000000000000e-03 -1.1029194000000000e+00 -1.1363705571428573e+00 -1.1122456714285716e+00 -1.0256833714285716e+00 -8.6786982857142847e-01 -6.5469030000000006e-01 -4.3016207142857138e-01 -2.4359892857142856e-01 -1.2411149142857143e-01 -6.8473255714285711e-02 -4.9598151428571428e-02 -3.8978987142857142e-02 -2.4333398571428570e-02 -1.0346527714285713e-02 -7.4266547142857135e-03 -2.0484702857142857e-02 -4.3917767142857146e-02 -6.3651390000000002e-02 -6.3793337142857148e-02 -3.3794828571428570e-02  2.7169842857142856e-02  1.1348124857142858e-01  2.2637010000000002e-01  3.8942215714285711e-01  6.3766795714285718e-01  9.6324548571428581e-01  1.2564811285714286e+00  1.3411049142857143e+00  1.1109233142857142e+00  6.1727725714285719e-01 -3.4426590000000000e-06 -6.1728385714285716e-01 -1.1109308571428571e+00 -1.3411138714285715e+00 -1.2564948000000000e+00 -9.6325491428571419e-01 -6.3766842857142858e-01 -3.8940942857142857e-01 -2.2636727142857144e-01 -1.1347761857142857e-01 -2.7162017142857143e-02  3.3807321428571430e-02  6.3786784285714285e-02  6.3687501428571436e-02  4.3929034285714284e-02  2.0489228571428573e-02  7.4227465714285720e-03  1.0343246571428572e-02  2.4327505714285713e-02  3.8981485714285710e-02  4.9587591428571429e-02  6.8469154285714276e-02  1.2410404285714285e-01  2.4359327142857140e-01  4.3014839999999999e-01  6.5469218571428567e-01  8.6788302857142863e-01  1.0257125999999999e+00  1.1122701857142856e+00  1.1363667857142856e+00  1.1029542857142856e+00
   1.0000000000000000e-03 -3.2080242857142860e-01 -2.9988467142857139e-01 -2.8659227142857141e-01 -2.7944541428571429e-01 -2.5678054285714286e-01 -2.0518362857142858e-01 -1.3438651285714284e-01 -6.8688651428571432e-02 -2.7955525714285716e-02 -1.4882632285714287e-02 -1.6644162857142857e-02 -1.7692525714285715e-02 -1.1494956000000001e-02 -2.1399509999999997e-03  2.2960975714285711e-03 -2.5384448571428571e-03 -1.3700190428571429e-02 -2.2790507142857141e-02 -2.1417377142857144e-02 -6.4472901428571433e-03  1.7658960000000001e-02  4.2568302857142859e-02  6.6777197142857153e-02  1.0443835285714285e-01  1.7710487142857143e-01  2.8381414285714285e-01  3.7678598571428573e-01  3.8905821428571424e-01  2.9950187142857138e-01  1.5307992857142855e-01 -2.3356032857142856e-06 -1.5308464285714285e-01 -2.9950705714285714e-01 -3.8906292857142860e-01 -3.7681568571428570e-01 -2.8381838571428569e-01 -1.7710911428571430e-01 -1.0443887142857143e-01 -6.6778092857142868e-02 -4.2577448571428568e-02 -1.7634539999999997e-02  6.4427927142857140e-03  2.1392485714285713e-02  2.2824072857142854e-02  1.3680291428571429e-02  2.5272814285714285e-03 -2.2946691428571428e-03  2.1422939999999999e-03  1.1501551285714284e-02  1.7697522857142857e-02  1.6640250000000002e-02  1.4882613428571429e-02  2.7961512857142854e-02  6.8689217142857154e-02  1.3438854000000000e-01  2.0518362857142858e-01  2.5679940000000001e-01  2.7944824285714287e-01  2.8660358571428574e-01  2.9986817142857142e-01  3.2081798571428571e-01
   5.0000000000000001e-04  1.3458885000000001e-01  1.8754371428571429e-01  1.9674505714285714e-01  1.6106262857142858e-01  1.0855595142857143e-01  6.8372699999999995e-02  4.9908540000000001e-02  4.3708877142857143e-02  3.5926911428571427e-02  2.1370092857142857e-02  5.3801597142857137e-03 -3.6978857142857145e-03 -2.8384949999999999e-03  3.7447315714285714e-03  8.9734307142857149e-03  8.6313951428571428e-03  3.9777351428571424e-03  1.3652708142857142e-05  9.3692657142857149e-04  5.4801780000000005e-03  6.0601482857142851e-03 -7.5496787142857137e-03 -3.9060591428571427e-02 -7.9733798571428580e-02 -1.1330601857142857e-01 -1.3306750285714286e-01 -1.4951451428571427e-01 -1.7058124285714285e-01 -1.7311187142857143e-01 -1.1638633285714285e-01 -1.1801888999999999e-06  1.1638312714285713e-01  1.7310951428571428e-01  1.7057794285714284e-01  1.4951168571428569e-01  1.3306490999999998e-01  1.1330559428571428e-01  7.9733939999999989e-02  3.9077468571428568e-02  7.5524837142857144e-03 -6.0604500000000002e-03 -5.4797914285714287e-03 -9.5599208571428573e-04 -9.1804397142857145e-06 -3.9778577142857144e-03 -8.6298959999999997e-03 -8.9717430000000008e-03 -3.7453444285714282e-03  2.8361189999999998e-03  3.6962545714285715e-03 -5.3765155714285712e-03 -2.1369197142857142e-02 -3.5934548571428568e-02 -4.3701334285714287e-02 -4.9906465714285718e-02 -6.8368504285714282e-02 -1.0855510285714286e-01 -1.6106215714285713e-01 -1.9673892857142858e-01 -1.8756539999999999e-01 -1.3456306285714284e-01
   0.0000000000000000e+00  2.8409370000000000e-01  3.4765452857142859e-01  3.5588425714285710e-01  3.0663458571428570e-01  2.3009768571428571e-01  1.6014994285714287e-01  1.1243340428571427e-01  8.2373704285714291e-02  5.8241322857142855e-02  3.4139725714285710e-02  1.3102550999999999e-02  1.1857310142857143e-03  2.1699432857142856e-04  5.8667824285714284e-03  1.1338036285714285e-02  1.2408848571428571e-02  9.7682404285714293e-03  7.3424198571428569e-03  7.8664504285714271e-03  8.7068802857142840e-03  1.1266082142857143e-03 -2.5571417142857145e-02 -7.6038835714285713e-02 -1.4320001142857144e-01 -2.1234698571428570e-01 -2.7341961428571426e-01 -3.2466295714285714e-01 -3.5518182857142855e-01 -3.2828399999999996e-01 -2.0476358571428571e-01  1.2897776571428571e-10  2.0476358571428571e-01  3.2828399999999996e-01  3.5523509999999997e-01  3.2466295714285714e-01  2.7341961428571426e-01  2.1236867142857144e-01  1.4312458285714286e-01  7.6021204285714281e-02  2.5554681428571428e-02 -1.1334113999999999e-03 -8.7371129999999995e-03 -7.8663278571428578e-03 -7.3598815714285715e-03 -9.7702581428571432e-03 -1.2416250000000000e-02 -1.1337380999999999e-02 -5.8682580000000003e-03 -2.1747094285714285e-04 -1.1859808714285716e-03 -1.3102819714285714e-02 -3.4141800000000000e-02 -5.8241322857142855e-02 -8.2373987142857139e-02 -1.1243335714285714e-01 -1.6014994285714287e-01 -2.3009721428571428e-01 -3.0663458571428570e-01 -3.5587859999999999e-01 -3.4767715714285713e-01 -2.8411774285714286e-01
  -5.0000000000000001e-04  1.3458720000000002e-01  1.8757199999999999e-01  1.9673892857142858e-01  1.6106168571428572e-01  1.0856028857142856e-01  6.8367089999999991e-02  4.9911557142857138e-02  4.3702748571428571e-02  3.5926157142857143e-02  2.1370517142857141e-02  5.3773735714285715e-03 -3.6964525714285709e-03 -2.8344548571428568e-03  3.7440668571428570e-03  8.9725585714285714e-03  8.6310745714285701e-03  3.9759295714285716e-03  2.8640228571428569e-05  9.5598784285714285e-04  5.4816347142857139e-03  6.0611524285714286e-03 -7.5506215714285715e-03 -3.9060497142857142e-02 -7.9735872857142856e-02 -1.1330578285714285e-01 -1.3306448571428572e-01 -1.4951168571428569e-01 -1.7057794285714284e-01 -1.7310951428571428e-01 -1.1638246714285715e-01 -2.8035621428571428e-05  1.1638562571428572e-01  1.7305671428571429e-01  1.7058077142857142e-01  1.4951498571428573e-01  1.3306707857142858e-01  1.1330653714285714e-01  7.9735259999999988e-02  3.9077845714285714e-02  7.6119638571428561e-03 -6.0606150000000001e-03 -5.4790937142857139e-03 -9.5537640000000000e-04 -7.9022884285714284e-06 -3.9766461428571423e-03 -8.6245028571428559e-03 -8.9730205714285711e-03 -3.7451511428571427e-03  2.8368732857142853e-03  3.6979469999999996e-03 -5.3796034285714285e-03 -2.1370564285714284e-02 -3.5927477142857142e-02 -4.3709678571428566e-02 -4.9907455714285710e-02 -6.8373171428571425e-02 -1.0857358285714286e-01 -1.6106262857142858e-01 -1.9673892857142858e-01 -1.8754324285714286e-01 -1.3458908571428571e-01
  -1.0000000000000000e-03 -3.2079347142857145e-01 -2.9986062857142853e-01 -2.8658708571428571e-01 -2.7944965714285713e-01 -2.5679798571428569e-01 -2.0518362857142858e-01 -1.3439183999999998e-01 -6.8685728571428573e-02 -2.7961748571428569e-02 -1.4880925714285714e-02 -1.6639212857142857e-02 -1.7702425714285715e-02 -1.1500570714285714e-02 -2.1472864285714288e-03  2.2946502857142856e-03 -2.5251694285714282e-03 -1.3694985857142858e-02 -2.2786028571428571e-02 -2.1433075714285713e-02 -6.4445888571428569e-03  1.7633597142857144e-02  4.2569764285714289e-02  6.6780261428571436e-02  1.0443783428571428e-01  1.7710911428571430e-01  2.8381838571428569e-01  3.7681804285714282e-01  3.8906387142857141e-01  2.9950752857142854e-01  1.5308464285714285e-01  2.3234074285714287e-06 -1.5307992857142855e-01 -2.9950234285714283e-01 -3.8905821428571424e-01 -3.7678551428571427e-01 -2.8381225714285713e-01 -1.7710015714285712e-01 -1.0443840000000000e-01 -6.6774981428571425e-02 -4.2569858571428566e-02 -1.7639678571428570e-02  6.4373665714285710e-03  2.1391212857142856e-02  2.2819311428571427e-02  1.3677151714285714e-02  2.5279650000000001e-03 -2.2972384285714284e-03  2.1434254285714288e-03  1.1499773999999999e-02  1.7693468571428572e-02  1.6639967142857141e-02  1.4881566857142856e-02  2.7955242857142855e-02  6.8691055714285715e-02  1.3438556999999998e-01  2.0518362857142858e-01  2.5678572857142856e-01  2.7944635714285715e-01  2.8658425714285712e-01  2.9991201428571429e-01  3.2082882857142858e-01
  -1.5000000000000000e-03 -1.1029161000000001e+00 -1.1363743285714285e+00 -1.1122593428571430e+00 -1.0257078857142856e+00 -8.6785804285714285e-01 -6.5470538571428571e-01 -4.3016348571428570e-01 -2.4358997142857142e-01 -1.2411153857142858e-01 -6.8472878571428572e-02 -4.9605270000000000e-02 -3.8995769999999999e-02 -2.4332172857142856e-02 -1.0342086857142857e-02 -7.4314632857142857e-03 -2.0495922857142856e-02 -4.3925875714285710e-02 -6.3641537142857141e-02 -6.3780042857142852e-02 -3.3796619999999999e-02  2.7164374285714287e-02  1.1348105999999999e-01  2.2634370000000001e-01  3.8940801428571425e-01  6.3766984285714279e-01  9.6325585714285722e-01  1.2564948000000000e+00  1.3411138714285715e+00  1.1109313285714284e+00  6.1728291428571425e-01  3.4098664285714287e-06 -6.1727772857142860e-01 -1.1109237857142855e+00 -1.3411086857142858e+00 -1.2564811285714286e+00 -9.6325067142857135e-01 -6.3766654285714286e-01 -3.8933635714285714e-01 -2.2635124285714284e-01 -1.1347483714285714e-01 -2.7165505714285713e-02  3.3819955714285720e-02  6.3815164285714279e-02  6.3663694285714292e-02  4.3920831428571429e-02  2.0482534285714286e-02  7.4296058571428564e-03  1.0345504714285714e-02  2.4332927142857144e-02  3.8968427142857143e-02  4.9584008571428570e-02  6.8464581428571425e-02  1.2411139714285715e-01  2.4358525714285717e-01  4.3017715714285715e-01  6.5469359999999999e-01  8.6789057142857140e-01  1.0257008142857142e+00  1.1122739571428570e+00  1.1363738571428570e+00  1.1029443857142858e+00
  -2.0000000000000000e-03 -2.2491857142857143e+00 -2.3604192857142854e+00 -2.3116405714285713e+00 -2.0955848571428568e+00 -1.7263855714285714e+00 -1.2686029714285714e+00 -8.1852870000000000e-01 -4.6122261428571426e-01 -2.3651712857142856e-01 -1.2921748714285713e-01 -8.8295271428571423e-02 -6.4812235714285710e-02 -3.9053378571428571e-02 -1.8353232857142857e-02 -1.7936819999999999e-02 -4.4048211428571425e-02 -8.7632112857142855e-02 -1.2658941428571430e-01 -1.3395595714285713e-01 -8.8065072857142851e-02  1.9971128571428569e-02  1.8692991428571426e-01  4.1479302857142858e-01  7.4088064285714283e-01  1.2295837714285713e+00  1.8777141428571427e+00  2.4910002857142857e+00  2.7158764285714287e+00  2.2966491428571425e+00  1.2969009428571430e+00  4.4168284285714288e-06 -1.2968919857142858e+00 -2.2967009999999997e+00 -2.7158622857142856e+00 -2.4909955714285714e+00 -1.8776905714285714e+00 -1.2295936714285716e+00 -7.4084575714285716e-01 -4.1489155714285714e-01 -1.8693509999999999e-01 -1.9933932857142855e-02  8.8093735714285706e-02  1.3394205000000001e-01  1.2660072857142857e-01  8.7652667142857146e-02  4.4049342857142855e-02  1.7921027142857142e-02  1.8370675714285713e-02  3.9050361428571427e-02  6.4814168571428576e-02  8.8295035714285708e-02  1.2921847714285714e-01  2.3650675714285715e-01  4.6123958571428569e-01  8.1852870000000000e-01  1.2686034428571429e+00  1.7263902857142859e+00  2.0955942857142857e+00  2.3116829999999999e+00  2.3604192857142854e+00  2.2491621428571427e+00
  -2.5000000000000001e-03 -3.8180905714285709e+00 -4.0308698571428572e+00 -3.9307950000000003e+00 -3.5128782857142857e+00 -2.8312868571428571e+00 -2.0262471428571427e+00 -1.2696240857142858e+00 -6.9154422857142861e-01 -3.4181871428571425e-01 -1.8327492857142857e-01 -1.2644487428571430e-01 -9.2211617142857139e-02 -5.2726645714285710e-02 -2.2575677142857142e-02 -2.5612054285714284e-02 -7.1003601428571428e-02 -1.4570263714285714e-01 -2.1686279999999999e-01 -2.4265135714285715e-01 -1.8536147142857143e-01 -2.4539129999999999e-02  2.3786258571428573e-01  5.9824851428571424e-01  1.1089131428571428e+00  1.8900514285714285e+00  2.9778351428571428e+00  4.0759761428571428e+00  4.5544949999999993e+00  3.9091611428571431e+00  2.2199524285714287e+00  5.3340775714285711e-06 -2.2199382857142860e+00 -3.9091517142857142e+00 -4.5544667142857138e+00 -4.0759431428571427e+00 -2.9777879999999999e+00 -1.8900561428571430e+00 -1.1089343571428572e+00 -5.9828999999999999e-01 -2.3790737142857141e-01  2.4537149999999997e-02  1.8538457142857143e-01  2.4262165714285713e-01  2.1687647142857142e-01  1.4567034428571426e-01  7.1026371428571419e-02  2.5644111428571429e-02  2.2571811428571429e-02  5.2700858571428574e-02  9.2196625714285718e-02  1.2646863428571431e-01  1.8326974285714284e-01  3.4181965714285717e-01  6.9152490000000000e-01  1.2695849571428570e+00  2.0262235714285715e+00  2.8312962857142856e+00  3.5128735714285715e+00  3.9307855714285713e+00  4.0308227142857147e+00  3.8180811428571428e+00
  -3.0000000000000001e-03 -5.8968265714285710e+00 -6.2326911428571430e+00 -6.0321501428571427e+00 -5.3055844285714286e+00 -4.1739248571428575e+00 -2.8932655714285711e+00 -1.7384258571428570e+00 -8.9187968571428566e-01 -4.0837830000000003e-01 -2.1360522857142858e-01 -1.5798184285714284e-01 -1.1879674714285715e-01 -6.1873962857142854e-02 -1.8094277142857142e-02 -2.5432628571428573e-02 -9.7869749999999991e-02 -2.1823465714285714e-01 -3.4069011428571427e-01 -4.0359895714285710e-01 -3.4711474285714283e-01 -1.3299730714285715e-01  2.3575011428571427e-01  7.3514288571428565e-01  1.4260629428571427e+00  2.5246979999999999e+00  4.1791765714285711e+00  5.9944971428571430e+00  6.9142024285714285e+00  6.0122935714285708e+00  3.4127798571428571e+00  6.2111704285714286e-06 -3.4127657142857144e+00 -6.0122841428571432e+00 -6.9142307142857149e+00 -5.9944547142857143e+00 -4.1790162857142858e+00 -2.5247781428571430e+00 -1.4260535142857143e+00 -7.3514288571428565e-01 -2.3585901428571426e-01  1.3305529285714285e-01  3.4716754285714285e-01  4.0367297142857145e-01  3.4068210000000004e-01  2.1816677142857144e-01  9.7941595714285706e-02  2.5373087142857142e-02  1.8176824285714283e-02  6.1884994285714284e-02  1.1875827857142858e-01  1.5801248571428569e-01  2.1361418571428570e-01  4.0837264285714286e-01  8.9187827142857146e-01  1.7385295714285713e+00  2.8932797142857143e+00  4.1739389999999998e+00  5.3055985714285718e+00  6.0321831428571429e+00  6.2327335714285717e+00  5.8968360000000004e+00
  -3.5000000000000001e-03 -8.6156494285714285e+00 -9.0862907142857132e+00 -8.6960704285714279e+00 -7.5017344285714280e+00 -5.7305112857142859e+00 -3.8138477142857146e+00 -2.1607645714285715e+00 -1.0039585285714285e+00 -3.9521601428571429e-01 -2.0095444285714287e-01 -1.7899152857142855e-01 -1.4380923857142855e-01 -6.2559325714285713e-02  1.7230478571428572e-03 -1.0085639142857143e-02 -1.1899634999999999e-01 -3.0387531428571429e-01 -5.0417022857142857e-01 -6.3348355714285709e-01 -6.0069569999999994e-01 -3.3950494285714283e-01  1.4650015285714285e-01  7.8139615714285715e-01  1.6083398571428571e+00  2.9948584285714288e+00  5.3403428571428568e+00  8.2035312857142859e+00  9.8689941428571419e+00  8.6839169999999992e+00  4.8855887142857144e+00  7.1973282857142848e-06 -4.8855745714285721e+00 -8.6838839999999990e+00 -9.8690224285714283e+00 -8.2035737142857155e+00 -5.3402909999999997e+00 -2.9948160000000001e+00 -1.6083115714285714e+00 -7.8130281428571424e-01 -1.4653546285714286e-01  3.3952097142857141e-01  6.0070654285714287e-01  6.3349487142857142e-01  5.0420228571428571e-01  3.0391255714285714e-01  1.1901982714285712e-01  1.0017465857142858e-02 -1.7852858571428573e-03  6.2784809999999996e-02  1.4379872571428570e-01  1.7904338571428571e-01  2.0094689999999998e-01  3.9516745714285717e-01  1.0040122714285713e+00  2.1607409999999998e+00  3.8139325714285710e+00  5.7305112857142859e+00  7.5016590000000001e+00  8.6960468571428571e+00  9.0863142857142858e+00  8.6156541428571423e+00
  -4.0000000000000001e-03 -1.2172578000000000e+01 -1.2760218428571427e+01 -1.2018741428571428e+01 -1.0120364571428571e+01 -7.4493304285714288e+00 -4.7005812857142848e+00 -2.4465209999999997e+00 -9.5035521428571434e-01 -2.5074201428571430e-01 -1.2664051714285715e-01 -1.9144997142857142e-01 -1.7074624285714285e-01 -5.0723215714285716e-02  4.5513552857142855e-02  3.0162518571428570e-02 -1.2565560857142857e-01 -3.9860134285714283e-01 -7.1239504285714284e-01 -9.5145741428571429e-01 -9.8103908571428577e-01 -6.8734474285714287e-01 -6.6380678571428570e-02  6.9830828571428571e-01  1.5601268571428570e+00  3.1033529999999998e+00  6.2274111428571421e+00  1.0613337428571429e+01  1.3522754142857142e+01  1.2002359285714286e+01  6.5852442857142854e+00  8.6571304285714283e-06 -6.5852348571428578e+00 -1.2002349857142857e+01 -1.3522744714285714e+01 -1.0613394000000000e+01 -6.2274771428571425e+00 -3.1032257142857143e+00 -1.5602447142857143e+00 -6.9825784285714276e-01  6.6500468571428578e-02  6.8730184285714280e-01  9.8091745714285716e-01  9.5145034285714292e-01  7.1231301428571425e-01  3.9851460000000000e-01  1.2570836142857142e-01 -3.0101421428571432e-02 -4.5583465714285717e-02  5.0810477142857143e-02  1.7065855714285716e-01  1.9160978571428572e-01  1.2655693285714284e-01  2.5069864285714283e-01  9.5031137142857136e-01  2.4464267142857143e+00  4.7005011428571430e+00  7.4494341428571431e+00  1.0120308000000000e+01  1.2018812142857143e+01  1.2760180714285713e+01  1.2172554428571429e+01
  -4.4999999999999997e-03 -1.6882470000000001e+01 -1.7489339999999999e+01 -1.6102350000000001e+01 -1.3156590857142858e+01 -9.2299302857142855e+00 -5.4193401428571431e+00 -2.4752451428571427e+00 -6.3009539999999997e-01  8.8684200000000005e-02  2.4898500000000000e-02 -2.0900832857142856e-01 -2.0872499999999999e-01 -1.9687847142857144e-02  1.2501724714285714e-01  1.0803836999999999e-01 -1.0543155857142857e-01 -4.9353150000000001e-01 -9.6668927142857131e-01 -1.3779913714285714e+00 -1.5319495714285714e+00 -1.2350254714285713e+00 -4.3977591428571428e-01  4.6981487142857142e-01  1.1893935428571429e+00  2.5774178571428572e+00  6.4521128571428568e+00  1.3050722142857143e+01  1.8041335714285715e+01  1.6032484285714286e+01  8.2881621428571428e+00  1.3451097000000001e-05 -8.2882281428571432e+00 -1.6032484285714286e+01 -1.8041194285714283e+01 -1.3050637285714286e+01 -6.4519572857142853e+00 -2.5774037142857145e+00 -1.1894963142857142e+00 -4.7001711428571424e-01  4.3965947142857142e-01  1.2351093857142856e+00  1.5321711428571427e+00  1.3781049857142855e+00  9.6662798571428565e-01  4.9347917142857145e-01  1.0536753857142857e-01 -1.0809399857142857e-01 -1.2494328000000000e-01  1.9659184285714285e-02  2.0858687142857141e-01  2.0908187142857143e-01 -2.4817555714285712e-02 -8.8647475714285703e-02  6.3000252857142847e-01  2.4753582857142855e+00  5.4191657142857146e+00  9.2300622857142862e+00  1.3156628571428572e+01  1.6102302857142856e+01  1.7489387142857144e+01  1.6882517142857143e+01
  -5.0000000000000001e-03 -2.3279048571428572e+01 -2.3597875714285713e+01 -2.1019868571428571e+01 -1.6555769999999999e+01 -1.0890947571428571e+01 -5.7709787142857136e+00 -2.0945901428571427e+00  8.6691707142857150e-02  7.0127262857142858e-01  2.5884492857142860e-01 -2.6688231428571429e-01 -2.7589932857142857e-01  4.2723120000000003e-02  2.5444885714285714e-01  2.3942489999999997e-01 -4.0557990000000002e-02 -5.7369651428571422e-01 -1.2605962285714287e+00 -1.9348230000000000e+00 -2.3107212857142856e+00 -2.0691094285714287e+00 -1.0125649285714284e+00  1.2921772285714286e-01  4.4017992857142857e-01  1.0614110571428572e+00  5.3678837142857141e+00  1.5186882857142855e+01  2.3736334285714285e+01  2.0796647142857143e+01  9.3296044285714288e+00  1.7595175714285716e-05 -9.3295855714285718e+00 -2.0796647142857143e+01 -2.3736617142857142e+01 -1.5186694285714285e+01 -5.3676715714285717e+00 -1.0614827142857142e+00 -4.4026101428571429e-01 -1.2915525857142857e-01  1.0124649857142858e+00  2.0691801428571428e+00  2.3104242857142858e+00  1.9346344285714285e+00  1.2605934000000001e+00  5.7376298571428574e-01  4.0637142857142858e-02 -2.3954275714285717e-01 -2.5443942857142854e-01 -4.2608327142857144e-02  2.7579844285714283e-01  2.6697141428571430e-01 -2.5888075714285713e-01 -7.0129242857142859e-01 -8.6835257142857142e-02  2.0946137142857144e+00  5.7709975714285715e+00  1.0891070142857142e+01  1.6555769999999999e+01  2.1019821428571426e+01  2.3597828571428568e+01  2.3279001428571426e+01
# Vertical Kick [micro-rad]
START
                          -2.9999999999999999e-02 -2.9000000000000001e-02 -2.8000000000000001e-02 -2.7000000000000000e-02 -2.5999999999999999e-02 -2.5000000000000001e-02 -2.4000000000000000e-02 -2.3000000000000000e-02 -2.1999999999999999e-02 -2.1000000000000001e-02 -2.0000000000000000e-02 -1.9000000000000000e-02 -1.7999999999999999e-02 -1.7000000000000001e-02 -1.6000000000000000e-02 -1.4999999999999999e-02 -1.4000000000000000e-02 -1.2999999999999999e-02 -1.2000000000000000e-02 -1.0999999999999999e-02 -1.0000000000000000e-02 -8.9999999999999993e-03 -8.0000000000000002e-03 -7.0000000000000001e-03 -6.0000000000000001e-03 -5.0000000000000001e-03 -4.0000000000000001e-03 -3.0000000000000001e-03 -2.0000000000000000e-03 -1.0000000000000000e-03  0.0000000000000000e+00  1.0000000000000000e-03  2.0000000000000000e-03  3.0000000000000001e-03  4.0000000000000001e-03  5.0000000000000001e-03  6.0000000000000001e-03  7.0000000000000001e-03  8.0000000000000002e-03  8.9999999999999993e-03  1.0000000000000000e-02  1.0999999999999999e-02  1.2000000000000000e-02  1.2999999999999999e-02  1.4000000000000000e-02  1.4999999999999999e-02  1.6000000000000000e-02  1.7000000000000001e-02  1.7999999999999999e-02  1.9000000000000000e-02  2.0000000000000000e-02  2.1000000000000001e-02  2.1999999999999999e-02  2.3000000000000000e-02  2.4000000000000000e-02  2.5000000000000001e-02  2.5999999999999999e-02  2.7000000000000000e-02  2.8000000000000001e-02  2.9000000000000001e-02  2.9999999999999999e-02
   5.0000000000000001e-03 -4.0399637142857145e+01 -5.5226961428571428e+01 -6.7506591428571426e+01 -7.6443840000000009e+01 -8.1460735714285718e+01 -8.2901044285714278e+01 -8.2258439999999993e+01 -8.0573931428571427e+01 -7.8740404285714291e+01 -7.7674127142857131e+01 -7.7554572857142858e+01 -7.7801554285714289e+01 -7.7803675714285703e+01 -7.7538968571428569e+01 -7.7207177142857134e+01 -7.6931155714285708e+01 -7.6890188571428567e+01 -7.7246258571428569e+01 -7.8176434285714279e+01 -7.9733751428571438e+01 -8.1719408571428573e+01 -8.3496929999999992e+01 -8.4459964285714278e+01 -8.5584321428571428e+01 -8.8664117142857137e+01 -9.3341207142857144e+01 -9.4210238571428576e+01 -8.5450907142857147e+01 -7.2649877142857136e+01 -6.7586969999999994e+01 -6.8175690000000003e+01 -6.7586969999999994e+01 -7.2649830000000009e+01 -8.5450765714285708e+01 -9.4210144285714279e+01 -9.3341537142857135e+01 -8.8664400000000001e+01 -8.5584321428571428e+01 -8.4460011428571434e+01 -8.3496835714285709e+01 -8.1719549999999998e+01 -7.9733845714285707e+01 -7.8176481428571435e+01 -7.7246258571428569e+01 -7.6890377142857133e+01 -7.6931202857142850e+01 -7.7207224285714275e+01 -7.7538874285714286e+01 -7.7803722857142844e+01 -7.7801554285714289e+01 -7.7554431428571434e+01 -7.7674221428571428e+01 -7.8740592857142857e+01 -8.0573837142857144e+01 -8.2258487142857135e+01 -8.2900997142857136e+01 -8.1460830000000001e+01 -7.6443792857142853e+01 -6.7506874285714289e+01 -5.5227008571428570e+01 -4.0399589999999996e+01
   4.4999999999999997e-03 -3.3488871428571429e+01 -4.4489280000000001e+01 -5.4416528571428572e+01 -6.2199484285714284e+01 -6.7180692857142859e+01 -6.9432659999999998e+01 -6.9789484285714281e+01 -6.9083991428571423e+01 -6.8068769999999986e+01 -6.7398304285714289e+01 -6.7262580000000000e+01 -6.7373271428571428e+01 -6.7381097142857143e+01 -6.7224771428571430e+01 -6.7012204285714276e+01 -6.6859461428571436e+01 -6.6900852857142851e+01 -6.7259138571428565e+01 -6.8023937142857150e+01 -6.9181341428571429e+01 -7.0545231428571427e+01 -7.1715411428571429e+01 -7.2429578571428564e+01 -7.3204560000000001e+01 -7.4767817142857140e+01 -7.6318487142857137e+01 -7.4535214285714275e+01 -6.6824104285714284e+01 -5.6752881428571428e+01 -5.0838621428571429e+01 -4.9587921428571427e+01 -5.0838574285714280e+01 -5.6752928571428569e+01 -6.6824057142857143e+01 -7.4535261428571417e+01 -7.6318534285714279e+01 -7.4768194285714287e+01 -7.3204560000000001e+01 -7.2429720000000003e+01 -7.1715270000000004e+01 -7.0545184285714285e+01 -6.9181435714285712e+01 -6.8024031428571419e+01 -6.7259185714285707e+01 -6.6900852857142851e+01 -6.6859602857142846e+01 -6.7012204285714276e+01 -6.7224818571428571e+01 -6.7381097142857143e+01 -6.7373412857142853e+01 -6.7262721428571439e+01 -6.7398304285714289e+01 -6.8068864285714284e+01 -6.9083802857142857e+01 -6.9789389999999997e+01 -6.9432659999999998e+01 -6.7180692857142859e+01 -6.2199531428571426e+01 -5.4416622857142855e+01 -4.4489468571428574e+01 -3.3488918571428570e+01
   4.0000000000000001e-03 -2.7794721428571428e+01 -3.6138582857142858e+01 -4.4056650000000005e+01 -5.0626714285714286e+01 -5.5234221428571431e+01 -5.7790872857142851e+01 -5.8747778571428569e+01 -5.8709074285714287e+01 -5.8267440000000001e+01 -5.7910615714285711e+01 -5.7823589999999996e+01 -5.7883272857142856e+01 -5.7897132857142857e+01 -5.7811521428571425e+01 -5.7687677142857140e+01 -5.7617999999999995e+01 -5.7703045714285714e+01 -5.8027435714285708e+01 -5.8630769999999998e+01 -5.9469912857142859e+01 -6.0387171428571428e+01 -6.1125852857142853e+01 -6.1546461428571426e+01 -6.1873585714285717e+01 -6.2287641428571433e+01 -6.1989274285714288e+01 -5.9010552857142855e+01 -5.2287509999999997e+01 -4.4202604285714280e+01 -3.8700844285714282e+01 -3.7021332857142859e+01 -3.8700844285714282e+01 -4.4202698571428570e+01 -5.2287509999999997e+01 -5.9010317142857140e+01 -6.1989415714285720e+01 -6.2287735714285709e+01 -6.1873538571428575e+01 -6.1546461428571426e+01 -6.1125852857142853e+01 -6.0387171428571428e+01 -5.9470101428571432e+01 -5.8630722857142857e+01 -5.8027435714285708e+01 -5.7703187142857139e+01 -5.7618047142857144e+01 -5.7687771428571423e+01 -5.7811568571428573e+01 -5.7897321428571431e+01 -5.7883272857142856e+01 -5.7823637142857137e+01 -5.7910615714285711e+01 -5.8267628571428567e+01 -5.8709027142857146e+01 -5.8747684285714286e+01 -5.7790825714285717e+01 -5.5234174285714282e+01 -5.0626761428571427e+01 -4.4056744285714281e+01 -3.6138629999999999e+01 -2.7794721428571428e+01
   3.5000000000000001e-03 -2.2955931428571429e+01 -2.9358779999999999e+01 -3.5625998571428575e+01 -4.1051717142857143e+01 -4.5118401428571424e+01 -4.7666472857142857e+01 -4.8922499999999999e+01 -4.9298982857142853e+01 -4.9241232857142855e+01 -4.9116917142857140e+01 -4.9096079999999994e+01 -4.9146239999999999e+01 -4.9169387142857140e+01 -4.9130730000000000e+01 -4.9068737142857145e+01 -4.9052048571428571e+01 -4.9153971428571431e+01 -4.9429050000000004e+01 -4.9888975714285714e+01 -5.0480807142857145e+01 -5.1076032857142856e+01 -5.1499658571428569e+01 -5.1651411428571421e+01 -5.1581734285714283e+01 -5.1224297142857139e+01 -4.9929141428571434e+01 -4.6569694285714284e+01 -4.0811901428571431e+01 -3.4316181428571426e+01 -2.9636404285714285e+01 -2.8041561428571431e+01 -2.9636404285714285e+01 -3.4316181428571426e+01 -4.0811854285714283e+01 -4.6569647142857143e+01 -4.9929188571428568e+01 -5.1224438571428571e+01 -5.1581828571428566e+01 -5.1651458571428570e+01 -5.1499752857142859e+01 -5.1075985714285714e+01 -5.0480854285714287e+01 -4.9889022857142855e+01 -4.9429144285714287e+01 -4.9154065714285714e+01 -4.9052142857142854e+01 -4.9068737142857145e+01 -4.9130777142857141e+01 -4.9169339999999998e+01 -4.9146287142857140e+01 -4.9096174285714284e+01 -4.9116964285714282e+01 -4.9241185714285713e+01 -4.9298982857142853e+01 -4.8922452857142858e+01 -4.7666425714285715e+01 -4.5118354285714290e+01 -4.1051764285714285e+01 -3.5626045714285716e+01 -2.9358874285714286e+01 -2.2956025714285715e+01
   3.0000000000000001e-03 -1.8744754285714286e+01 -2.3669485714285713e+01 -2.8586108571428571e+01 -3.2979162857142853e+01 -3.6438600000000001e+01 -3.8788860000000000e+01 -4.0128000000000000e+01 -4.0725299999999997e+01 -4.0902792857142856e+01 -4.0936594285714285e+01 -4.0974685714285712e+01 -4.1031115714285718e+01 -4.1063879999999997e+01 -4.1056195714285714e+01 -4.1034509999999997e+01 -4.1048841428571428e+01 -4.1150528571428573e+01 -4.1372760000000000e+01 -4.1712188571428570e+01 -4.2116014285714286e+01 -4.2481135714285713e+01 -4.2680125714285715e+01 -4.2623035714285713e+01 -4.2269888571428567e+01 -4.1465961428571426e+01 -3.9734357142857142e+01 -3.6457127142857139e+01 -3.1637477142857147e+01 -2.6469017142857144e+01 -2.2676751428571428e+01 -2.1328701428571428e+01 -2.2676704285714287e+01 -2.6469017142857144e+01 -3.1637382857142857e+01 -3.6457174285714281e+01 -3.9734451428571433e+01 -4.1466055714285709e+01 -4.2269935714285715e+01 -4.2623177142857145e+01 -4.2680172857142857e+01 -4.2481229999999996e+01 -4.2116061428571427e+01 -4.1712235714285718e+01 -4.1372807142857141e+01 -4.1150528571428573e+01 -4.1048841428571428e+01 -4.1034557142857146e+01 -4.1056195714285714e+01 -4.1063974285714288e+01 -4.1031162857142853e+01 -4.0974732857142854e+01 -4.0936594285714285e+01 -4.0902792857142856e+01 -4.0725394285714287e+01 -4.0128094285714283e+01 -3.8788812857142858e+01 -3.6438600000000001e+01 -3.2979210000000002e+01 -2.8586202857142855e+01 -2.3669532857142858e+01 -1.8744707142857141e+01
   2.5000000000000001e-03 -1.5004628571428571e+01 -1.8761914285714287e+01 -2.2561722857142854e+01 -2.6037094285714286e+01 -2.8876602857142856e+01 -3.0918595714285715e+01 -3.2191641428571430e+01 -3.2864181428571428e+01 -3.3161841428571428e+01 -3.3288467142857144e+01 -3.3366865714285716e+01 -3.3431168571428564e+01 -3.3470815714285713e+01 -3.3481847142857141e+01 -3.3484298571428567e+01 -3.3513668571428575e+01 -3.3604937142857139e+01 -3.3777149999999999e+01 -3.4019370000000002e+01 -3.4284218571428575e+01 -3.4489808571428576e+01 -3.4538601428571425e+01 -3.4346871428571426e+01 -3.3837209999999999e+01 -3.2844051428571433e+01 -3.1040224285714284e+01 -2.8107844285714286e+01 -2.4188622857142857e+01 -2.0151355714285714e+01 -1.7184844285714284e+01 -1.6113145714285714e+01 -1.7184844285714284e+01 -2.0151355714285714e+01 -2.4188622857142857e+01 -2.8107891428571428e+01 -3.1040224285714284e+01 -3.2844098571428574e+01 -3.3837209999999999e+01 -3.4346965714285716e+01 -3.4538601428571425e+01 -3.4489808571428576e+01 -3.4284265714285709e+01 -3.4019417142857144e+01 -3.3777149999999999e+01 -3.3604984285714281e+01 -3.3513668571428575e+01 -3.3484298571428567e+01 -3.3481847142857141e+01 -3.3470862857142855e+01 -3.3431168571428564e+01 -3.3366912857142857e+01 -3.3288514285714285e+01 -3.3161888571428570e+01 -3.2864181428571428e+01 -3.2191688571428571e+01 -3.0918642857142853e+01 -2.8876650000000001e+01 -2.6037094285714286e+01 -2.2561722857142854e+01 -1.8761914285714287e+01 -1.5004675714285714e+01
   2.0000000000000000e-03 -1.1620016571428572e+01 -1.4422074857142857e+01 -1.7280120000000000e+01 -1.9939212857142856e+01 -2.2171851428571426e+01 -2.3844102857142857e+01 -2.4950640000000000e+01 -2.5592725714285713e+01 -2.5923197142857141e+01 -2.6088338571428572e+01 -2.6184745714285715e+01 -2.6251169999999998e+01 -2.6292750000000002e+01 -2.6312927142857141e+01 -2.6327399999999997e+01 -2.6360918571428570e+01 -2.6436488571428569e+01 -2.6563915714285717e+01 -2.6730329999999999e+01 -2.6895754285714286e+01 -2.6996875714285714e+01 -2.6958171428571426e+01 -2.6705674285714288e+01 -2.6155328571428573e+01 -2.5165847142857142e+01 -2.3524474285714284e+01 -2.1082521428571429e+01 -1.8019602857142857e+01 -1.4961634285714284e+01 -1.2726619714285714e+01 -1.1915008285714286e+01 -1.2726624428571428e+01 -1.4961634285714284e+01 -1.8019414285714284e+01 -2.1082521428571429e+01 -2.3524521428571429e+01 -2.5165847142857142e+01 -2.6155375714285714e+01 -2.6705815714285713e+01 -2.6958171428571426e+01 -2.6996970000000001e+01 -2.6895848571428569e+01 -2.6730329999999999e+01 -2.6563915714285717e+01 -2.6436535714285714e+01 -2.6360918571428570e+01 -2.6327399999999997e+01 -2.6312974285714283e+01 -2.6292797142857140e+01 -2.6251217142857140e+01 -2.6184792857142856e+01 -2.6088338571428572e+01 -2.5923291428571428e+01 -2.5592772857142858e+01 -2.4950687142857142e+01 -2.3844055714285712e+01 -2.2171851428571426e+01 -1.9939260000000001e+01 -1.7280167142857142e+01 -1.4422145571428571e+01 -1.1620021285714285e+01
   1.5000000000000000e-03 -8.4994139999999998e+00 -1.0491506142857142e+01 -1.2534899142857142e+01 -1.4459213999999999e+01 -1.6106922857142859e+01 -1.7376904285714286e+01 -1.8251781428571427e+01 -1.8789351428571429e+01 -1.9088425714285716e+01 -1.9248994285714286e+01 -1.9342195714285715e+01 -1.9402255714285715e+01 -1.9440064285714286e+01 -1.9461844285714285e+01 -1.9479570000000002e+01 -1.9509882857142856e+01 -1.9567255714285714e+01 -1.9656120000000001e+01 -1.9764548571428570e+01 -1.9861851428571427e+01 -1.9901027142857142e+01 -1.9826117142857143e+01 -1.9577155714285713e+01 -1.9081731428571427e+01 -1.8233914285714285e+01 -1.6903165714285716e+01 -1.5030557142857143e+01 -1.2779042571428571e+01 -1.0583760000000000e+01 -8.9904304285714272e+00 -8.4113322857142858e+00 -8.9904351428571427e+00 -1.0583769428571429e+01 -1.2779136857142857e+01 -1.5030557142857143e+01 -1.6903212857142858e+01 -1.8233961428571430e+01 -1.9081731428571427e+01 -1.9577155714285713e+01 -1.9826164285714285e+01 -1.9901074285714284e+01 -1.9861898571428572e+01 -1.9764548571428570e+01 -1.9656167142857139e+01 -1.9567302857142856e+01 -1.9509930000000001e+01 -1.9479617142857141e+01 -1.9461891428571430e+01 -1.9440111428571431e+01 -1.9402302857142857e+01 -1.9342195714285715e+01 -1.9249041428571427e+01 -1.9088472857142854e+01 -1.8789351428571429e+01 -1.8251828571428572e+01 -1.7376951428571427e+01 -1.6106970000000000e+01 -1.4459247000000001e+01 -1.2534917999999999e+01 -1.0491567428571429e+01 -8.4994422857142844e+00
   1.0000000000000000e-03 -5.5662797142857139e+00 -6.8453455714285711e+00 -8.1619135714285722e+00 -9.4118969999999997e+00 -1.0496432571428572e+01 -1.1348412428571427e+01 -1.1950855714285714e+01 -1.2334174285714285e+01 -1.2556999714285714e+01 -1.2681362571428572e+01 -1.2753774000000000e+01 -1.2799229142857142e+01 -1.2827849571428571e+01 -1.2845584714285714e+01 -1.2860543142857143e+01 -1.2882983142857142e+01 -1.2921315000000000e+01 -1.2977146285714285e+01 -1.3041519857142857e+01 -1.3093674000000000e+01 -1.3102414285714286e+01 -1.3030446000000000e+01 -1.2835642285714286e+01 -1.2466433571428572e+01 -1.1853760285714285e+01 -1.0924244571428572e+01 -9.6610139999999998e+00 -8.1830712857142860e+00 -6.7657165714285714e+00 -5.7428768571428570e+00 -5.3715891428571432e+00 -5.7431078571428564e+00 -6.7657259999999999e+00 -8.1830335714285702e+00 -9.6610092857142860e+00 -1.0924277571428570e+01 -1.1853793285714286e+01 -1.2466466571428571e+01 -1.2835670571428571e+01 -1.3030497857142857e+01 -1.3102452000000000e+01 -1.3093706999999998e+01 -1.3041562285714287e+01 -1.2977198142857143e+01 -1.2921333857142857e+01 -1.2883001999999999e+01 -1.2860566714285715e+01 -1.2845617714285714e+01 -1.2827887285714286e+01 -1.2799262142857144e+01 -1.2753806999999998e+01 -1.2681405000000000e+01 -1.2557037428571428e+01 -1.2334207285714285e+01 -1.1950883999999999e+01 -1.1348440714285713e+01 -1.0496456142857143e+01 -9.4119394285714275e+00 -8.1619371428571412e+00 -6.8453691428571419e+00 -5.5662750000000001e+00
   5.0000000000000001e-04 -2.7536472857142860e+00 -3.3790397142857143e+00 -4.0240200000000002e+00 -4.6392389999999999e+00 -5.1771060000000002e+00 -5.6043240000000001e+00 -5.9108562857142859e+00 -6.1096765714285715e+00 -6.2279155714285714e+00 -6.2952497142857142e+00 -6.3346045714285708e+00 -6.3590434285714288e+00 -6.3744402857142859e+00 -6.3842742857142856e+00 -6.3926704285714280e+00 -6.4045127142857146e+00 -6.4236291428571430e+00 -6.4504817142857140e+00 -6.4802854285714284e+00 -6.5025179999999994e+00 -6.5017448571428567e+00 -6.4590145714285709e+00 -6.3528771428571424e+00 -6.1568712857142849e+00 -5.8368608571428577e+00 -5.3603738571428572e+00 -4.7251898571428574e+00 -3.9935280000000004e+00 -3.2983311428571427e+00 -2.7988290000000000e+00 -2.6177532857142856e+00 -2.7988337142857143e+00 -3.2983405714285712e+00 -3.9935468571428570e+00 -4.7252134285714282e+00 -5.3604021428571427e+00 -5.8368702857142853e+00 -6.1569089999999997e+00 -6.3529101428571426e+00 -6.4590617142857143e+00 -6.5017825714285715e+00 -6.5025510000000004e+00 -6.4803231428571433e+00 -6.4505477142857144e+00 -6.4236715714285717e+00 -6.4045504285714285e+00 -6.3927081428571428e+00 -6.3843072857142857e+00 -6.3744732857142861e+00 -6.3590764285714290e+00 -6.3346422857142857e+00 -6.2952874285714282e+00 -6.2279532857142854e+00 -6.1097095714285707e+00 -5.9108845714285714e+00 -5.6043570000000003e+00 -5.1771389999999995e+00 -4.6392720000000001e+00 -4.0240718571428564e+00 -3.3790680000000002e+00 -2.7536472857142860e+00
   0.0000000000000000e+00  3.6914271428571425e-05  1.4435934857142856e-05  2.0940527142857142e-05  1.5249205714285713e-05  1.5209322857142855e-05 -2.2724412857142855e-07  1.5222569999999998e-05  1.5899965714285715e-05  1.6891332857142858e-05  1.7631711428571430e-05  1.8130482857142857e-05  1.8042655714285716e-05  1.7639772857142855e-05  1.7637274285714286e-05  1.7643827142857141e-05  1.7952707142857142e-05  1.8467412857142856e-05  1.8623031428571427e-05  1.8452232857142855e-05  1.8049774285714286e-05  1.7231280000000001e-05  1.6917308571428572e-05  1.7198987142857145e-05  1.7286861428571426e-05  1.6478691428571428e-05  1.4424785571428572e-05  1.1374873714285713e-05  8.0904167142857152e-06  3.2470302857142853e-05  2.4102304285714284e-06 -2.2380411428571429e-11 -2.4048797142857143e-06 -5.0292895714285714e-06 -8.0269341428571420e-06 -1.1267298428571428e-05 -1.4242734000000000e-05 -1.6219547142857143e-05 -1.7466758571428571e-05 -1.6802940000000001e-05 -1.6539929999999999e-05 -1.6741465714285717e-05 -1.7359461428571429e-05 -1.8022855714285713e-05 -1.8191344285714286e-05 -1.7938564285714286e-05 -1.7569200000000001e-05 -1.7268994285714286e-05 -1.7337445714285714e-05 -1.7416457142857142e-05 -1.7798832857142855e-05 -1.8191721428571429e-05 -1.7894579999999998e-05 -1.6899724285714285e-05 -1.6109232857142857e-05 -1.5453522857142859e-05 -1.5225257142857142e-05 -1.5567420000000001e-05 -1.5706208571428569e-05 -1.5523011428571428e-05  8.5146788571428562e-06 -7.0777551428571426e-06
  -5.0000000000000001e-04  2.7536472857142860e+00  3.3790538571428574e+00  4.0240482857142856e+00  4.6392672857142863e+00  5.1771342857142857e+00  5.6043617142857141e+00  5.9108892857142852e+00  6.1097095714285707e+00  6.2279532857142854e+00  6.2952874285714282e+00  6.3346422857142857e+00  6.3590764285714290e+00  6.3744779999999999e+00  6.3843072857142857e+00  6.3926987142857135e+00  6.4045504285714285e+00  6.4236621428571423e+00  6.4505194285714280e+00  6.4803231428571433e+00  6.5025557142857142e+00  6.5017825714285715e+00  6.4590475714285711e+00  6.3529101428571426e+00  6.1569089999999997e+00  5.8368702857142853e+00  5.3604021428571427e+00  4.7252134285714282e+00  3.9935468571428570e+00  3.2983405714285712e+00  2.7988337142857143e+00  2.6177532857142856e+00  2.7988290000000000e+00  3.2983311428571427e+00  3.9935280000000004e+00  4.7251898571428574e+00  5.3603738571428572e+00  5.8368608571428577e+00  6.1568760000000005e+00  6.3528771428571424e+00  6.4590145714285709e+00  6.5017495714285714e+00  6.5025132857142856e+00  6.4802854285714284e+00  6.4505099999999995e+00  6.4236338571428568e+00  6.4045221428571431e+00  6.3926704285714280e+00  6.3842742857142856e+00  6.3744402857142859e+00  6.3590434285714288e+00  6.3346045714285708e+00  6.2952497142857142e+00  6.2279155714285714e+00  6.1096765714285715e+00  5.9108562857142859e+00  5.6043287142857139e+00  5.1771060000000002e+00  4.6392342857142852e+00  4.0240341428571433e+00  3.3790397142857143e+00  2.7536472857142860e+00
  -1.0000000000000000e-03  5.5662938571428571e+00  6.8453455714285711e+00  8.1619512857142862e+00  9.4119252857142861e+00  1.0496432571428572e+01  1.1348436000000000e+01  1.1950883999999999e+01  1.2334211999999999e+01  1.2557037428571428e+01  1.2681400285714286e+01  1.2753811714285716e+01  1.2799262142857144e+01  1.2827887285714286e+01  1.2845617714285714e+01  1.2860571428571429e+01  1.2883011428571429e+01  1.2921343285714284e+01  1.2977198142857143e+01  1.3041552857142857e+01  1.3093706999999998e+01  1.3102452000000000e+01  1.3030464857142857e+01  1.2835684714285714e+01  1.2466490142857143e+01  1.1853793285714286e+01  1.0924277571428570e+01  9.6610092857142860e+00  8.1831372857142863e+00  6.7657259999999999e+00  5.7431031428571426e+00  5.3715891428571432e+00  5.7428768571428570e+00  6.7657165714285714e+00  8.1830759999999998e+00  9.6610139999999998e+00  1.0924220999999999e+01  1.1853764999999999e+01  1.2466433571428572e+01  1.2835628142857143e+01  1.3030450714285715e+01  1.3102414285714286e+01  1.3093678714285714e+01  1.3041519857142857e+01  1.2977165142857142e+01  1.2921300857142857e+01  1.2882978428571429e+01  1.2860543142857143e+01  1.2845580000000000e+01  1.2827849571428571e+01  1.2799219714285714e+01  1.2753774000000000e+01  1.2681362571428572e+01  1.2556999714285714e+01  1.2334174285714285e+01  1.1950860428571428e+01  1.1348417142857143e+01  1.0496427857142857e+01  9.4118969999999997e+00  8.1619041428571428e+00  6.8453455714285711e+00  5.5662561428571422e+00
  -1.5000000000000000e-03  8.4994470000000000e+00  1.0491567428571429e+01  1.2534932142857143e+01  1.4459232857142856e+01  1.6106970000000000e+01  1.7376951428571427e+01  1.8251828571428572e+01  1.8789351428571429e+01  1.9088472857142854e+01  1.9249041428571427e+01  1.9342195714285715e+01  1.9402302857142857e+01  1.9440111428571431e+01  1.9461891428571430e+01  1.9479617142857141e+01  1.9509882857142856e+01  1.9567302857142856e+01  1.9656167142857139e+01  1.9764595714285715e+01  1.9861898571428572e+01  1.9901074285714284e+01  1.9826164285714285e+01  1.9577155714285713e+01  1.9081919999999997e+01  1.8234008571428568e+01  1.6903212857142858e+01  1.5030557142857143e+01  1.2779136857142857e+01  1.0583769428571429e+01  8.9904351428571427e+00  8.4113322857142858e+00  8.9904304285714272e+00  1.0583760000000000e+01  1.2779014285714284e+01  1.5030557142857143e+01  1.6903165714285716e+01  1.8233914285714285e+01  1.9081684285714285e+01  1.9577155714285713e+01  1.9826164285714285e+01  1.9901074285714284e+01  1.9861851428571427e+01  1.9764548571428570e+01  1.9656120000000001e+01  1.9567255714285714e+01  1.9509882857142856e+01  1.9479570000000002e+01  1.9461844285714285e+01  1.9440064285714286e+01  1.9402255714285715e+01  1.9342195714285715e+01  1.9248994285714286e+01  1.9088425714285716e+01  1.8789304285714284e+01  1.8251781428571427e+01  1.7376904285714286e+01  1.6106922857142859e+01  1.4459213999999999e+01  1.2534880285714285e+01  1.0491529714285715e+01  8.4994187142857154e+00
  -2.0000000000000000e-03  1.1620035428571429e+01  1.4422122000000000e+01  1.7280167142857142e+01  1.9939260000000001e+01  2.2171851428571426e+01  2.3844102857142857e+01  2.4950687142857142e+01  2.5592820000000000e+01  2.5923291428571428e+01  2.6088338571428572e+01  2.6184792857142856e+01  2.6251169999999998e+01  2.6292797142857140e+01  2.6312974285714283e+01  2.6327399999999997e+01  2.6360918571428570e+01  2.6436488571428569e+01  2.6563962857142858e+01  2.6730329999999999e+01  2.6895801428571428e+01  2.6996970000000001e+01  2.6958171428571426e+01  2.6705768571428571e+01  2.6155375714285714e+01  2.5165847142857142e+01  2.3524474285714284e+01  2.1082521428571429e+01  1.8019414285714284e+01  1.4961634285714284e+01  1.2726624428571428e+01  1.1915008285714286e+01  1.2726619714285714e+01  1.4961634285714284e+01  1.8019602857142857e+01  2.1082521428571429e+01  2.3524474285714284e+01  2.5165847142857142e+01  2.6155328571428573e+01  2.6705674285714288e+01  2.6958171428571426e+01  2.6996922857142856e+01  2.6895801428571428e+01  2.6730282857142857e+01  2.6563915714285717e+01  2.6436488571428569e+01  2.6360871428571429e+01  2.6327399999999997e+01  2.6312927142857141e+01  2.6292750000000002e+01  2.6251169999999998e+01  2.6184745714285715e+01  2.6088291428571427e+01  2.5923244285714286e+01  2.5592772857142858e+01  2.4950640000000000e+01  2.3844055714285712e+01  2.2171851428571426e+01  1.9939212857142856e+01  1.7280120000000000e+01  1.4422079571428570e+01  1.1619988285714285e+01
  -2.5000000000000001e-03  1.5004675714285714e+01  1.8761961428571428e+01  2.2561722857142854e+01  2.6037094285714286e+01  2.8876650000000001e+01  3.0918642857142853e+01  3.2191688571428571e+01  3.2864228571428569e+01  3.3161841428571428e+01  3.3288514285714285e+01  3.3366959999999999e+01  3.3431168571428564e+01  3.3470862857142855e+01  3.3481847142857141e+01  3.3484345714285716e+01  3.3513715714285709e+01  3.3605031428571429e+01  3.3777149999999999e+01  3.4019417142857144e+01  3.4284218571428575e+01  3.4489808571428576e+01  3.4538601428571425e+01  3.4346965714285716e+01  3.3837209999999999e+01  3.2844098571428574e+01  3.1040224285714284e+01  2.8107844285714286e+01  2.4188622857142857e+01  2.0151355714285714e+01  1.7184844285714284e+01  1.6113145714285714e+01  1.7184844285714284e+01  2.0151355714285714e+01  2.4188622857142857e+01  2.8107844285714286e+01  3.1040224285714284e+01  3.2844051428571433e+01  3.3837162857142857e+01  3.4346871428571426e+01  3.4538601428571425e+01  3.4489808571428576e+01  3.4284218571428575e+01  3.4019370000000002e+01  3.3777102857142857e+01  3.3604984285714281e+01  3.3513668571428575e+01  3.3484298571428567e+01  3.3481847142857141e+01  3.3470815714285713e+01  3.3431168571428564e+01  3.3366865714285716e+01  3.3288420000000002e+01  3.3161841428571428e+01  3.2864181428571428e+01  3.2191688571428571e+01  3.0918595714285715e+01  2.8876602857142856e+01  2.6037047142857144e+01  2.2561722857142854e+01  1.8761914285714287e+01  1.5004628571428571e+01
  -3.0000000000000001e-03  1.8744754285714286e+01  2.3669532857142858e+01  2.8586155714285717e+01  3.2979210000000002e+01  3.6438600000000001e+01  3.8788907142857141e+01  4.0128047142857142e+01  4.0725394285714287e+01  4.0902792857142856e+01  4.0936594285714285e+01  4.0974685714285712e+01  4.1031162857142853e+01  4.1063974285714288e+01  4.1056289999999997e+01  4.1034557142857146e+01  4.1048794285714287e+01  4.1150575714285715e+01  4.1372854285714283e+01  4.1712235714285718e+01  4.2116108571428569e+01  4.2481229999999996e+01  4.2680219999999998e+01  4.2623177142857145e+01  4.2269935714285715e+01  4.1466008571428574e+01  3.9734451428571433e+01  3.6457362857142854e+01  3.1637382857142857e+01  2.6469017142857144e+01  2.2676704285714287e+01  2.1328701428571428e+01  2.2676751428571428e+01  2.6469017142857144e+01  3.1637477142857147e+01  3.6457127142857139e+01  3.9734451428571433e+01  4.1465961428571426e+01  4.2269935714285715e+01  4.2623035714285713e+01  4.2680125714285715e+01  4.2481135714285713e+01  4.2116108571428569e+01  4.1712188571428570e+01  4.1372712857142858e+01  4.1150481428571425e+01  4.1048841428571428e+01  4.1034509999999997e+01  4.1056195714285714e+01  4.1063879999999997e+01  4.1031115714285718e+01  4.0974685714285712e+01  4.0936594285714285e+01  4.0902792857142856e+01  4.0725252857142856e+01  4.0128000000000000e+01  3.8788765714285717e+01  3.6438600000000001e+01  3.2979162857142853e+01  2.8586155714285717e+01  2.3669580000000000e+01  1.8744707142857141e+01
  -3.5000000000000001e-03  2.2955931428571429e+01  2.9358874285714286e+01  3.5626092857142851e+01  4.1051717142857143e+01  4.5118354285714290e+01  4.7666425714285715e+01  4.8922547142857141e+01  4.9299030000000002e+01  4.9241185714285713e+01  4.9116964285714282e+01  4.9096268571428574e+01  4.9146287142857140e+01  4.9169387142857140e+01  4.9130730000000000e+01  4.9068831428571428e+01  4.9052142857142854e+01  4.9154065714285714e+01  4.9429097142857138e+01  4.9889022857142855e+01  5.0480854285714287e+01  5.1076032857142856e+01  5.1499800000000000e+01  5.1651458571428570e+01  5.1581828571428566e+01  5.1224438571428571e+01  4.9929188571428568e+01  4.6569647142857143e+01  4.0811854285714283e+01  3.4316181428571426e+01  2.9636404285714285e+01  2.8041561428571431e+01  2.9636404285714285e+01  3.4316134285714284e+01  4.0811901428571431e+01  4.6569694285714284e+01  4.9929141428571434e+01  5.1224344285714288e+01  5.1581781428571425e+01  5.1651411428571421e+01  5.1499705714285710e+01  5.1075985714285714e+01  5.0480854285714287e+01  4.9888975714285714e+01  4.9429050000000004e+01  4.9153971428571431e+01  4.9052048571428571e+01  4.9068737142857145e+01  4.9130730000000000e+01  4.9169339999999998e+01  4.9146239999999999e+01  4.9096032857142859e+01  4.9117058571428572e+01  4.9241185714285713e+01  4.9298935714285712e+01  4.8922499999999999e+01  4.7666472857142857e+01  4.5118354285714290e+01  4.1051717142857143e+01  3.5625998571428575e+01  2.9358827142857141e+01  2.2955884285714284e+01
  -4.0000000000000001e-03  2.7794721428571428e+01  3.6138629999999999e+01  4.4056697142857139e+01  5.0626761428571427e+01  5.5234174285714282e+01  5.7790872857142851e+01  5.8747637142857144e+01  5.8709027142857146e+01  5.8267722857142857e+01  5.7910710000000002e+01  5.7823637142857137e+01  5.7883272857142856e+01  5.7897227142857140e+01  5.7811568571428573e+01  5.7687771428571423e+01  5.7618047142857144e+01  5.7703139999999998e+01  5.8027577142857147e+01  5.8630722857142857e+01  5.9470101428571432e+01  6.0387124285714279e+01  6.1125852857142853e+01  6.1546461428571426e+01  6.1873632857142852e+01  6.2287782857142851e+01  6.1989415714285720e+01  5.9010364285714289e+01  5.2287509999999997e+01  4.4202698571428570e+01  3.8700844285714282e+01  3.7021332857142859e+01  3.8700844285714282e+01  4.4202604285714280e+01  5.2287557142857139e+01  5.9010600000000004e+01  6.1989274285714288e+01  6.2287641428571433e+01  6.1873585714285717e+01  6.1546461428571426e+01  6.1125852857142853e+01  6.0387218571428569e+01  5.9470007142857142e+01  5.8630722857142857e+01  5.8027482857142857e+01  5.7703045714285714e+01  5.7617999999999995e+01  5.7687771428571423e+01  5.7811521428571425e+01  5.7897132857142857e+01  5.7883272857142856e+01  5.7823684285714286e+01  5.7910615714285711e+01  5.8267440000000001e+01  5.8709027142857146e+01  5.8747825714285717e+01  5.7790825714285717e+01  5.5234079999999999e+01  5.0626808571428569e+01  4.4056744285714281e+01  3.6138629999999999e+01  2.7794721428571428e+01
  -4.4999999999999997e-03  3.3488871428571429e+01  4.4489468571428574e+01  5.4416622857142855e+01  6.2199578571428574e+01  6.7180740000000000e+01  6.9432659999999998e+01  6.9789484285714281e+01  6.9083897142857140e+01  6.8068864285714284e+01  6.7398257142857148e+01  6.7262674285714283e+01  6.7373271428571428e+01  6.7381144285714285e+01  6.7224771428571430e+01  6.7012251428571432e+01  6.6859555714285705e+01  6.6900852857142851e+01  6.7259138571428565e+01  6.8024078571428561e+01  6.9181435714285712e+01  7.0545184285714285e+01  7.1715270000000004e+01  7.2429672857142862e+01  7.3204512857142845e+01  7.4768005714285721e+01  7.6318534285714279e+01  7.4535308571428573e+01  6.6824057142857143e+01  5.6752928571428569e+01  5.0838621428571429e+01  4.9587921428571427e+01  5.0838621428571429e+01  5.6752881428571428e+01  6.6824104285714284e+01  7.4535214285714275e+01  7.6318534285714279e+01  7.4767911428571423e+01  7.3204512857142845e+01  7.2429625714285706e+01  7.1715317142857145e+01  7.0545231428571427e+01  6.9181341428571429e+01  6.8023984285714278e+01  6.7259185714285707e+01  6.6900947142857149e+01  6.6859461428571436e+01  6.7012204285714276e+01  6.7224771428571430e+01  6.7381191428571427e+01  6.7373318571428570e+01  6.7262580000000000e+01  6.7398162857142850e+01  6.8068769999999986e+01  6.9083944285714281e+01  6.9789389999999997e+01  6.9432659999999998e+01  6.7180645714285717e+01  6.2199342857142852e+01  5.4416528571428572e+01  4.4489280000000001e+01  3.3488824285714287e+01
  -5.0000000000000001e-03  4.0399637142857145e+01  5.5227055714285719e+01  6.7506827142857148e+01  7.6443792857142853e+01  8.1460830000000001e+01  8.2901044285714278e+01  8.2258487142857135e+01  8.0573884285714286e+01  7.8740545714285702e+01  7.7674221428571428e+01  7.7554525714285717e+01  7.7801554285714289e+01  7.7803722857142844e+01  7.7538874285714286e+01  7.7207224285714275e+01  7.6931155714285708e+01  7.6890377142857133e+01  7.7246305714285711e+01  7.8176481428571435e+01  7.9733939999999990e+01  8.1719455714285715e+01  8.3496741428571426e+01  8.4460058571428576e+01  8.5584227142857145e+01  8.8664400000000001e+01  9.3341537142857135e+01  9.4210238571428576e+01  8.5450765714285708e+01  7.2649830000000009e+01  6.7586969999999994e+01  6.8175690000000003e+01  6.7587017142857135e+01  7.2649830000000009e+01  8.5450907142857147e+01  9.4210285714285718e+01  9.3341207142857144e+01  8.8664069999999995e+01  8.5584321428571428e+01  8.4460011428571434e+01  8.3496929999999992e+01  8.1719502857142857e+01  7.9733751428571438e+01  7.8176387142857138e+01  7.7246211428571428e+01  7.6890235714285723e+01  7.6931297142857147e+01  7.7207082857142865e+01  7.7538921428571427e+01  7.7803675714285703e+01  7.7801648571428572e+01  7.7554525714285717e+01  7.7674127142857131e+01  7.8740404285714291e+01  8.0573884285714286e+01  8.2258487142857135e+01  8.2901185714285717e+01  8.1460735714285718e+01  7.6443840000000009e+01  6.7506685714285709e+01  5.5226961428571428e+01  4.0399684285714279e+01
# Longitudinally Integrated Squared Transverse Magnetic Field [T2m]
START
                          -2.9999999999999999e-02 -2.9000000000000001e-02 -2.8000000000000001e-02 -2.7000000000000000e-02 -2.5999999999999999e-02 -2.5000000000000001e-02 -2.4000000000000000e-02 -2.3000000000000000e-02 -2.1999999999999999e-02 -2.1000000000000001e-02 -2.0000000000000000e-02 -1.9000000000000000e-02 -1.7999999999999999e-02 -1.7000000000000001e-02 -1.6000000000000000e-02 -1.4999999999999999e-02 -1.4000000000000000e-02 -1.2999999999999999e-02 -1.2000000000000000e-02 -1.0999999999999999e-02 -1.0000000000000000e-02 -8.9999999999999993e-03 -8.0000000000000002e-03 -7.0000000000000001e-03 -6.0000000000000001e-03 -5.0000000000000001e-03 -4.0000000000000001e-03 -3.0000000000000001e-03 -2.0000000000000000e-03 -1.0000000000000000e-03  0.0000000000000000e+00  1.0000000000000000e-03  2.0000000000000000e-03  3.0000000000000001e-03  4.0000000000000001e-03  5.0000000000000001e-03  6.0000000000000001e-03  7.0000000000000001e-03  8.0000000000000002e-03  8.9999999999999993e-03  1.0000000000000000e-02  1.0999999999999999e-02  1.2000000000000000e-02  1.2999999999999999e-02  1.4000000000000000e-02  1.4999999999999999e-02  1.6000000000000000e-02  1.7000000000000001e-02  1.7999999999999999e-02  1.9000000000000000e-02  2.0000000000000000e-02  2.1000000000000001e-02  2.1999999999999999e-02  2.3000000000000000e-02  2.4000000000000000e-02  2.5000000000000001e-02  2.5999999999999999e-02  2.7000000000000000e-02  2.8000000000000001e-02  2.9000000000000001e-02  2.9999999999999999e-02
   5.0000000000000001e-03  3.5188654285714288e-01  3.9605374285714284e-01  4.2333248571428572e-01  4.3379254285714286e-01  4.3342105714285717e-01  4.2773185714285711e-01  4.2027149999999996e-01  4.1312464285714284e-01  4.0731381428571428e-01  4.0310207142857141e-01  4.0048092857142853e-01  3.9945510000000001e-01  4.0008304285714286e-01  4.0245951428571425e-01  4.0671651428571431e-01  4.1304025714285714e-01  4.2171784285714287e-01  4.3324332857142855e-01  4.4844595714285712e-01  4.6833411428571425e-01  4.9361400000000005e-01  5.2468680000000001e-01  5.6206448571428569e-01  6.0658195714285712e-01  6.5951772857142854e-01  7.2251802857142855e-01  7.9653561428571429e-01  8.7973097142857137e-01  9.6438681428571438e-01  1.0327750714285715e+00  1.0599293571428572e+00  1.0327750714285715e+00  9.6438681428571438e-01  8.7973097142857137e-01  7.9653561428571429e-01  7.2251802857142855e-01  6.5951772857142854e-01  6.0658195714285712e-01  5.6206448571428569e-01  5.2468680000000001e-01  4.9361352857142854e-01  4.6833411428571425e-01  4.4844595714285712e-01  4.3324332857142855e-01  4.2171784285714287e-01  4.1304025714285714e-01  4.0671651428571431e-01  4.0245951428571425e-01  4.0008304285714286e-01  3.9945510000000001e-01  4.0048045714285713e-01  4.0310207142857141e-01  4.0731381428571428e-01  4.1312464285714284e-01  4.2027149999999996e-01  4.2773185714285711e-01  4.3342105714285717e-01  4.3379254285714286e-01  4.2333248571428572e-01  3.9605374285714284e-01  3.5188654285714288e-01
   4.4999999999999997e-03  2.9399652857142855e-01  3.2373094285714288e-01  3.4214682857142859e-01  3.4909757142857140e-01  3.4805241428571426e-01  3.4277099999999999e-01  3.3598337142857143e-01  3.2939232857142853e-01  3.2390678571428572e-01  3.1988880000000003e-01  3.1745151428571428e-01  3.1665621428571428e-01  3.1757738571428573e-01  3.2032109999999997e-01  3.2503302857142857e-01  3.3191871428571429e-01  3.4128081428571427e-01  3.5357802857142856e-01  3.6947412857142858e-01  3.8974225714285710e-01  4.1504194285714285e-01  4.4588138571428571e-01  4.8277349999999997e-01  5.2634481428571434e-01  5.7733311428571421e-01  6.3634795714285708e-01  7.0301172857142857e-01  7.7440534285714291e-01  8.4303638571428574e-01  8.9538334285714283e-01  9.1539925714285719e-01  8.9538334285714283e-01  8.4303638571428574e-01  7.7440534285714291e-01  7.0301172857142857e-01  6.3634795714285708e-01  5.7733311428571421e-01  5.2634481428571434e-01  4.8277349999999997e-01  4.4588138571428571e-01  4.1504194285714285e-01  3.8974225714285710e-01  3.6947412857142858e-01  3.5357802857142856e-01  3.4128081428571427e-01  3.3191871428571429e-01  3.2503255714285717e-01  3.2032109999999997e-01  3.1757738571428573e-01  3.1665621428571428e-01  3.1745151428571428e-01  3.1988880000000003e-01  3.2390678571428572e-01  3.2939232857142853e-01  3.3598337142857143e-01  3.4277099999999999e-01  3.4805241428571426e-01  3.4909757142857140e-01  3.4214635714285713e-01  3.2373094285714288e-01  2.9399605714285709e-01
   4.0000000000000001e-03  2.4627711428571430e-01  2.6549631428571424e-01  2.7661919999999995e-01  2.7971271428571431e-01  2.7703122857142859e-01  2.7122087142857143e-01  2.6436205714285715e-01  2.5782240000000001e-01  2.5237787142857143e-01  2.4839712857142857e-01  2.4603810000000001e-01  2.4538894285714288e-01  2.4653310000000001e-01  2.4958041428571429e-01  2.5468268571428571e-01  2.6205441428571424e-01  2.7199589999999996e-01  2.8493237142857142e-01  3.0142577142857141e-01  3.2212148571428573e-01  3.4763425714285712e-01  3.7849302857142858e-01  4.1517959999999998e-01  4.5813569999999998e-01  5.0768472857142855e-01  5.6373098571428570e-01  6.2505677142857141e-01  6.8820274285714289e-01  7.4626247142857138e-01  7.8870141428571428e-01  8.0449662857142856e-01  7.8870141428571428e-01  7.4626247142857138e-01  6.8820274285714289e-01  6.2505677142857141e-01  5.6373098571428570e-01  5.0768472857142855e-01  4.5813569999999998e-01  4.1517959999999998e-01  3.7849302857142858e-01  3.4763378571428571e-01  3.2212148571428573e-01  3.0142577142857141e-01  2.8493237142857142e-01  2.7199589999999996e-01  2.6205394285714284e-01  2.5468268571428571e-01  2.4957994285714286e-01  2.4653310000000001e-01  2.4538894285714288e-01  2.4603810000000001e-01  2.4839712857142857e-01  2.5237787142857143e-01  2.5782240000000001e-01  2.6436205714285715e-01  2.7122087142857143e-01  2.7703122857142859e-01  2.7971271428571431e-01  2.7661872857142861e-01  2.6549631428571424e-01  2.4627711428571430e-01
   3.5000000000000001e-03  2.0702267142857142e-01  2.1839541428571427e-01  2.2363015714285714e-01  2.2306067142857142e-01  2.1836430000000001e-01  2.1151349999999999e-01  2.0412621428571429e-01  1.9730134285714285e-01  1.9168615714285714e-01  1.8761442857142857e-01  1.8524644285714284e-01  1.8467365714285716e-01  1.8597951428571430e-01  1.8927197142857144e-01  1.9470330000000000e-01  2.0248847142857143e-01  2.1292118571428573e-01  2.2639885714285715e-01  2.4342167142857141e-01  2.6456335714285711e-01  2.9039811428571427e-01  3.2144310000000004e-01  3.5812872857142858e-01  4.0074492857142857e-01  4.4930018571428570e-01  5.0321369999999999e-01  5.6073741428571433e-01  6.1816731428571425e-01  6.6920700000000000e-01  7.0536792857142860e-01  7.1856934285714280e-01  7.0536792857142860e-01  6.6920700000000000e-01  6.1816731428571425e-01  5.6073741428571433e-01  5.0321369999999999e-01  4.4930018571428570e-01  4.0074492857142857e-01  3.5812872857142858e-01  3.2144310000000004e-01  2.9039811428571427e-01  2.6456335714285711e-01  2.4342167142857141e-01  2.2639838571428572e-01  2.1292118571428573e-01  2.0248800000000000e-01  1.9470330000000000e-01  1.8927197142857144e-01  1.8597951428571430e-01  1.8467365714285716e-01  1.8524644285714284e-01  1.8761442857142857e-01  1.9168615714285714e-01  1.9730134285714285e-01  2.0412621428571429e-01  2.1151349999999999e-01  2.1836430000000001e-01  2.2306067142857142e-01  2.2363015714285714e-01  2.1839541428571427e-01  2.0702267142857142e-01
   3.0000000000000001e-03  1.7496835714285713e-01  1.8041288571428571e-01  1.8095314285714287e-01  1.7714777142857141e-01  1.7040304285714283e-01  1.6229965714285716e-01  1.5414488571428570e-01  1.4683764857142859e-01  1.4091603428571428e-01  1.3666398428571430e-01  1.3422212571428571e-01  1.3367178000000002e-01  1.3508846999999999e-01  1.3857430714285715e-01  1.4427765000000001e-01  1.5240908571428571e-01  1.6325665714285714e-01  1.7719491428571427e-01  1.9468962857142857e-01  2.1626974285714284e-01  2.4247692857142858e-01  2.7380477142857146e-01  3.1062899999999999e-01  3.5311320000000002e-01  4.0103108571428570e-01  4.5346478571428567e-01  5.0832634285714284e-01  5.6181887142857145e-01  6.0816548571428575e-01  6.4026599999999989e-01  6.5182589999999996e-01  6.4026599999999989e-01  6.0816548571428575e-01  5.6181887142857145e-01  5.0832634285714284e-01  4.5346478571428567e-01  4.0103108571428570e-01  3.5311320000000002e-01  3.1062899999999999e-01  2.7380477142857146e-01  2.4247692857142858e-01  2.1626974285714284e-01  1.9468962857142857e-01  1.7719491428571427e-01  1.6325665714285714e-01  1.5240908571428571e-01  1.4427760285714286e-01  1.3857426000000000e-01  1.3508846999999999e-01  1.3367168571428573e-01  1.3422207857142857e-01  1.3666393714285716e-01  1.4091598714285714e-01  1.4683760142857144e-01  1.5414488571428570e-01  1.6229965714285716e-01  1.7040304285714283e-01  1.7714777142857141e-01  1.8095267142857141e-01  1.8041288571428571e-01  1.7496835714285713e-01
   2.5000000000000001e-03  1.4916565714285715e-01  1.5012312857142857e-01  1.4697356142857143e-01  1.4044432285714287e-01  1.3181614285714285e-01  1.2244678285714286e-01  1.1344570285714285e-01  1.0557251571428571e-01  9.9277671428571426e-02  9.4795941428571423e-02  9.2240327142857140e-02  9.1674754285714283e-02  9.3162488571428573e-02  9.6796542857142856e-02  1.0271933571428572e-01  1.1113650428571428e-01  1.2232812428571428e-01  1.3665644142857142e-01  1.5456398571428573e-01  1.7655235714285714e-01  2.0313998571428571e-01  2.3479169999999999e-01  2.7183467142857143e-01  3.1432924285714287e-01  3.6187517142857145e-01  4.1331557142857145e-01  4.6634468571428572e-01  5.1714252857142862e-01  5.6034047142857146e-01  5.8977788571428569e-01  6.0027660000000005e-01  5.8977788571428569e-01  5.6034047142857146e-01  5.1714252857142862e-01  4.6634468571428572e-01  4.1331557142857145e-01  3.6187517142857145e-01  3.1432924285714287e-01  2.7183467142857143e-01  2.3479169999999999e-01  2.0313951428571428e-01  1.7655235714285714e-01  1.5456398571428573e-01  1.3665639428571427e-01  1.2232812428571428e-01  1.1113645714285715e-01  1.0271928857142858e-01  9.6796542857142856e-02  9.3162488571428573e-02  9.1674754285714283e-02  9.2240327142857140e-02  9.4795894285714277e-02  9.9277624285714280e-02  1.0557246857142856e-01  1.1344570285714285e-01  1.2244678285714286e-01  1.3181609571428574e-01  1.4044427571428572e-01  1.4697356142857143e-01  1.5012312857142857e-01  1.4916565714285715e-01
   2.0000000000000000e-03  1.2890101714285715e-01  1.2649965428571427e-01  1.2051387857142858e-01  1.1178872571428571e-01  1.0155000428571428e-01  9.1030877142857153e-02  8.1219552857142857e-02  7.2782678571428575e-02  6.6106354285714292e-02  6.1382969999999995e-02  5.8697665714285717e-02  5.8094944285714281e-02  5.9624164285714279e-02  6.3368438571428570e-02  6.9463255714285715e-02  7.8108878571428578e-02  8.9579631428571421e-02  1.0422880285714285e-01  1.2248539285714284e-01  1.4483473714285713e-01  1.7177537142857141e-01  2.0374907142857143e-01  2.4103954285714285e-01  2.8362792857142860e-01  3.3098339999999998e-01  3.8178171428571428e-01  4.3357427142857147e-01  4.8254815714285715e-01  5.2363881428571424e-01  5.5132015714285709e-01  5.6112587142857140e-01  5.5132015714285709e-01  5.2363881428571424e-01  4.8254815714285715e-01  4.3357427142857147e-01  3.8178171428571428e-01  3.3098339999999998e-01  2.8362792857142860e-01  2.4103954285714285e-01  2.0374907142857143e-01  1.7177537142857141e-01  1.4483473714285713e-01  1.2248539285714284e-01  1.0422875571428571e-01  8.9579584285714289e-02  7.8108831428571432e-02  6.9463208571428570e-02  6.3368391428571424e-02  5.9624117142857133e-02  5.8094897142857142e-02  5.8697665714285717e-02  6.1382969999999995e-02  6.6106307142857146e-02  7.2782631428571429e-02  8.1219552857142857e-02  9.1030877142857153e-02  1.0155000428571428e-01  1.1178867857142856e-01  1.2051387857142858e-01  1.2649960714285713e-01  1.2890097000000000e-01
   1.5000000000000000e-03  1.1364092142857143e-01  1.0880142428571428e-01  1.0071783857142858e-01  9.0314117142857142e-02  7.8793628571428576e-02  6.7321508571428559e-02  5.6814685714285711e-02  4.7880878571428573e-02  4.0861684285714281e-02  3.5916728571428573e-02  3.3107014285714283e-02  3.2459318571428572e-02  3.4009941428571430e-02  3.7832708571428571e-02  4.4056461428571426e-02  5.2876842857142857e-02  6.4563651428571428e-02  7.9464754285714284e-02  9.8001137142857131e-02  1.2064743428571428e-01  1.4788879285714288e-01  1.8014747142857143e-01  2.1767318571428571e-01  2.6038697142857142e-01  3.0766465714285718e-01  3.5806508571428569e-01  4.0904725714285711e-01  4.5681381428571433e-01  4.9651705714285715e-01  5.2305235714285714e-01  5.3240927142857142e-01  5.2305235714285714e-01  4.9651705714285715e-01  4.5681381428571433e-01  4.0904725714285711e-01  3.5806508571428569e-01  3.0766465714285718e-01  2.6038697142857142e-01  2.1767318571428571e-01  1.8014747142857143e-01  1.4788874571428573e-01  1.2064743428571428e-01  9.8001089999999999e-02  7.9464707142857138e-02  6.4563651428571428e-02  5.2876795714285711e-02  4.4056461428571426e-02  3.7832661428571432e-02  3.4009894285714284e-02  3.2459271428571426e-02  3.3106967142857137e-02  3.5916728571428573e-02  4.0861684285714281e-02  4.7880878571428573e-02  5.6814685714285711e-02  6.7321508571428559e-02  7.8793628571428576e-02  9.0314117142857142e-02  1.0071783857142858e-01  1.0880142428571428e-01  1.1364092142857143e-01
   1.0000000000000000e-03  1.0299978857142857e-01  9.6504587142857132e-02  8.6978100000000003e-02  7.5394015714285709e-02  6.2947452857142858e-02  5.0768001428571428e-02  3.9732707142857142e-02  3.0414355714285711e-02  2.3126117142857141e-02  1.8004752857142856e-02  1.5093351428571430e-02  1.4404641428571429e-02  1.5964551428571425e-02  1.9839364285714287e-02  2.6152688571428571e-02  3.5096301428571432e-02  4.6937219999999995e-02  6.2019822857142859e-02  8.0760711428571427e-02  1.0362810857142857e-01  1.3109796857142858e-01  1.6357864285714285e-01  2.0129528571428570e-01  2.4412692857142856e-01  2.9138575714285714e-01  3.4155471428571427e-01  3.9203340000000003e-01  4.3904095714285712e-01  4.7787300000000005e-01  5.0369267142857133e-01  5.1277050000000002e-01  5.0369267142857133e-01  4.7787300000000005e-01  4.3904095714285712e-01  3.9203340000000003e-01  3.4155471428571427e-01  2.9138575714285714e-01  2.4412692857142856e-01  2.0129528571428570e-01  1.6357864285714285e-01  1.3109796857142858e-01  1.0362810857142857e-01  8.0760711428571427e-02  6.2019822857142859e-02  4.6937172857142856e-02  3.5096301428571432e-02  2.6152641428571426e-02  1.9839364285714287e-02  1.5964551428571425e-02  1.4404632000000001e-02  1.5093304285714286e-02  1.8004752857142856e-02  2.3126070000000002e-02  3.0414355714285711e-02  3.9732660000000003e-02  5.0768001428571428e-02  6.2947452857142858e-02  7.5394015714285709e-02  8.6978100000000003e-02  9.6504587142857132e-02  1.0299978857142857e-01
   5.0000000000000001e-04  9.6716070000000001e-02  8.9259861428571438e-02  7.8889187142857142e-02  6.6604984285714292e-02  5.3599872857142856e-02  4.0986612857142855e-02  2.9622450000000002e-02  2.0062067142857142e-02  1.2602916857142857e-02  7.3685369999999988e-03  4.3908762857142857e-03  3.6739748571428571e-03  5.2370151428571430e-03  9.1413959999999995e-03  1.5507359999999998e-02  2.4524374285714287e-02  3.6457645714285711e-02  5.1649997142857139e-02  7.0515578571428567e-02  9.3519171428571427e-02  1.2113159142857143e-01  1.5375265714285713e-01  1.9159281428571429e-01  2.3450601428571430e-01  2.8176861428571426e-01  3.3181877142857141e-01  3.8202497142857139e-01  4.2861578571428571e-01  4.6696885714285713e-01  4.9239630000000006e-01  5.0132138571428575e-01  4.9239630000000006e-01  4.6696885714285713e-01  4.2861578571428571e-01  3.8202497142857139e-01  3.3181877142857141e-01  2.8176861428571426e-01  2.3450601428571430e-01  1.9159281428571429e-01  1.5375265714285713e-01  1.2113159142857143e-01  9.3519171428571427e-02  7.0515578571428567e-02  5.1649997142857139e-02  3.6457645714285711e-02  2.4524374285714287e-02  1.5507312857142857e-02  9.1413865714285707e-03  5.2370104285714286e-03  3.6739701428571427e-03  4.3908715714285713e-03  7.3685322857142853e-03  1.2602912142857142e-02  2.0062067142857142e-02  2.9622402857142856e-02  4.0986612857142855e-02  5.3599872857142856e-02  6.6604937142857146e-02  7.8889139999999996e-02  8.9259861428571438e-02  9.6716070000000001e-02
   0.0000000000000000e+00  9.4638059999999996e-02  8.6866748571428579e-02  7.6218167142857146e-02  6.3701974285714294e-02  5.0510365714285708e-02  3.7751057142857140e-02  2.6275401428571429e-02  1.6632518571428574e-02  9.1148451428571427e-03  3.8415818571428569e-03  8.4097247142857136e-04  1.1405752285714284e-04  1.6777199999999999e-03  5.5916802857142855e-03  1.1975002285714286e-02  2.1016427142857144e-02  3.2980482857142855e-02  4.8209511428571425e-02  6.7117002857142866e-02  9.0166607142857139e-02  1.1782739571428570e-01  1.5049650000000001e-01  1.8837908571428572e-01  2.3132198571428569e-01  2.7858788571428572e-01  3.2860174285714289e-01  3.7872167142857144e-01  4.2518001428571428e-01  4.6338034285714286e-01  4.8868285714285714e-01  4.9755891428571430e-01  4.8868285714285714e-01  4.6338034285714286e-01  4.2518001428571428e-01  3.7872167142857144e-01  3.2860174285714289e-01  2.7858788571428572e-01  2.3132198571428569e-01  1.8837908571428572e-01  1.5049650000000001e-01  1.1782739571428570e-01  9.0166607142857139e-02  6.7117002857142866e-02  4.8209511428571425e-02  3.2980482857142855e-02  2.1016427142857144e-02  1.1975002285714286e-02  5.5916802857142855e-03  1.6777199999999999e-03  1.1405742857142857e-04  8.4097294285714289e-04  3.8415818571428569e-03  9.1148451428571427e-03  1.6632518571428574e-02  2.6275401428571429e-02  3.7751057142857140e-02  5.0510365714285708e-02  6.3701974285714294e-02  7.6218167142857146e-02  8.6866748571428579e-02  9.4638059999999996e-02
  -5.0000000000000001e-04  9.6716070000000001e-02  8.9259861428571438e-02  7.8889139999999996e-02  6.6604937142857146e-02  5.3599872857142856e-02  4.0986612857142855e-02  2.9622402857142856e-02  2.0062067142857142e-02  1.2602912142857142e-02  7.3685322857142853e-03  4.3908715714285713e-03  3.6739701428571427e-03  5.2370104285714286e-03  9.1413912857142860e-03  1.5507359999999998e-02  2.4524374285714287e-02  3.6457645714285711e-02  5.1649997142857139e-02  7.0515578571428567e-02  9.3519171428571427e-02  1.2113159142857143e-01  1.5375265714285713e-01  1.9159281428571429e-01  2.3450601428571430e-01  2.8176861428571426e-01  3.3181877142857141e-01  3.8202497142857139e-01  4.2861578571428571e-01  4.6696885714285713e-01  4.9239630000000006e-01  5.0132138571428575e-01  4.9239630000000006e-01  4.6696885714285713e-01  4.2861578571428571e-01  3.8202497142857139e-01  3.3181877142857141e-01  2.8176861428571426e-01  2.3450601428571430e-01  1.9159281428571429e-01  1.5375265714285713e-01  1.2113159142857143e-01  9.3519171428571427e-02  7.0515578571428567e-02  5.1649997142857139e-02  3.6457692857142857e-02  2.4524374285714287e-02  1.5507359999999998e-02  9.1413912857142860e-03  5.2370151428571430e-03  3.6739748571428571e-03  4.3908762857142857e-03  7.3685369999999988e-03  1.2602916857142857e-02  2.0062067142857142e-02  2.9622450000000002e-02  4.0986612857142855e-02  5.3599872857142856e-02  6.6604984285714292e-02  7.8889139999999996e-02  8.9259861428571438e-02  9.6716070000000001e-02
  -1.0000000000000000e-03  1.0299978857142857e-01  9.6504587142857132e-02  8.6978100000000003e-02  7.5394015714285709e-02  6.2947452857142858e-02  5.0768001428571428e-02  3.9732660000000003e-02  3.0414355714285711e-02  2.3126070000000002e-02  1.8004752857142856e-02  1.5093304285714286e-02  1.4404632000000001e-02  1.5964551428571425e-02  1.9839364285714287e-02  2.6152641428571426e-02  3.5096301428571432e-02  4.6937172857142856e-02  6.2019822857142859e-02  8.0760711428571427e-02  1.0362810857142857e-01  1.3109796857142858e-01  1.6357864285714285e-01  2.0129528571428570e-01  2.4412692857142856e-01  2.9138575714285714e-01  3.4155471428571427e-01  3.9203340000000003e-01  4.3904142857142858e-01  4.7787300000000005e-01  5.0369267142857133e-01  5.1277050000000002e-01  5.0369267142857133e-01  4.7787300000000005e-01  4.3904095714285712e-01  3.9203340000000003e-01  3.4155471428571427e-01  2.9138575714285714e-01  2.4412692857142856e-01  2.0129528571428570e-01  1.6357864285714285e-01  1.3109796857142858e-01  1.0362810857142857e-01  8.0760711428571427e-02  6.2019822857142859e-02  4.6937219999999995e-02  3.5096301428571432e-02  2.6152688571428571e-02  1.9839364285714287e-02  1.5964551428571425e-02  1.4404641428571429e-02  1.5093351428571430e-02  1.8004752857142856e-02  2.3126117142857141e-02  3.0414355714285711e-02  3.9732707142857142e-02  5.0768001428571428e-02  6.2947452857142858e-02  7.5394015714285709e-02  8.6978100000000003e-02  9.6504587142857132e-02  1.0299978857142857e-01
  -1.5000000000000000e-03  1.1364092142857143e-01  1.0880142428571428e-01  1.0071783857142858e-01  9.0314117142857142e-02  7.8793628571428576e-02  6.7321508571428559e-02  5.6814685714285711e-02  4.7880878571428573e-02  4.0861684285714281e-02  3.5916728571428573e-02  3.3107014285714283e-02  3.2459271428571426e-02  3.4009894285714284e-02  3.7832661428571432e-02  4.4056461428571426e-02  5.2876795714285711e-02  6.4563651428571428e-02  7.9464707142857138e-02  9.8001089999999999e-02  1.2064743428571428e-01  1.4788874571428573e-01  1.8014747142857143e-01  2.1767318571428571e-01  2.6038697142857142e-01  3.0766465714285718e-01  3.5806508571428569e-01  4.0904725714285711e-01  4.5681381428571433e-01  4.9651705714285715e-01  5.2305235714285714e-01  5.3240927142857142e-01  5.2305235714285714e-01  4.9651705714285715e-01  4.5681381428571433e-01  4.0904725714285711e-01  3.5806508571428569e-01  3.0766465714285718e-01  2.6038697142857142e-01  2.1767318571428571e-01  1.8014747142857143e-01  1.4788879285714288e-01  1.2064743428571428e-01  9.8001137142857131e-02  7.9464754285714284e-02  6.4563651428571428e-02  5.2876842857142857e-02  4.4056461428571426e-02  3.7832708571428571e-02  3.4009941428571430e-02  3.2459318571428572e-02  3.3107014285714283e-02  3.5916728571428573e-02  4.0861684285714281e-02  4.7880878571428573e-02  5.6814685714285711e-02  6.7321508571428559e-02  7.8793628571428576e-02  9.0314117142857142e-02  1.0071783857142858e-01  1.0880142428571428e-01  1.1364092142857143e-01
  -2.0000000000000000e-03  1.2890097000000000e-01  1.2649965428571427e-01  1.2051387857142858e-01  1.1178867857142856e-01  1.0155000428571428e-01  9.1030877142857153e-02  8.1219552857142857e-02  7.2782631428571429e-02  6.6106307142857146e-02  6.1382969999999995e-02  5.8697665714285717e-02  5.8094897142857142e-02  5.9624117142857133e-02  6.3368391428571424e-02  6.9463208571428570e-02  7.8108831428571432e-02  8.9579584285714289e-02  1.0422880285714285e-01  1.2248539285714284e-01  1.4483473714285713e-01  1.7177537142857141e-01  2.0374907142857143e-01  2.4103954285714285e-01  2.8362792857142860e-01  3.3098339999999998e-01  3.8178171428571428e-01  4.3357427142857147e-01  4.8254815714285715e-01  5.2363881428571424e-01  5.5132015714285709e-01  5.6112587142857140e-01  5.5132015714285709e-01  5.2363881428571424e-01  4.8254815714285715e-01  4.3357427142857147e-01  3.8178171428571428e-01  3.3098339999999998e-01  2.8362792857142860e-01  2.4103954285714285e-01  2.0374907142857143e-01  1.7177537142857141e-01  1.4483473714285713e-01  1.2248539285714284e-01  1.0422880285714285e-01  8.9579631428571421e-02  7.8108878571428578e-02  6.9463208571428570e-02  6.3368438571428570e-02  5.9624164285714279e-02  5.8094944285714281e-02  5.8697665714285717e-02  6.1382969999999995e-02  6.6106307142857146e-02  7.2782678571428575e-02  8.1219552857142857e-02  9.1030877142857153e-02  1.0155000428571428e-01  1.1178872571428571e-01  1.2051387857142858e-01  1.2649965428571427e-01  1.2890101714285715e-01
  -2.5000000000000001e-03  1.4916565714285715e-01  1.5012312857142857e-01  1.4697356142857143e-01  1.4044432285714287e-01  1.3181609571428574e-01  1.2244678285714286e-01  1.1344570285714285e-01  1.0557246857142856e-01  9.9277624285714280e-02  9.4795894285714277e-02  9.2240327142857140e-02  9.1674754285714283e-02  9.3162488571428573e-02  9.6796542857142856e-02  1.0271933571428572e-01  1.1113645714285715e-01  1.2232812428571428e-01  1.3665639428571427e-01  1.5456398571428573e-01  1.7655235714285714e-01  2.0313951428571428e-01  2.3479169999999999e-01  2.7183467142857143e-01  3.1432924285714287e-01  3.6187517142857145e-01  4.1331557142857145e-01  4.6634468571428572e-01  5.1714252857142862e-01  5.6034047142857146e-01  5.8977788571428569e-01  6.0027660000000005e-01  5.8977788571428569e-01  5.6034047142857146e-01  5.1714252857142862e-01  4.6634468571428572e-01  4.1331557142857145e-01  3.6187517142857145e-01  3.1432924285714287e-01  2.7183467142857143e-01  2.3479169999999999e-01  2.0313998571428571e-01  1.7655235714285714e-01  1.5456398571428573e-01  1.3665644142857142e-01  1.2232812428571428e-01  1.1113650428571428e-01  1.0271933571428572e-01  9.6796590000000002e-02  9.3162488571428573e-02  9.1674754285714283e-02  9.2240327142857140e-02  9.4795941428571423e-02  9.9277671428571426e-02  1.0557251571428571e-01  1.1344570285714285e-01  1.2244678285714286e-01  1.3181614285714285e-01  1.4044432285714287e-01  1.4697356142857143e-01  1.5012312857142857e-01  1.4916565714285715e-01
  -3.0000000000000001e-03  1.7496835714285713e-01  1.8041288571428571e-01  1.8095267142857141e-01  1.7714777142857141e-01  1.7040304285714283e-01  1.6229965714285716e-01  1.5414488571428570e-01  1.4683760142857144e-01  1.4091593999999999e-01  1.3666393714285716e-01  1.3422212571428571e-01  1.3367173285714287e-01  1.3508846999999999e-01  1.3857426000000000e-01  1.4427760285714286e-01  1.5240908571428571e-01  1.6325665714285714e-01  1.7719491428571427e-01  1.9468962857142857e-01  2.1626974285714284e-01  2.4247692857142858e-01  2.7380477142857146e-01  3.1062899999999999e-01  3.5311320000000002e-01  4.0103108571428570e-01  4.5346478571428567e-01  5.0832634285714284e-01  5.6181887142857145e-01  6.0816548571428575e-01  6.4026599999999989e-01  6.5182589999999996e-01  6.4026599999999989e-01  6.0816548571428575e-01  5.6181887142857145e-01  5.0832634285714284e-01  4.5346478571428567e-01  4.0103108571428570e-01  3.5311320000000002e-01  3.1062899999999999e-01  2.7380477142857146e-01  2.4247692857142858e-01  2.1626974285714284e-01  1.9468962857142857e-01  1.7719491428571427e-01  1.6325665714285714e-01  1.5240908571428571e-01  1.4427765000000001e-01  1.3857430714285715e-01  1.3508846999999999e-01  1.3367173285714287e-01  1.3422212571428571e-01  1.3666398428571430e-01  1.4091603428571428e-01  1.4683764857142859e-01  1.5414488571428570e-01  1.6229965714285716e-01  1.7040304285714283e-01  1.7714777142857141e-01  1.8095314285714287e-01  1.8041288571428571e-01  1.7496835714285713e-01
  -3.5000000000000001e-03  2.0702267142857142e-01  2.1839541428571427e-01  2.2363015714285714e-01  2.2306067142857142e-01  2.1836430000000001e-01  2.1151349999999999e-01  2.0412621428571429e-01  1.9730134285714285e-01  1.9168615714285714e-01  1.8761442857142857e-01  1.8524644285714284e-01  1.8467365714285716e-01  1.8597951428571430e-01  1.8927197142857144e-01  1.9470330000000000e-01  2.0248800000000000e-01  2.1292118571428573e-01  2.2639838571428572e-01  2.4342167142857141e-01  2.6456335714285711e-01  2.9039811428571427e-01  3.2144310000000004e-01  3.5812872857142858e-01  4.0074492857142857e-01  4.4930018571428570e-01  5.0321369999999999e-01  5.6073741428571433e-01  6.1816731428571425e-01  6.6920700000000000e-01  7.0536792857142860e-01  7.1856934285714280e-01  7.0536792857142860e-01  6.6920700000000000e-01  6.1816731428571425e-01  5.6073741428571433e-01  5.0321369999999999e-01  4.4930018571428570e-01  4.0074492857142857e-01  3.5812872857142858e-01  3.2144310000000004e-01  2.9039811428571427e-01  2.6456335714285711e-01  2.4342167142857141e-01  2.2639885714285715e-01  2.1292118571428573e-01  2.0248847142857143e-01  1.9470330000000000e-01  1.8927197142857144e-01  1.8597951428571430e-01  1.8467365714285716e-01  1.8524644285714284e-01  1.8761442857142857e-01  1.9168615714285714e-01  1.9730134285714285e-01  2.0412621428571429e-01  2.1151349999999999e-01  2.1836430000000001e-01  2.2306067142857142e-01  2.2363015714285714e-01  2.1839541428571427e-01  2.0702267142857142e-01
  -4.0000000000000001e-03  2.4627711428571430e-01  2.6549631428571424e-01  2.7661919999999995e-01  2.7971271428571431e-01  2.7703122857142859e-01  2.7122087142857143e-01  2.6436205714285715e-01  2.5782240000000001e-01  2.5237787142857143e-01  2.4839712857142857e-01  2.4603810000000001e-01  2.4538894285714288e-01  2.4653310000000001e-01  2.4958041428571429e-01  2.5468268571428571e-01  2.6205394285714284e-01  2.7199589999999996e-01  2.8493237142857142e-01  3.0142577142857141e-01  3.2212148571428573e-01  3.4763378571428571e-01  3.7849302857142858e-01  4.1517959999999998e-01  4.5813569999999998e-01  5.0768472857142855e-01  5.6373098571428570e-01  6.2505677142857141e-01  6.8820274285714289e-01  7.4626247142857138e-01  7.8870141428571428e-01  8.0449662857142856e-01  7.8870141428571428e-01  7.4626247142857138e-01  6.8820274285714289e-01  6.2505677142857141e-01  5.6373098571428570e-01  5.0768472857142855e-01  4.5813569999999998e-01  4.1517959999999998e-01  3.7849302857142858e-01  3.4763425714285712e-01  3.2212148571428573e-01  3.0142577142857141e-01  2.8493237142857142e-01  2.7199589999999996e-01  2.6205441428571424e-01  2.5468268571428571e-01  2.4958041428571429e-01  2.4653310000000001e-01  2.4538894285714288e-01  2.4603810000000001e-01  2.4839712857142857e-01  2.5237787142857143e-01  2.5782240000000001e-01  2.6436205714285715e-01  2.7122087142857143e-01  2.7703122857142859e-01  2.7971271428571431e-01  2.7661919999999995e-01  2.6549631428571424e-01  2.4627711428571430e-01
  -4.4999999999999997e-03  2.9399605714285709e-01  3.2373094285714288e-01  3.4214635714285713e-01  3.4909757142857140e-01  3.4805241428571426e-01  3.4277099999999999e-01  3.3598337142857143e-01  3.2939232857142853e-01  3.2390678571428572e-01  3.1988880000000003e-01  3.1745151428571428e-01  3.1665621428571428e-01  3.1757738571428573e-01  3.2032109999999997e-01  3.2503255714285717e-01  3.3191871428571429e-01  3.4128081428571427e-01  3.5357802857142856e-01  3.6947412857142858e-01  3.8974225714285710e-01  4.1504194285714285e-01  4.4588138571428571e-01  4.8277349999999997e-01  5.2634481428571434e-01  5.7733358571428572e-01  6.3634795714285708e-01  7.0301172857142857e-01  7.7440534285714291e-01  8.4303638571428574e-01  8.9538334285714283e-01  9.1539925714285719e-01  8.9538334285714283e-01  8.4303638571428574e-01  7.7440534285714291e-01  7.0301172857142857e-01  6.3634795714285708e-01  5.7733358571428572e-01  5.2634481428571434e-01  4.8277349999999997e-01  4.4588138571428571e-01  4.1504194285714285e-01  3.8974225714285710e-01  3.6947412857142858e-01  3.5357802857142856e-01  3.4128081428571427e-01  3.3191871428571429e-01  3.2503302857142857e-01  3.2032109999999997e-01  3.1757738571428573e-01  3.1665621428571428e-01  3.1745151428571428e-01  3.1988880000000003e-01  3.2390678571428572e-01  3.2939232857142853e-01  3.3598337142857143e-01  3.4277099999999999e-01  3.4805241428571426e-01  3.4909757142857140e-01  3.4214682857142859e-01  3.2373094285714288e-01  2.9399652857142855e-01
  -5.0000000000000001e-03  3.5188654285714288e-01  3.9605374285714284e-01  4.2333248571428572e-01  4.3379254285714286e-01  4.3342105714285717e-01  4.2773185714285711e-01  4.2027149999999996e-01  4.1312464285714284e-01  4.0731381428571428e-01  4.0310207142857141e-01  4.0048045714285713e-01  3.9945510000000001e-01  4.0008304285714286e-01  4.0245951428571425e-01  4.0671651428571431e-01  4.1304025714285714e-01  4.2171784285714287e-01  4.3324332857142855e-01  4.4844595714285712e-01  4.6833411428571425e-01  4.9361352857142854e-01  5.2468680000000001e-01  5.6206448571428569e-01  6.0658195714285712e-01  6.5951772857142854e-01  7.2251802857142855e-01  7.9653561428571429e-01  8.7973097142857137e-01  9.6438681428571438e-01  1.0327750714285715e+00  1.0599293571428572e+00  1.0327750714285715e+00  9.6438681428571438e-01  8.7973097142857137e-01  7.9653561428571429e-01  7.2251802857142855e-01  6.5951772857142854e-01  6.0658195714285712e-01  5.6206448571428569e-01  5.2468680000000001e-01  4.9361400000000005e-01  4.6833411428571425e-01  4.4844595714285712e-01  4.3324332857142855e-01  4.2171784285714287e-01  4.1304025714285714e-01  4.0671651428571431e-01  4.0245951428571425e-01  4.0008304285714286e-01  3.9945510000000001e-01  4.0048092857142853e-01  4.0310207142857141e-01  4.0731381428571428e-01  4.1312464285714284e-01  4.2027149999999996e-01  4.2773185714285711e-01  4.3342105714285717e-01  4.3379254285714286e-01  4.2333248571428572e-01  3.9605374285714284e-01  3.5188654285714288e-01
