# Author : 
# This simulation we only use 14 PS   Tue 20 Jan 2015 06:17:23EPU57v2ModePara, 28_6,  Gap: 16, Phase:28_6residual kick map after correction
# Undulator Length [m]
3.5
# Number of Horizontal Points
61
# Number of Vertical Points
21
# Horizontal Kick [micro-rad]
START
 	-0.03	-0.029	-0.028	-0.027	-0.026	-0.025	-0.024	-0.023	-0.022	-0.021	-0.02	-0.019	-0.018	-0.017	-0.016	-0.015	-0.014	-0.013	-0.012	-0.011	-0.01	-0.009	-0.008	-0.007	-0.006	-0.005	-0.004	-0.003	-0.002	-0.001	0	0.001	0.002	0.003	0.004	0.005	0.006	0.007	0.008	0.009	0.01	0.011	0.012	0.013	0.014	0.015	0.016	0.017	0.018	0.019	0.02	0.021	0.022	0.023	0.024	0.025	0.026	0.027	0.028	0.029	0.03
0.005	-28.76241	-22.62071	-13.92786	-7.47393	-4.20138	-3.2078	-3.6221	-4.78714	-5.87345	-5.52865	-2.557772	1.71505	4.1852	3.43118	0.979791	-1.113922	-1.781861	-1.63726	-1.711109	-1.918257	-2.025394	-2.427588	-2.798917	-2.06605	1.942247	11.95403	24.11264	27.27264	16.00271	3.078441	-0.0001354284	-3.078988	-16.00225	-27.27265	-24.11231	-11.9538	-1.942846	2.065914	2.79924	2.427647	2.025619	1.918552	1.711031	1.636907	1.781804	1.113988	-0.979804	-3.43127	-4.18538	-1.71487	2.558047	5.52841	5.87356	4.78763	3.62226	3.20781	4.20136	7.4739	13.92751	22.62054	28.76242
0.0045	-21.05719	-16.79492	-11.12238	-6.61417	-4.11254	-3.25924	-3.47086	-4.18269	-4.70946	-4.16114	-2.003627	0.865708	2.612804	2.349799	0.8548	-0.57395	-1.207808	-1.272118	-1.295276	-1.355707	-1.398902	-1.506156	-1.347474	-0.0416538	3.837	11.15417	18.87422	20.56135	13.75859	4.96319	-0.0000836051	-4.96293	-13.75858	-20.56121	-18.87348	-11.15397	-3.83703	0.041389	1.347657	1.506076	1.398923	1.355885	1.295208	1.271748	1.20777	0.574027	-0.854912	-2.349771	-2.612978	-0.865667	2.003651	4.16103	4.70945	4.18246	3.47088	3.25924	4.11241	6.6142	11.12263	16.79485	21.05714
0.004	-15.53433	-12.35986	-8.47393	-5.32858	-3.51744	-2.887858	-3.034015	-3.4956	-3.73769	-3.1878	-1.619234	0.352686	1.614779	1.595878	0.700755	-0.2650908	-0.793715	-0.929905	-0.943852	-0.938713	-0.913669	-0.835264	-0.398116	1.055468	4.35467	9.57347	14.48343	15.35133	11.00056	4.84299	-0.0000521464	-4.84271	-11.00092	-15.35062	-14.48373	-9.57343	-4.3548	-1.055623	0.398275	0.835156	0.913682	0.938615	0.94391	0.93001	0.793786	0.2649739	-0.700759	-1.59586	-1.614845	-0.352654	1.619255	3.18781	3.73777	3.49558	3.034127	2.887742	3.51739	5.32876	8.47392	12.35957	15.53429
0.0035	-11.46092	-8.9484	-6.15277	-3.9359	-2.675925	-2.280147	-2.442797	-2.790704	-2.917559	-2.456268	-1.323462	0.0546259	0.980843	1.078257	0.556393	-0.0871883	-0.498182	-0.644401	-0.660419	-0.63027	-0.563852	-0.392467	0.1380453	1.482886	4.07727	7.70063	10.79291	11.17968	8.29084	3.97963	-0.0000332518	-3.98	-8.29083	-11.17964	-10.79324	-7.70059	-4.07745	-1.482971	-0.1379131	0.392666	0.563918	0.630344	0.660329	0.644434	0.497983	0.0869179	-0.556304	-1.078242	-0.980819	-0.0546861	1.323395	2.456444	2.917563	2.790712	2.442652	2.280227	2.676001	3.9358	6.15281	8.9485	11.46082
0.003	-8.40777	-6.31334	-4.19935	-2.606672	-1.761338	-1.574623	-1.794152	-2.113559	-2.222989	-1.883873	-1.078294	-0.1058727	0.581628	0.72779	0.436997	0.01608643	-0.2889341	-0.420966	-0.44122	-0.4089	-0.331035	-0.1381063	0.364439	1.471552	3.38474	5.81494	7.71276	7.81869	5.87615	2.934157	-0.00002171868	-2.933875	-5.87615	-7.81898	-7.71273	-5.81522	-3.38501	-1.471643	-0.364504	0.1381641	0.331007	0.409008	0.441376	0.420735	0.2889969	-0.01624965	-0.436929	-0.727852	-0.581538	0.106036	1.078237	1.883952	2.223065	2.113567	1.794161	1.574669	1.761298	2.606731	4.19936	6.31331	8.40775
0.0025	-6.1095	-4.28509	-2.604989	-1.428943	-0.883481	-0.868372	-1.15975	-1.497409	-1.639925	-1.42728	-0.868985	-0.1805128	0.334468	0.494418	0.34548	0.0764742	-0.1429509	-0.2534713	-0.2791571	-0.2572082	-0.1913596	-0.02436318	0.381926	1.207675	2.527022	4.07853	5.184	5.13605	3.85014	1.946297	-0.00001453672	-1.946017	-3.85043	-5.13604	-5.18359	-4.07857	-2.527075	-1.207594	-0.381702	0.02440358	0.1913859	0.2572312	0.2791477	0.2534298	0.1430001	-0.0765132	-0.345482	-0.494378	-0.334422	0.1805284	0.868998	1.427288	1.639925	1.497419	1.159649	0.868381	0.883479	1.428943	2.605034	4.28513	6.10952
0.002	-4.39558	-2.74767	-1.345831	-0.445226	-0.1101184	-0.2277219	-0.589377	-0.966221	-1.162455	-1.064493	-0.691986	-0.2040271	0.185603	0.342251	0.2792658	0.1120728	-0.0428488	-0.1330597	-0.1643142	-0.1590621	-0.1196217	-0.00436076	0.2784634	0.832003	1.668297	2.585127	3.16637	3.042562	2.230263	1.112416	-9.79343e-6	-1.11243	-2.230548	-3.042692	-3.16637	-2.585017	-1.668511	-0.832011	-0.2784506	0.00447059	0.1196415	0.1591628	0.164297	0.1330414	0.0428776	-0.1120741	-0.2792963	-0.342221	-0.1856393	0.20404	0.691949	1.064453	1.16246	0.966248	0.589318	0.2277015	0.1101215	0.445252	1.345784	2.747574	4.39563
0.0015	-3.154409	-1.620704	-0.396075	0.325822	0.518452	0.3040914	-0.1174436	-0.537532	-0.789152	-0.785666	-0.548796	-0.200859	0.0994337	0.2460786	0.2339709	0.1330847	0.02381311	-0.0503985	-0.0871324	-0.1001229	-0.092112	-0.035611	0.1261828	0.447899	0.91575	1.388053	1.629181	1.475607	1.0043	0.464111	-6.50286e-6	-0.464121	-1.004303	-1.475617	-1.629052	-1.388184	-0.915867	-0.448005	-0.1264424	0.0357079	0.091988	0.1001235	0.0871165	0.0503813	-0.02382832	-0.133082	-0.2339657	-0.2460683	-0.0994046	0.2008522	0.548806	0.785674	0.789148	0.537502	0.1174046	-0.3040339	-0.518429	-0.325796	0.396061	1.62077	3.154408
0.001	-2.312792	-0.850231	0.2661274	0.877461	0.979242	0.699583	0.2333166	-0.2234298	-0.520903	-0.587125	-0.44298	-0.1877266	0.0523468	0.1885131	0.2051632	0.1451498	0.065838	0.00259477	-0.0388445	-0.0678296	-0.0879001	-0.0830176	-0.02003327	0.1275029	0.337864	0.51803	0.548261	0.388253	0.1500758	0.00627998	-4.0228e-6	-0.00628693	-0.1500799	-0.387738	-0.548267	-0.518034	-0.33777	-0.1276005	0.0200428	0.083174	0.0879141	0.0677792	0.0388057	-0.00260578	-0.0658163	-0.145147	-0.2051525	-0.1885016	-0.0523383	0.1877302	0.442995	0.587135	0.520909	0.2234226	-0.2333262	-0.699547	-0.979268	-0.87746	-0.2661181	0.850203	2.312789
0.0005	-1.824772	-0.400987	0.656881	1.208202	1.259689	0.942522	0.448841	-0.031965	-0.359153	-0.467937	-0.377916	-0.1756829	0.02956147	0.1582112	0.1893254	0.1514045	0.0888847	0.0319179	-0.01276621	-0.0523758	-0.0918963	-0.1219949	-0.1227169	-0.0824482	-0.02385024	-0.00898322	-0.0933719	-0.2510578	-0.35329	-0.2652404	-1.952734e-6	0.2652372	0.353288	0.2510566	0.0933695	0.00886625	0.02384875	0.082445	0.1227209	0.1219984	0.0918379	0.0524141	0.01272304	-0.0319104	-0.0888632	-0.1513893	-0.1893122	-0.1582039	-0.02955143	0.1756926	0.377923	0.467948	0.359161	0.0319756	-0.448839	-0.942499	-1.259732	-1.208176	-0.656909	0.400957	1.82471
0	-1.664739	-0.2533288	0.786045	1.318382	1.353836	1.024412	0.521459	0.0323321	-0.3050821	-0.42817	-0.355948	-0.1709923	0.0228443	0.1487967	0.1842913	0.1533346	0.0961862	0.0413132	-0.00452456	-0.0479621	-0.0942349	-0.1366783	-0.1595165	-0.1552574	-0.1465843	-0.1852967	-0.3060643	-0.462489	-0.519307	-0.355275	7.95701e-11	0.355275	0.519307	0.462489	0.3059438	0.1852967	0.1465843	0.1552574	0.1594319	0.1366028	0.0942384	0.0479954	0.00453012	-0.0413086	-0.0961978	-0.1533351	-0.18429	-0.1487897	-0.02283602	0.1709996	0.355954	0.428177	0.3051029	-0.0323323	-0.521469	-1.024407	-1.35381	-1.318379	-0.786044	0.2533003	1.664799
-0.0005	-1.82477	-0.400956	0.656911	1.208253	1.259715	0.942524	0.448845	-0.0319648	-0.359156	-0.467938	-0.377917	-0.1756853	0.02956072	0.1582129	0.1893272	0.1514085	0.0888844	0.0319567	-0.01271832	-0.0523809	-0.091903	-0.1220754	-0.1228082	-0.0824444	-0.02384993	-0.00886625	-0.0933704	-0.2510572	-0.353288	-0.2652371	2.047766e-6	0.2652405	0.35329	0.2510583	0.093372	0.00898437	0.02385264	0.0824459	0.1227196	0.1219937	0.0918999	0.0523793	0.0127739	-0.0319536	-0.0888656	-0.1513951	-0.1893184	-0.1582059	-0.0295547	0.1756917	0.377922	0.467945	0.359163	0.0319763	-0.448838	-0.942537	-1.259731	-1.208199	-0.65691	0.400958	1.82471
-0.001	-2.31282	-0.850255	0.2661199	0.877467	0.979204	0.699577	0.2333318	-0.2234221	-0.520897	-0.587119	-0.442993	-0.1877287	0.0523393	0.1885127	0.2051588	0.1451522	0.0658521	0.002595512	-0.0388846	-0.0678052	-0.0878827	-0.0831072	-0.02004289	0.1275062	0.337866	0.518039	0.548145	0.388256	0.1500798	0.0062874	4.46161e-6	-0.00627985	-0.150075	-0.388256	-0.548261	-0.51803	-0.337863	-0.1274977	0.02004396	0.0831679	0.0878352	0.0677666	0.038822	-0.002627592	-0.0658502	-0.1451364	-0.2051451	-0.1885037	-0.0523335	0.187734	0.442993	0.587135	0.520905	0.2234301	-0.2333401	-0.699577	-0.979238	-0.877437	-0.2661161	0.850237	2.312793
-0.0015	-3.154376	-1.620762	-0.396051	0.325832	0.518471	0.3040749	-0.1174082	-0.537502	-0.789181	-0.78565	-0.548816	-0.2008446	0.099396	0.2460975	0.2339965	0.1330887	0.02381751	-0.0504106	-0.0871281	-0.1001966	-0.0919427	-0.0355518	0.1262558	0.448013	0.915861	1.388191	1.628817	1.475618	1.004583	0.464122	7.49645e-6	-0.463824	-1.004576	-1.47562	-1.629181	-1.388162	-0.915842	-0.447898	-0.1263569	0.0354412	0.092037	0.1001645	0.087136	0.0503986	-0.02382456	-0.1330778	-0.2339762	-0.2460729	-0.0994256	0.2008489	0.548804	0.785674	0.789171	0.537511	0.117424	-0.3040465	-0.518448	-0.325818	0.396064	1.62076	3.154374
-0.002	-4.39562	-2.747558	-1.345781	-0.445183	-0.1101171	-0.2276956	-0.58935	-0.966218	-1.16243	-1.064472	-0.691942	-0.2040084	0.1856229	0.342256	0.279293	0.1120866	-0.0428894	-0.1330592	-0.1643658	-0.1592192	-0.1196822	-0.00441162	0.2784547	0.832091	1.668281	2.5851	3.16613	3.042693	2.23056	1.112433	0.00001160898	-1.112415	-2.230259	-3.042555	-3.16636	-2.585111	-1.668296	-0.831984	-0.2784625	0.00436172	0.1197363	0.1591477	0.1642664	0.1330417	0.0429066	-0.1120731	-0.2792639	-0.342245	-0.1855967	0.2040587	0.69197	1.064479	1.162439	0.966251	0.58933	0.2277497	0.1101242	0.44523	1.345807	2.747627	4.39564
-0.0025	-6.10941	-4.28511	-2.604978	-1.428912	-0.88345	-0.868396	-1.15968	-1.497382	-1.639957	-1.427311	-0.86902	-0.1805202	0.33446	0.494446	0.34546	0.0765136	-0.1430405	-0.253373	-0.279114	-0.2572302	-0.1913822	-0.02437419	0.381828	1.207569	2.527079	4.0786	5.18385	5.13604	3.85045	1.94632	0.00001747758	-1.946294	-3.85043	-5.13604	-5.18413	-4.07865	-2.527154	-1.207676	-0.381751	0.02444173	0.1913625	0.2571825	0.2791333	0.253397	0.1429797	-0.0764964	-0.345453	-0.494384	-0.334458	0.1804912	0.868993	1.427289	1.639958	1.497446	1.159663	0.868359	0.883485	1.428947	2.604971	4.28509	6.10942
-0.003	-8.40775	-6.31328	-4.19932	-2.606696	-1.761317	-1.574562	-1.794068	-2.113631	-2.222915	-1.884014	-1.078301	-0.1059553	0.581474	0.727789	0.436943	0.01617222	-0.2889895	-0.42082	-0.441465	-0.409132	-0.331067	-0.1381595	0.364605	1.471613	3.38487	5.8151	7.71274	7.819	5.87615	2.933878	-0.0002920651	-2.933839	-5.87645	-7.81871	-7.71271	-5.8148	-3.38474	-1.471844	-0.364465	0.1380608	0.330932	0.40894	0.441346	0.420762	0.28903	-0.01607904	-0.437	-0.727859	-0.58162	0.1058814	1.07823	1.88388	2.222993	2.113574	1.794324	1.57461	1.76133	2.606649	4.19933	6.31336	8.40778
-0.0035	-11.46089	-8.94846	-6.15277	-3.93589	-2.676071	-2.280301	-2.442808	-2.790711	-2.917471	-2.456189	-1.323471	0.0546952	0.980914	1.078255	0.556407	-0.0870003	-0.498059	-0.644427	-0.660486	-0.630307	-0.563834	-0.392738	0.1379922	1.483077	4.07738	7.70056	10.79349	11.17938	8.29085	3.98	0.0000396868	-3.97929	-8.29085	-11.17966	-10.79321	-7.7006	-4.07745	-1.482991	-0.1379716	0.392465	0.563701	0.630322	0.660316	0.644512	0.498088	0.087037	-0.556395	-1.07825	-0.980918	-0.0547013	1.323301	2.456277	2.91748	2.79063	2.442726	2.280259	2.67601	3.93588	6.15272	8.94851	11.46083
-0.004	-15.53425	-12.35964	-8.47392	-5.32871	-3.51732	-2.887872	-3.034232	-3.49558	-3.73767	-3.1877	-1.619245	0.352664	1.614755	1.595965	0.700666	-0.2650611	-0.793759	-0.929957	-0.943808	-0.938857	-0.913747	-0.835331	-0.398184	1.055506	4.35484	9.57326	14.48387	15.35063	11.00058	4.84272	0.0000612336	-4.84228	-11.00059	-15.35097	-14.48343	-9.57347	-4.35475	-1.055386	0.398117	0.83527	0.913669	0.938466	0.943897	0.930079	0.793819	0.2648999	-0.70074	-1.595968	-1.614865	-0.352676	1.619244	3.18781	3.73778	3.49569	3.034216	2.887891	3.5174	5.32873	8.47394	12.35958	15.53427
-0.0045	-21.05713	-16.79492	-11.12262	-6.6142	-4.11246	-3.25936	-3.47076	-4.18268	-4.70957	-4.16103	-2.003641	0.865567	2.612769	2.349785	0.854818	-0.574134	-1.207779	-1.271977	-1.295441	-1.355984	-1.398989	-1.506073	-1.34765	-0.0412712	3.83713	11.15398	18.87364	20.56089	13.75857	4.96292	0.0000957866	-4.96318	-13.75858	-20.56128	-18.87421	-11.15425	-3.8368	0.0415623	1.34757	1.505783	1.398935	1.355708	1.295334	1.272017	1.207818	0.573953	-0.855004	-2.349789	-2.612904	-0.865698	2.003638	4.16104	4.70958	4.18269	3.47079	3.25925	4.1123	6.61396	11.1225	16.79494	21.05715
-0.005	-28.76249	-22.62044	-13.92767	-7.47356	-4.20138	-3.20804	-3.62223	-4.78727	-5.87355	-5.52865	-2.558036	1.714882	4.18527	3.43116	0.979816	-1.113861	-1.781812	-1.637306	-1.710955	-1.918544	-2.025568	-2.427757	-2.79914	-2.066016	1.942955	11.95371	24.11222	27.27281	16.00229	3.079017	0.0001527317	-3.078809	-16.00262	-27.27297	-24.11304	-11.95399	-1.942474	2.066152	2.799231	2.427698	2.025435	1.918407	1.71106	1.637245	1.781872	1.114049	-0.979785	-3.4313	-4.18568	-1.714914	2.558031	5.52842	5.87358	4.78765	3.62248	3.20784	4.20149	7.47384	13.92768	22.62065	28.76243
# Vertical Kick [micro-rad]
START
 	-0.03	-0.029	-0.028	-0.027	-0.026	-0.025	-0.024	-0.023	-0.022	-0.021	-0.02	-0.019	-0.018	-0.017	-0.016	-0.015	-0.014	-0.013	-0.012	-0.011	-0.01	-0.009	-0.008	-0.007	-0.006	-0.005	-0.004	-0.003	-0.002	-0.001	0	0.001	0.002	0.003	0.004	0.005	0.006	0.007	0.008	0.009	0.01	0.011	0.012	0.013	0.014	0.015	0.016	0.017	0.018	0.019	0.02	0.021	0.022	0.023	0.024	0.025	0.026	0.027	0.028	0.029	0.03
0.005	-60.3297	-76.8112	-86.1223	-89.0251	-89.0499	-88.3552	-87.9191	-88.367	-90.1757	-93.2457	-95.817	-95.4253	-92.1182	-88.6828	-87.3191	-88.0599	-89.5598	-90.5525	-91.2693	-92.4084	-93.7531	-95.413	-98.1624	-102.4238	-108.1393	-111.5098	-105.6569	-90.9389	-80.5757	-83.8073	-88.7367	-83.8068	-80.5763	-90.9389	-105.6568	-111.5095	-108.1391	-102.4241	-98.1621	-95.413	-93.7526	-92.408	-91.2689	-90.5524	-89.5595	-88.0596	-87.3192	-88.6826	-92.1183	-95.4252	-95.8174	-93.2452	-90.1756	-88.3668	-87.9191	-88.3552	-89.0497	-89.0253	-86.1224	-76.8112	-60.3297
0.0045	-49.6578	-61.4882	-69.3035	-73.0474	-74.4558	-74.9738	-75.4419	-76.3905	-78.1212	-80.4191	-82.1378	-81.9262	-79.8748	-77.6053	-76.5455	-76.87	-77.8291	-78.6737	-79.3892	-80.2628	-81.2921	-82.6057	-84.5779	-87.3234	-90.1653	-90.3156	-84.1773	-72.8273	-63.8421	-62.3379	-63.4681	-62.3372	-63.8425	-72.8268	-84.1772	-90.3154	-90.1653	-87.3232	-84.5781	-82.6057	-81.2919	-80.2623	-79.3889	-78.6733	-77.829	-76.8699	-76.5455	-77.6053	-79.8747	-81.9262	-82.1378	-80.4191	-78.1211	-76.3905	-75.442	-74.9736	-74.456	-73.0475	-69.3036	-61.488	-49.6578
0.004	-40.8942	-49.6472	-56.0333	-59.8246	-61.8734	-63.0882	-64.1016	-65.321	-66.9313	-68.7209	-69.9581	-69.8914	-68.6211	-67.1258	-66.335	-66.4513	-67.0738	-67.7446	-68.3663	-69.041	-69.8075	-70.7586	-72.0425	-73.549	-74.4802	-72.9212	-67.0297	-57.9463	-50.2195	-47.0098	-46.6147	-47.0106	-50.2196	-57.946	-67.0294	-72.9211	-74.48	-73.5488	-72.0424	-70.7587	-69.8075	-69.0409	-68.3661	-67.7444	-67.0736	-66.4513	-66.3348	-67.1259	-68.6211	-69.8916	-69.9581	-68.7209	-66.9313	-65.3211	-64.1014	-63.0882	-61.8733	-59.8245	-56.0332	-49.6473	-40.8942
0.0035	-33.5274	-40.123	-45.268	-48.7458	-50.9773	-52.5154	-53.799	-55.1193	-56.5841	-58.0215	-58.9699	-59.0095	-58.2344	-57.2555	-56.6831	-56.704	-57.1117	-57.6224	-58.1237	-58.6342	-59.18	-59.8055	-60.5268	-61.122	-60.8724	-58.515	-53.1477	-45.7743	-39.2615	-35.7244	-34.8044	-35.7251	-39.2612	-45.7746	-53.1471	-58.515	-60.8722	-61.122	-60.5268	-59.8056	-59.1798	-58.6339	-58.1236	-57.6221	-57.1115	-56.7039	-56.6831	-57.2556	-58.2345	-59.0097	-58.9699	-58.0214	-56.584	-55.1193	-53.7991	-52.5153	-50.9773	-48.7458	-45.2681	-40.1228	-33.5275
0.003	-27.20129	-32.2085	-36.3018	-39.3151	-41.4589	-43.0629	-44.416	-45.7124	-47.0113	-48.1837	-48.9411	-49.0494	-48.5907	-47.9571	-47.5541	-47.5367	-47.805	-48.1815	-48.5657	-48.9384	-49.3038	-49.6652	-49.9669	-49.9567	-49.0564	-46.4596	-41.7642	-35.7943	-30.43354	-27.16818	-26.16123	-27.16821	-30.43386	-35.7943	-41.764	-46.4593	-49.0564	-49.9568	-49.9671	-49.665	-49.3035	-48.9382	-48.5656	-48.1814	-47.805	-47.5367	-47.554	-47.9571	-48.5907	-49.0493	-48.9411	-48.1837	-47.0112	-45.7125	-44.4159	-43.0628	-41.4589	-39.3152	-36.3018	-32.2084	-27.20135
0.0025	-21.65775	-25.44308	-28.64263	-31.13993	-33.0417	-34.5419	-35.8222	-37.0054	-38.1197	-39.0727	-39.6853	-39.8284	-39.5702	-39.1674	-38.8911	-38.8634	-39.04	-39.3096	-39.5912	-39.8514	-40.077	-40.2441	-40.2664	-39.9072	-38.7329	-36.2433	-32.2951	-27.53975	-23.25126	-20.49118	-19.58036	-20.49089	-23.25129	-27.53975	-32.295	-36.2432	-38.7329	-39.9071	-40.2663	-40.2442	-40.0769	-39.8514	-39.5912	-39.3095	-39.0399	-38.8633	-38.8911	-39.1674	-39.5701	-39.8283	-39.6852	-39.0727	-38.1197	-37.0054	-35.8222	-34.5418	-33.0417	-31.13997	-28.64262	-25.44299	-21.65764
0.002	-16.70117	-19.50645	-21.93504	-23.90945	-25.48437	-26.77229	-27.8832	-28.88984	-29.80288	-30.55783	-31.04473	-31.19385	-31.05914	-30.80966	-30.62622	-30.60016	-30.71522	-30.9022	-31.09946	-31.27189	-31.3968	-31.43799	-31.30399	-30.79826	-29.61219	-27.44501	-24.27901	-20.60924	-17.30487	-15.12004	-14.37648	-15.12034	-17.30489	-20.60898	-24.27902	-27.4448	-29.61202	-30.79828	-31.30392	-31.438	-31.39685	-31.27182	-31.09938	-30.90212	-30.71516	-30.60011	-30.62614	-30.80958	-31.05907	-31.19386	-31.04472	-30.55782	-29.80285	-28.88979	-27.88312	-26.77227	-25.48432	-23.90943	-21.93506	-19.50643	-16.70118
0.0015	-12.17679	-14.16283	-15.9115	-17.3735	-18.57704	-19.58587	-20.46346	-21.25034	-21.94792	-22.51309	-22.87993	-23.01199	-22.94914	-22.80064	-22.68427	-22.66428	-22.73717	-22.86075	-22.99132	-23.09848	-23.15797	-23.13294	-22.94396	-22.44311	-21.42315	-19.71076	-17.33817	-14.6619	-12.2617	-10.6531	-10.09707	-10.65339	-12.26198	-14.66244	-17.33831	-19.71077	-21.42296	-22.44294	-22.9439	-23.13288	-23.15795	-23.09836	-22.99122	-22.86064	-22.73708	-22.66423	-22.68418	-22.8006	-22.94909	-23.01198	-22.87989	-22.51305	-21.94789	-21.25028	-20.4634	-19.58587	-18.57702	-17.37345	-15.91151	-14.16286	-12.17677
0.001	-7.95674	-9.22862	-10.36097	-11.32525	-12.13544	-12.82568	-13.42979	-13.96838	-14.4396	-14.81691	-15.06335	-15.16101	-15.13612	-15.0543	-14.98646	-14.97349	-15.01628	-15.0908	-15.16926	-15.22958	-15.25253	-15.20831	-15.04063	-14.65079	-13.91329	-12.73544	-11.1571	-9.40859	-7.84657	-6.79322	-6.42605	-6.79322	-7.84659	-9.40834	-11.15712	-12.73547	-13.91331	-14.65082	-15.04058	-15.20841	-15.25254	-15.22958	-15.1692	-15.09081	-15.01627	-14.97346	-14.98642	-15.05427	-15.13608	-15.16097	-15.06332	-14.81688	-14.43956	-13.96836	-13.42975	-12.82565	-12.13545	-11.32519	-10.36099	-9.22861	-7.9568
0.0005	-3.93108	-4.55201	-5.10848	-5.58722	-5.99418	-6.34403	-6.6514	-6.9247	-7.16215	-7.35116	-7.47513	-7.52684	-7.51928	-7.4833	-7.45226	-7.44596	-7.46575	-7.50069	-7.53724	-7.56397	-7.57015	-7.53988	-7.44342	-7.23239	-6.84719	-6.24839	-5.46074	-4.597	-3.82765	-3.30746	-3.125176	-3.30747	-3.82739	-4.59701	-5.46051	-6.24852	-6.84743	-7.23232	-7.44345	-7.53991	-7.57022	-7.56399	-7.53722	-7.50064	-7.46569	-7.44594	-7.45223	-7.48327	-7.51925	-7.52681	-7.4751	-7.35113	-7.16211	-6.92466	-6.65137	-6.344	-5.99413	-5.5872	-5.10847	-4.55203	-3.93104
0	-6.27354e-6	-8.17238e-6	-0.00001046553	-0.00001321962	-0.0000160026	-0.00001886115	-0.00002143586	-0.00002353198	-0.00002482728	-0.00002544949	-0.00002497519	-0.00002394431	-0.00002252785	-0.00002121481	-0.00002033544	-0.0000267054	-0.00001848576	-0.0000160462	-0.00001166079	-5.02291e-6	2.825939e-6	0.00001007884	0.00001501999	0.00001623087	0.00001456877	0.00001171421	9.38052e-6	7.90964e-6	6.38714e-6	3.7255e-6	-2.105098e-10	-3.70679e-6	-6.3406e-6	-7.9433e-6	-9.73417e-6	-0.00001269521	-0.000016454	-0.00001951004	-0.00001994753	0.0000594565	-0.000011519	-5.44076e-6	0.00002499373	2.669727e-6	0.00002192453	4.32852e-6	4.49721e-6	5.02724e-6	6.08734e-6	7.46111e-6	8.85177e-6	9.76291e-6	0.000010282	0.00001032289	9.96669e-6	9.57147e-6	9.03009e-6	8.30817e-6	7.76589e-6	7.05485e-6	6.22884e-6
-0.0005	3.93103	4.55202	5.10846	5.58717	5.99414	6.34401	6.65134	6.92466	7.1621	7.35111	7.47508	7.52679	7.51924	7.48326	7.45221	7.44592	7.4657	7.50061	7.53719	7.56393	7.57015	7.54006	7.44345	7.23232	6.84733	6.24853	5.46076	4.59701	3.82766	3.30747	3.125176	3.30746	3.82765	4.59674	5.46074	6.2485	6.84719	7.23229	7.44358	7.53995	7.57027	7.56395	7.53725	7.50066	7.46571	7.44595	7.45224	7.48329	7.51927	7.52682	7.47512	7.35115	7.16214	6.92469	6.65139	6.34404	5.99415	5.58724	5.10848	4.55207	3.93105
-0.001	7.95673	9.22861	10.36098	11.3252	12.13541	12.82559	13.4297	13.96833	14.43954	14.81686	15.0633	15.16096	15.13606	15.05426	14.98641	14.97345	15.01624	15.09085	15.1692	15.22954	15.25247	15.20833	15.04066	14.65083	13.91322	12.73558	11.15736	9.40835	7.84632	6.79323	6.42605	6.79322	7.84657	9.40833	11.1571	12.73544	13.91339	14.65087	15.04062	15.20844	15.25238	15.2296	15.16921	15.09083	15.01626	14.97347	14.98644	15.05428	15.1361	15.16099	15.06333	14.8169	14.43958	13.96838	13.42975	12.82565	12.13547	11.32525	10.36101	9.22865	7.95675
-0.0015	12.17671	14.16288	15.91147	17.37344	18.577	19.58587	20.46338	21.25027	21.94786	22.51302	22.87988	23.01198	22.9491	22.80062	22.68413	22.66423	22.73708	22.86068	22.99121	23.09838	23.15796	23.13282	22.944	22.44314	21.42297	19.71077	17.33831	14.66191	12.26171	10.65339	10.09707	10.65338	12.26197	14.6619	17.33817	19.71063	21.42303	22.44291	22.94393	23.13292	23.15794	23.0984	22.99123	22.8607	22.73708	22.66422	22.68419	22.80061	22.94912	23.01201	22.87991	22.51307	21.9479	21.25032	20.46345	19.58585	18.57697	17.3735	15.9115	14.16288	12.17679
-0.002	16.70117	19.5064	21.93509	23.90944	25.48433	26.77221	27.8831	28.88981	29.80283	30.55775	31.04467	31.19384	31.05907	30.80959	30.62615	30.60014	30.71519	30.90212	31.09942	31.27184	31.39687	31.43802	31.30414	30.79829	29.61214	27.44491	24.27888	20.60926	17.3046	15.12035	14.37648	15.12062	17.30487	20.60924	24.27873	27.44504	29.61219	30.79823	31.30404	31.438	31.39685	31.27179	31.09939	30.90218	30.71521	30.60016	30.62616	30.80957	31.05912	31.19382	31.04471	30.55779	29.80287	28.88983	27.88316	26.77226	25.48434	23.90945	21.93507	19.50645	16.70119
-0.0025	21.65763	25.44297	28.64259	31.13995	33.0416	34.5418	35.8221	37.0053	38.1197	39.0727	39.6853	39.8283	39.5701	39.1673	38.8911	38.8634	39.0399	39.3095	39.5911	39.8514	40.0769	40.2443	40.2664	39.9072	38.7328	36.2432	32.2953	27.53976	23.25129	20.4909	19.58005	20.49117	23.25126	27.53999	32.2951	36.2433	38.7328	39.9073	40.2663	40.2442	40.0768	39.8514	39.5911	39.3096	39.0399	38.8634	38.8911	39.1674	39.5702	39.8284	39.6853	39.0727	38.1197	37.0054	35.8222	34.5418	33.0417	31.1399	28.64263	25.44304	21.65769
-0.003	27.20125	32.2084	36.3017	39.3151	41.4589	43.0628	44.4159	45.7123	47.0112	48.1836	48.941	49.0492	48.5906	47.9572	47.5541	47.5366	47.8049	48.1814	48.5655	48.9383	49.3035	49.6651	49.9671	49.9568	49.0564	46.4595	41.764	35.7941	30.43388	27.16822	26.16123	27.16818	30.43383	35.7943	41.7641	46.4595	49.0564	49.9567	49.9669	49.6651	49.3034	48.9383	48.5657	48.1815	47.8049	47.5368	47.5539	47.9572	48.5907	49.0494	48.9411	48.1837	47.0113	45.7124	44.4159	43.0628	41.4589	39.3151	36.3018	32.2085	27.2013
-0.0035	33.5273	40.1228	45.2679	48.7458	50.9772	52.5153	53.799	55.1192	56.584	58.0213	58.9699	59.0096	58.2345	57.2556	56.683	56.7039	57.1116	57.6223	58.1237	58.6341	59.1798	59.8056	60.5271	61.1222	60.8723	58.5152	53.1471	45.7746	39.2609	35.7248	34.8044	35.7244	39.2612	45.7746	53.1477	58.5149	60.8722	61.1221	60.5268	59.8055	59.1798	58.6341	58.1237	57.6222	57.1115	56.7039	56.683	57.2556	58.2344	59.0096	58.9699	58.0214	56.584	55.1192	53.799	52.5152	50.9772	48.7458	45.2681	40.1228	33.5274
-0.004	40.8943	49.6472	56.0333	59.8245	61.8733	63.0882	64.1015	65.3209	66.9312	68.7209	69.958	69.8915	68.6211	67.1257	66.3348	66.4513	67.0737	67.7445	68.366	69.0409	69.8075	70.7587	72.0426	73.549	74.4802	72.9207	67.029	57.946	50.2193	47.0106	46.6147	47.0105	50.2195	57.9462	67.0293	72.9209	74.4803	73.549	72.0425	70.7586	69.8073	69.0409	68.3662	67.7445	67.0737	66.4514	66.3348	67.1259	68.6212	69.8916	69.9581	68.7211	66.9313	65.3211	64.1015	63.0883	61.8733	59.8247	56.0333	49.6472	40.8942
-0.0045	49.6578	61.4883	69.3035	73.0473	74.4556	74.9736	75.4419	76.3905	78.1212	80.4189	82.1375	81.926	79.8747	77.6052	76.5455	76.8699	77.8288	78.6734	79.3889	80.2625	81.292	82.6056	84.578	87.3235	90.1652	90.3153	84.1771	72.8272	63.8429	62.3376	63.4681	62.3375	63.8421	72.8272	84.1772	90.3154	90.1652	87.3231	84.5779	82.6057	81.2919	80.2626	79.389	78.6735	77.8289	76.8699	76.5453	77.6051	79.8747	81.9259	82.1378	80.4192	78.1211	76.3905	75.4419	74.9738	74.4557	73.0475	69.3037	61.4881	49.6578
-0.005	60.3298	76.8111	86.1222	89.0252	89.0497	88.355	87.9188	88.3668	90.1758	93.2454	95.817	95.4251	92.1184	88.6825	87.319	88.0594	89.5594	90.5522	91.269	92.4079	93.7528	95.413	98.1624	102.4239	108.1392	111.5095	105.6569	90.9392	80.576	83.8068	88.7367	83.8073	80.5757	90.9387	105.657	111.5097	108.139	102.4234	98.1621	95.4128	93.7529	92.4083	91.2692	90.5526	89.5595	88.0596	87.3191	88.6825	92.1183	95.4253	95.8173	93.2455	90.1761	88.3666	87.9192	88.355	89.0498	89.0252	86.1222	76.8111	60.3298
# Longitudinally Integrated Squared Transverse Magnetic Field [T2m]
START
 	-0.03	-0.029	-0.028	-0.027	-0.026	-0.025	-0.024	-0.023	-0.022	-0.021	-0.02	-0.019	-0.018	-0.017	-0.016	-0.015	-0.014	-0.013	-0.012	-0.011	-0.01	-0.009	-0.008	-0.007	-0.006	-0.005	-0.004	-0.003	-0.002	-0.001	0	0.001	0.002	0.003	0.004	0.005	0.006	0.007	0.008	0.009	0.01	0.011	0.012	0.013	0.014	0.015	0.016	0.017	0.018	0.019	0.02	0.021	0.022	0.023	0.024	0.025	0.026	0.027	0.028	0.029	0.03
0.005	0.410032	0.461695	0.49346	0.505442	0.504746	0.497883	0.489009	0.480548	0.473675	0.46869	0.465579	0.464346	0.465055	0.467814	0.472775	0.480156	0.490291	0.503757	0.521518	0.54475	0.574276	0.610573	0.654249	0.706298	0.768229	0.841982	0.9287	1.02628	1.125708	1.206128	1.238081	1.206128	1.125708	1.02628	0.9287	0.841982	0.768229	0.706297	0.654249	0.610572	0.574275	0.544749	0.521518	0.503756	0.49029	0.480155	0.472775	0.467814	0.465055	0.464346	0.465579	0.46869	0.473675	0.480547	0.489009	0.497882	0.504746	0.505442	0.49346	0.461695	0.410032
0.0045	0.342601	0.377368	0.398826	0.406812	0.405435	0.399128	0.391094	0.383317	0.376851	0.372113	0.369232	0.368277	0.369332	0.372521	0.37801	0.386041	0.396965	0.411317	0.429871	0.453527	0.483055	0.519054	0.562132	0.613031	0.672626	0.741646	0.81967	0.903311	0.983803	1.045257	1.068768	1.045257	0.983804	0.903311	0.81967	0.741646	0.672626	0.61303	0.562132	0.519054	0.483055	0.453526	0.42987	0.411317	0.396964	0.386041	0.37801	0.37252	0.369332	0.368276	0.369232	0.372113	0.376851	0.383317	0.391094	0.399128	0.405435	0.406812	0.398826	0.377368	0.342601
0.004	0.2870171	0.3094855	0.322449	0.32599	0.322768	0.3158979	0.3078211	0.3001333	0.2937365	0.2890581	0.2862801	0.2855027	0.2868225	0.2903659	0.2963097	0.3049025	0.316496	0.331583	0.350821	0.374961	0.404721	0.440723	0.483535	0.533681	0.591551	0.657047	0.728762	0.802666	0.870678	0.920431	0.938956	0.920431	0.870678	0.802666	0.728762	0.657047	0.591551	0.533681	0.483534	0.440723	0.404721	0.374961	0.35082	0.331583	0.316495	0.3049023	0.2963095	0.2903657	0.2868223	0.2855025	0.2862799	0.2890579	0.2937363	0.3001331	0.3078209	0.3158977	0.322768	0.32599	0.322449	0.3094855	0.2870171
0.0035	0.2412888	0.2545871	0.260689	0.2599863	0.2544521	0.2464048	0.2377402	0.2297413	0.2231623	0.2183905	0.2156109	0.2149288	0.2164405	0.2202712	0.2265977	0.2356695	0.2478301	0.263541	0.2833869	0.308036	0.338159	0.374362	0.417153	0.466877	0.523554	0.586518	0.65374	0.7209	0.78063	0.822974	0.838439	0.822974	0.78063	0.7209	0.65374	0.586518	0.523554	0.466877	0.417153	0.374362	0.338159	0.3080358	0.2833867	0.2635408	0.2478299	0.2356693	0.2265976	0.220271	0.2164403	0.2149286	0.2156108	0.2183903	0.2231621	0.2297411	0.23774	0.2464047	0.2544519	0.2599862	0.2606889	0.2545871	0.2412888
0.003	0.2039449	0.2103176	0.2109465	0.2064863	0.1985863	0.1891011	0.1795608	0.1710157	0.1640918	0.1591192	0.1562605	0.1556094	0.1572533	0.1613103	0.1679531	0.177427	0.1900667	0.2063099	0.2266986	0.2518501	0.2823977	0.318919	0.361856	0.411408	0.467318	0.528525	0.592601	0.655116	0.709314	0.746871	0.760399	0.746871	0.709313	0.655116	0.592601	0.528525	0.467318	0.411408	0.361856	0.318918	0.2823975	0.2518499	0.2266984	0.2063097	0.1900665	0.1774269	0.167953	0.1613102	0.1572532	0.1556093	0.1562603	0.1591191	0.1640916	0.1710155	0.1795606	0.1891009	0.1985862	0.2064862	0.2109464	0.2103175	0.2039449
0.0025	0.1738818	0.1750139	0.1713407	0.1637125	0.1536299	0.142683	0.1321692	0.122975	0.115625	0.1103916	0.1074055	0.1067404	0.1084693	0.1127001	0.1195983	0.1294035	0.1424418	0.1591354	0.1800001	0.2056219	0.236605	0.2734951	0.316677	0.366227	0.421687	0.481714	0.543626	0.602964	0.65345	0.687869	0.700147	0.687869	0.65345	0.602964	0.543626	0.481714	0.421687	0.366227	0.316677	0.273495	0.2366049	0.2056218	0.18	0.1591353	0.1424417	0.1294034	0.1195983	0.1127	0.1084692	0.1067403	0.1074054	0.1103915	0.1156248	0.1229749	0.1321691	0.1426829	0.1536298	0.1637124	0.1713406	0.1750139	0.1738818
0.002	0.1502687	0.1474793	0.1404987	0.1303147	0.1183622	0.1060836	0.0946336	0.0847897	0.0770011	0.0714911	0.0683577	0.0676521	0.069431	0.073791	0.0808895	0.0909598	0.1043215	0.1213863	0.1426545	0.1686921	0.2000817	0.2373407	0.2808038	0.330454	0.38568	0.444943	0.505394	0.562582	0.610586	0.642936	0.654398	0.642936	0.610586	0.562582	0.505394	0.444943	0.38568	0.330454	0.2808037	0.2373407	0.2000817	0.1686921	0.1426544	0.1213863	0.1043215	0.0909598	0.0808895	0.0737909	0.0694309	0.067652	0.0683576	0.071491	0.077001	0.0847896	0.0946335	0.1060835	0.118362	0.1303146	0.1404986	0.1474793	0.1502686
0.0015	0.132486	0.1268504	0.1174232	0.1052846	0.0918421	0.0784579	0.0662024	0.055784	0.0476	0.0418351	0.0385594	0.0378032	0.0396083	0.0440603	0.0513091	0.0615824	0.0751945	0.0925509	0.1141426	0.1405232	0.1722597	0.2098465	0.2535787	0.3033688	0.358496	0.417286	0.47678	0.532545	0.578914	0.609915	0.620849	0.609915	0.578914	0.532545	0.47678	0.417286	0.358496	0.3033688	0.2535787	0.2098465	0.1722596	0.1405232	0.1141426	0.0925509	0.0751945	0.0615824	0.0513091	0.0440603	0.0396083	0.0378032	0.0385593	0.041835	0.0475999	0.0557839	0.0662023	0.0784578	0.091842	0.1052845	0.1174232	0.1268503	0.1324859
0.001	0.1200852	0.112517	0.101407	0.0878935	0.0733738	0.0591679	0.0462994	0.0354358	0.02694079	0.02097255	0.01758006	0.01677743	0.01859423	0.02310726	0.03046031	0.0408768	0.0546676	0.0722343	0.0940626	0.1206989	0.1526992	0.1905418	0.234493	0.2844168	0.339518	0.398032	0.456931	0.511801	0.557145	0.587303	0.597908	0.587303	0.557145	0.511801	0.456931	0.398032	0.339518	0.2844168	0.234493	0.1905418	0.1526992	0.1206989	0.0940626	0.0722343	0.0546676	0.0408768	0.03046032	0.02310725	0.01859421	0.0167774	0.01758001	0.02097248	0.0269407	0.0354357	0.0462993	0.0591678	0.0733737	0.0878934	0.1014069	0.112517	0.1200851
0.0005	0.1127621	0.1040723	0.0919777	0.0776484	0.0624788	0.0477688	0.0345186	0.02337444	0.01468165	0.00858288	0.0051142	0.00427944	0.00610035	0.01064807	0.01806245	0.02856418	0.0424622	0.060156	0.0821286	0.1089225	0.1410876	0.1790923	0.2231856	0.2732029	0.328305	0.386678	0.445254	0.499634	0.544414	0.57411	0.584535	0.57411	0.544414	0.499634	0.445254	0.386678	0.328305	0.2732029	0.2231857	0.1790923	0.1410877	0.1089226	0.0821287	0.060156	0.0424622	0.02856422	0.01806249	0.01064809	0.00610035	0.00427942	0.00511417	0.00858284	0.01468159	0.02337436	0.0345185	0.0477687	0.0624787	0.0776484	0.0919776	0.1040722	0.112762
0	0.1103403	0.1012827	0.088864	0.0742645	0.0588778	0.043998	0.03061834	0.0193785	0.01061796	0.00447426	0.000979152	0.0001329584	0.001954753	0.00651372	0.01394834	0.02447838	0.0384121	0.0561485	0.0781696	0.1050167	0.1372379	0.175298	0.2194405	0.2694911	0.324597	0.382926	0.441401	0.495624	0.540224	0.569773	0.580141	0.569773	0.540224	0.495624	0.441401	0.382926	0.324597	0.2694911	0.2194405	0.175298	0.1372379	0.1050168	0.0781697	0.0561485	0.0384122	0.02447844	0.0139484	0.00651376	0.001954774	0.0001329616	0.000979138	0.00447423	0.01061791	0.01937844	0.03061828	0.0439979	0.0588777	0.0742645	0.088864	0.1012827	0.1103403
-0.0005	0.112762	0.1040722	0.0919776	0.0776484	0.0624788	0.0477687	0.0345186	0.0233744	0.01468161	0.00858285	0.00511416	0.0042794	0.00610031	0.01064803	0.01806242	0.02856414	0.0424621	0.060156	0.0821286	0.1089225	0.1410876	0.1790923	0.2231856	0.2732029	0.328305	0.386678	0.445254	0.499634	0.544414	0.57411	0.584535	0.57411	0.544414	0.499634	0.445254	0.386678	0.328305	0.2732029	0.2231857	0.1790923	0.1410877	0.1089225	0.0821287	0.060156	0.0424622	0.02856422	0.01806248	0.01064809	0.00610035	0.00427942	0.00511417	0.00858284	0.01468159	0.02337437	0.0345185	0.0477687	0.0624787	0.0776484	0.0919776	0.1040722	0.112762
-0.001	0.1200851	0.112517	0.101407	0.0878934	0.0733737	0.0591678	0.0462994	0.0354358	0.02694071	0.02097247	0.01757998	0.01677735	0.01859415	0.02310718	0.03046024	0.0408767	0.0546675	0.0722342	0.0940625	0.1206988	0.1526991	0.1905418	0.234493	0.2844168	0.339518	0.398032	0.456931	0.511801	0.557145	0.587303	0.597908	0.587303	0.557145	0.511801	0.456931	0.398032	0.339518	0.2844168	0.234493	0.1905418	0.1526992	0.1206989	0.0940626	0.0722343	0.0546676	0.0408768	0.03046031	0.02310725	0.01859421	0.01677739	0.01758001	0.02097248	0.02694071	0.0354357	0.0462993	0.0591678	0.0733737	0.0878934	0.1014069	0.112517	0.1200851
-0.0015	0.1324859	0.1268503	0.1174232	0.1052845	0.091842	0.0784578	0.0662023	0.0557839	0.0475998	0.0418349	0.0385592	0.0378031	0.0396082	0.0440602	0.051309	0.0615823	0.0751944	0.0925508	0.1141424	0.1405231	0.1722596	0.2098464	0.2535786	0.3033688	0.358496	0.417286	0.47678	0.532545	0.578914	0.609915	0.620849	0.609915	0.578914	0.532545	0.47678	0.417286	0.358496	0.3033688	0.2535786	0.2098465	0.1722596	0.1405232	0.1141425	0.0925509	0.0751945	0.0615823	0.0513091	0.0440603	0.0396083	0.0378032	0.0385593	0.041835	0.0475999	0.0557839	0.0662023	0.0784578	0.091842	0.1052845	0.1174232	0.1268504	0.1324859
-0.002	0.1502686	0.1474792	0.1404986	0.1303146	0.118362	0.1060835	0.0946335	0.0847895	0.077001	0.071491	0.0683576	0.0676519	0.0694308	0.0737908	0.0808893	0.0909597	0.1043214	0.1213862	0.1426543	0.168692	0.2000816	0.2373407	0.2808037	0.330454	0.38568	0.444943	0.505394	0.562582	0.610586	0.642936	0.654398	0.642936	0.610586	0.562582	0.505394	0.444943	0.38568	0.330454	0.2808037	0.2373407	0.2000817	0.168692	0.1426544	0.1213863	0.1043215	0.0909598	0.0808894	0.0737909	0.0694309	0.067652	0.0683576	0.071491	0.077001	0.0847896	0.0946335	0.1060835	0.1183621	0.1303146	0.1404986	0.1474793	0.1502686
-0.0025	0.1738817	0.1750138	0.1713406	0.1637123	0.1536297	0.1426828	0.132169	0.1229748	0.1156247	0.1103914	0.1074053	0.1067402	0.1084691	0.1126999	0.1195981	0.1294033	0.1424416	0.1591352	0.18	0.2056218	0.2366049	0.273495	0.316677	0.366227	0.421687	0.481714	0.543626	0.602964	0.65345	0.687869	0.700147	0.687869	0.65345	0.602964	0.543626	0.481714	0.421687	0.366227	0.316677	0.273495	0.2366049	0.2056218	0.18	0.1591353	0.1424417	0.1294034	0.1195982	0.1127	0.1084692	0.1067403	0.1074054	0.1103915	0.1156248	0.1229749	0.1321691	0.1426829	0.1536298	0.1637124	0.1713406	0.1750139	0.1738818
-0.003	0.2039449	0.2103175	0.2109464	0.2064862	0.1985861	0.1891008	0.1795605	0.1710154	0.1640915	0.1591189	0.1562602	0.1556091	0.157253	0.1613101	0.1679529	0.1774268	0.1900664	0.2063096	0.2266983	0.2518499	0.2823975	0.318918	0.361856	0.411408	0.467318	0.528525	0.592601	0.655117	0.709314	0.746871	0.760399	0.746871	0.709313	0.655116	0.592601	0.528525	0.467318	0.411407	0.361856	0.318918	0.2823975	0.2518499	0.2266984	0.2063097	0.1900665	0.1774269	0.167953	0.1613102	0.1572532	0.1556093	0.1562603	0.159119	0.1640916	0.1710155	0.1795607	0.1891009	0.1985863	0.2064863	0.2109465	0.2103176	0.203945
-0.0035	0.2412887	0.254587	0.2606888	0.2599861	0.2544518	0.2464045	0.2377399	0.2297409	0.2231619	0.2183902	0.2156106	0.2149285	0.2164402	0.2202708	0.2265974	0.2356692	0.2478298	0.2635407	0.2833866	0.3080357	0.338159	0.374362	0.417153	0.466877	0.523554	0.586518	0.65374	0.7209	0.78063	0.822974	0.838439	0.822974	0.78063	0.7209	0.65374	0.586518	0.523554	0.466877	0.417153	0.374362	0.338159	0.3080357	0.2833867	0.2635408	0.2478299	0.2356693	0.2265976	0.220271	0.2164403	0.2149286	0.2156107	0.2183903	0.2231621	0.2297411	0.2377401	0.2464047	0.254452	0.2599863	0.2606889	0.2545871	0.2412889
-0.004	0.287017	0.3094853	0.322449	0.325989	0.322767	0.3158975	0.3078207	0.3001329	0.2937361	0.2890577	0.2862797	0.2855023	0.2868221	0.2903656	0.2963094	0.3049022	0.316495	0.331583	0.35082	0.374961	0.404721	0.440723	0.483534	0.533681	0.591551	0.657047	0.728762	0.802666	0.870678	0.920431	0.938956	0.920431	0.870678	0.802666	0.728762	0.657047	0.591551	0.533681	0.483534	0.440723	0.404721	0.374961	0.35082	0.331583	0.316495	0.3049023	0.2963095	0.2903657	0.2868222	0.2855025	0.2862799	0.2890579	0.2937363	0.3001331	0.3078209	0.3158978	0.322768	0.32599	0.322449	0.3094855	0.2870172
-0.0045	0.342601	0.377368	0.398825	0.406812	0.405435	0.399127	0.391093	0.383317	0.376851	0.372113	0.369232	0.368276	0.369332	0.37252	0.37801	0.38604	0.396964	0.411317	0.42987	0.453526	0.483055	0.519054	0.562132	0.613031	0.672626	0.741646	0.81967	0.903311	0.983804	1.045257	1.068768	1.045257	0.983803	0.903311	0.81967	0.741646	0.672626	0.61303	0.562132	0.519054	0.483055	0.453526	0.42987	0.411317	0.396964	0.386041	0.37801	0.37252	0.369332	0.368276	0.369232	0.372113	0.376851	0.383317	0.391094	0.399128	0.405435	0.406812	0.398826	0.377369	0.342601
-0.005	0.410032	0.461695	0.49346	0.505442	0.504746	0.497882	0.489009	0.480547	0.473674	0.46869	0.465579	0.464346	0.465055	0.467813	0.472775	0.480155	0.49029	0.503756	0.521518	0.544749	0.574275	0.610572	0.654249	0.706298	0.768229	0.841982	0.928701	1.02628	1.125708	1.206128	1.238081	1.206128	1.125708	1.02628	0.9287	0.841982	0.768228	0.706297	0.654249	0.610572	0.574275	0.544749	0.521518	0.503756	0.49029	0.480155	0.472775	0.467814	0.465055	0.464346	0.465579	0.46869	0.473675	0.480547	0.489009	0.497882	0.504746	0.505442	0.49346	0.461695	0.410033