# Auto-generated by pyeletra.utils.kickmap.generate_Radia_kickmap_file()
# Undulator Length [m]
1.75
# Number of Horizontal Points
61
# Number of Vertical Points
21
# Horizontal Kick [micro-rad]
START
                          -2.9999999999999999e-02 -2.9000000000000001e-02 -2.8000000000000001e-02 -2.7000000000000000e-02 -2.5999999999999999e-02 -2.5000000000000001e-02 -2.4000000000000000e-02 -2.3000000000000000e-02 -2.1999999999999999e-02 -2.1000000000000001e-02 -2.0000000000000000e-02 -1.9000000000000000e-02 -1.7999999999999999e-02 -1.7000000000000001e-02 -1.6000000000000000e-02 -1.4999999999999999e-02 -1.4000000000000000e-02 -1.2999999999999999e-02 -1.2000000000000000e-02 -1.0999999999999999e-02 -1.0000000000000000e-02 -8.9999999999999993e-03 -8.0000000000000002e-03 -7.0000000000000001e-03 -6.0000000000000001e-03 -5.0000000000000001e-03 -4.0000000000000001e-03 -3.0000000000000001e-03 -2.0000000000000000e-03 -1.0000000000000000e-03  0.0000000000000000e+00  1.0000000000000000e-03  2.0000000000000000e-03  3.0000000000000001e-03  4.0000000000000001e-03  5.0000000000000001e-03  6.0000000000000001e-03  7.0000000000000001e-03  8.0000000000000002e-03  8.9999999999999993e-03  1.0000000000000000e-02  1.0999999999999999e-02  1.2000000000000000e-02  1.2999999999999999e-02  1.4000000000000000e-02  1.4999999999999999e-02  1.6000000000000000e-02  1.7000000000000001e-02  1.7999999999999999e-02  1.9000000000000000e-02  2.0000000000000000e-02  2.1000000000000001e-02  2.1999999999999999e-02  2.3000000000000000e-02  2.4000000000000000e-02  2.5000000000000001e-02  2.5999999999999999e-02  2.7000000000000000e-02  2.8000000000000001e-02  2.9000000000000001e-02  2.9999999999999999e-02
   5.0000000000000001e-03 -1.0961325000000000e+01 -8.0425749999999994e+00 -3.9423499999999998e+00 -8.3309999999999995e-01  8.6437750000000002e-01  1.5689175000000000e+00  1.6779999999999999e+00  1.4569749999999999e+00  1.1125475000000000e+00  7.5779750000000001e-01  4.0782499999999999e-01  5.0827999999999998e-02 -3.2276500000000002e-01 -7.2072749999999997e-01 -1.1523850000000000e+00 -1.6335325000000001e+00 -2.1951524999999998e+00 -2.8989500000000001e+00 -3.8187250000000001e+00 -4.9410499999999997e+00 -6.1716749999999996e+00 -7.4910500000000004e+00 -8.9562749999999998e+00 -1.0651350000000001e+01 -1.2684200000000001e+01 -1.5068300000000001e+01 -1.7449449999999999e+01 -1.8932800000000000e+01 -1.7744775000000001e+01 -1.1434925000000000e+01 -5.7892999999999998e-06  1.1434950000000001e+01  1.7744750000000000e+01  1.8932925000000001e+01  1.7449349999999999e+01  1.5068275000000000e+01  1.2684250000000000e+01  1.0651350000000001e+01  8.9561750000000000e+00  7.4911250000000003e+00  6.1716499999999996e+00  4.9412000000000003e+00  3.8187500000000001e+00  2.8988749999999999e+00  2.1951049999999999e+00  1.6335424999999999e+00  1.1524075000000000e+00  7.2071249999999998e-01  3.2280249999999999e-01 -5.0842499999999999e-02 -4.0786499999999998e-01 -7.5778250000000003e-01 -1.1125624999999999e+00 -1.4569125000000001e+00 -1.6779400000000000e+00 -1.5689100000000000e+00 -8.6445000000000005e-01  8.3313749999999998e-01  3.9423750000000002e+00  8.0425500000000003e+00  1.0961375000000000e+01
   4.4999999999999997e-03 -7.4509999999999996e+00 -5.3924000000000003e+00 -2.6780499999999998e+00 -4.7428500000000001e-01  8.3865999999999996e-01  1.4225850000000000e+00  1.5282899999999999e+00  1.3569500000000001e+00  1.0577350000000001e+00  7.1689000000000003e-01  3.6171999999999999e-01 -7.1932999999999997e-03 -3.9529249999999999e-01 -8.1025749999999996e-01 -1.2627474999999999e+00 -1.7691349999999999e+00 -2.3563624999999999e+00 -3.0662750000000001e+00 -3.9408750000000001e+00 -4.9794250000000000e+00 -6.1424750000000001e+00 -7.4125750000000004e+00 -8.8072999999999997e+00 -1.0356150000000000e+01 -1.2072350000000000e+01 -1.3862325000000000e+01 -1.5361124999999999e+01 -1.5800125000000000e+01 -1.3932200000000000e+01 -8.5109250000000003e+00 -4.7821749999999997e-06  8.5109750000000002e+00  1.3932200000000000e+01  1.5800075000000000e+01  1.5361124999999999e+01  1.3862325000000000e+01  1.2072350000000000e+01  1.0356100000000000e+01  8.8073750000000004e+00  7.4125500000000004e+00  6.1424750000000001e+00  4.9794000000000000e+00  3.9407999999999999e+00  3.0663250000000000e+00  2.3563399999999999e+00  1.7691200000000000e+00  1.2626999999999999e+00  8.1018999999999997e-01  3.9531250000000001e-01  7.2390500000000003e-03 -3.6169499999999999e-01 -7.1694500000000005e-01 -1.0576900000000000e+00 -1.3569024999999999e+00 -1.5283374999999999e+00 -1.4225025000000000e+00 -8.3871499999999999e-01  4.7428500000000001e-01  2.6780750000000002e+00  5.3923500000000004e+00  7.4509249999999998e+00
   4.0000000000000001e-03 -4.9396750000000003e+00 -3.3827250000000002e+00 -1.4930075000000000e+00  7.0602499999999999e-02  1.0362724999999999e+00  1.4652400000000001e+00  1.5177700000000001e+00  1.3417600000000001e+00  1.0481674999999999e+00  7.0370750000000004e-01  3.3622249999999998e-01 -4.8352750000000000e-02 -4.5321499999999998e-01 -8.8607250000000004e-01 -1.3581799999999999e+00 -1.8855375000000001e+00 -2.4910800000000002e+00 -3.2050250000000000e+00 -4.0552500000000000e+00 -5.0472750000000000e+00 -6.1650749999999999e+00 -7.3928500000000001e+00 -8.7240500000000001e+00 -1.0146575000000000e+01 -1.1612975000000000e+01 -1.2971925000000001e+01 -1.3866650000000000e+01 -1.3662025000000000e+01 -1.1501225000000000e+01 -6.7605750000000002e+00 -4.0281499999999997e-06  6.7605750000000002e+00  1.1501175000000000e+01  1.3662025000000000e+01  1.3866675000000001e+01  1.2972049999999999e+01  1.1612925000000001e+01  1.0146575000000000e+01  8.7240500000000001e+00  7.3928250000000002e+00  6.1650749999999999e+00  5.0474249999999996e+00  4.0552250000000001e+00  3.2051249999999998e+00  2.4911550000000000e+00  1.8855150000000001e+00  1.3581475000000001e+00  8.8612500000000005e-01  4.5322750000000001e-01  4.8382500000000002e-02 -3.3626250000000002e-01 -7.0368750000000002e-01 -1.0480875000000001e+00 -1.3417200000000000e+00 -1.5177000000000000e+00 -1.4651749999999999e+00 -1.0362674999999999e+00 -7.0567749999999999e-02  1.4929625000000000e+00  3.3827250000000002e+00  4.9396750000000003e+00
   3.5000000000000001e-03 -3.0906500000000001e+00 -1.8423700000000001e+00 -4.6052500000000002e-01  6.6105999999999998e-01  1.3447674999999999e+00  1.6198475000000001e+00  1.5965950000000000e+00  1.3864300000000001e+00  1.0745050000000000e+00  7.1336250000000001e-01  3.2776499999999997e-01 -7.5207750000000004e-02 -4.9824499999999999e-01 -9.4900499999999999e-01 -1.4392600000000000e+00 -1.9846050000000000e+00 -2.6050000000000000e+00 -3.3240500000000002e+00 -4.1630500000000001e+00 -5.1305249999999996e+00 -6.2195499999999999e+00 -7.4142500000000000e+00 -8.6920000000000002e+00 -1.0011400000000000e+01 -1.1285475000000000e+01 -1.2332125000000000e+01 -1.2812150000000001e+01 -1.2207075000000000e+01 -9.9261499999999998e+00 -5.6757249999999999e+00 -3.3350249999999999e-06  5.6757000000000000e+00  9.9261750000000006e+00  1.2207100000000001e+01  1.2812175000000000e+01  1.2332174999999999e+01  1.1285475000000000e+01  1.0011374999999999e+01  8.6919749999999993e+00  7.4142749999999999e+00  6.2195499999999999e+00  5.1305750000000003e+00  4.1630500000000001e+00  3.3240500000000002e+00  2.6049500000000001e+00  1.9845850000000000e+00  1.4392974999999999e+00  9.4903999999999999e-01  4.9822499999999997e-01  7.5207499999999997e-02 -3.2779999999999998e-01 -7.1332750000000000e-01 -1.0744800000000001e+00 -1.3864974999999999e+00 -1.5965849999999999e+00 -1.6198675000000000e+00 -1.3447875000000000e+00 -6.6099500000000000e-01  4.6052500000000002e-01  1.8423475000000000e+00  3.0906250000000002e+00
   3.0000000000000001e-03 -1.7070050000000001e+00 -6.5635500000000002e-01  4.0361999999999998e-01  1.2227825000000001e+00  1.6898899999999999e+00  1.8291500000000001e+00  1.7257000000000000e+00  1.4682750000000000e+00  1.1252275000000000e+00  7.3955000000000004e-01  3.3221750000000000e-01 -9.0653750000000005e-02 -5.3204499999999999e-01 -1.0002025000000001e+00 -1.5070650000000001e+00 -2.0680174999999998e+00 -2.7012499999999999e+00 -3.4270000000000000e+00 -4.2631750000000004e+00 -5.2191250000000000e+00 -6.2911000000000001e+00 -7.4617500000000003e+00 -8.6970500000000008e+00 -9.9351249999999993e+00 -1.1063300000000000e+01 -1.1883300000000000e+01 -1.2077150000000000e+01 -1.1217900000000000e+01 -8.8920999999999992e+00 -4.9851000000000001e+00 -2.7421000000000000e-06  4.9851000000000001e+00  8.8920999999999992e+00  1.1217900000000000e+01  1.2077150000000000e+01  1.1883250000000000e+01  1.1063275000000001e+01  9.9351000000000003e+00  8.6970250000000000e+00  7.4617250000000004e+00  6.2911000000000001e+00  5.2191000000000001e+00  4.2631500000000004e+00  3.4270000000000000e+00  2.7012749999999999e+00  2.0679775000000000e+00  1.5070725000000000e+00  1.0001350000000000e+00  5.3205749999999996e-01  9.0671749999999995e-02 -3.3222750000000001e-01 -7.3954249999999999e-01 -1.1252450000000001e+00 -1.4682299999999999e+00 -1.7257199999999999e+00 -1.8292124999999999e+00 -1.6898800000000000e+00 -1.2227625000000000e+00 -4.0360750000000001e-01  6.5639749999999997e-01  1.7070075000000000e+00
   2.5000000000000001e-03 -6.6723500000000002e-01  2.5350250000000002e-01  1.1052599999999999e+00  1.7183774999999999e+00  2.0248650000000001e+00  2.0525674999999999e+00  1.8747974999999999e+00  1.5674625000000000e+00  1.1889050000000001e+00  7.7557500000000001e-01  3.4519250000000001e-01 -9.7594500000000001e-02 -5.5656749999999999e-01 -1.0406800000000000e+00 -1.5624600000000000e+00 -2.1370675000000001e+00 -2.7818999999999998e+00 -3.5152250000000000e+00 -4.3533749999999998e+00 -5.3055000000000003e+00 -6.3684500000000002e+00 -7.5225749999999998e+00 -8.7256250000000009e+00 -9.9013500000000008e+00 -1.0920375000000000e+01 -1.1576124999999999e+01 -1.1570800000000000e+01 -1.0546500000000000e+01 -8.2064749999999993e+00 -4.5368250000000003e+00 -2.2149249999999998e-06  4.5368250000000003e+00  8.2064749999999993e+00  1.0546500000000000e+01  1.1570850000000000e+01  1.1576100000000000e+01  1.0920375000000000e+01  9.9014000000000006e+00  8.7256250000000009e+00  7.5225499999999998e+00  6.3684500000000002e+00  5.3055000000000003e+00  4.3533749999999998e+00  3.5152500000000000e+00  2.7818999999999998e+00  2.1370749999999998e+00  1.5624650000000000e+00  1.0406800000000000e+00  5.5659499999999995e-01  9.7607250000000007e-02 -3.4520499999999998e-01 -7.7557500000000001e-01 -1.1889050000000001e+00 -1.5674699999999999e+00 -1.8748050000000001e+00 -2.0525725000000001e+00 -2.0248499999999998e+00 -1.7183949999999999e+00 -1.1052500000000001e+00 -2.5347999999999998e-01  6.6723750000000004e-01
   2.0000000000000000e-03  1.0688800000000000e-01  9.4113749999999996e-01  1.6568375000000000e+00  2.1305850000000000e+00  2.3213750000000002e+00  2.2622125000000000e+00  2.0214824999999998e+00  1.6682399999999999e+00  1.2551924999999999e+00  8.1481250000000005e-01  3.6241750000000000e-01 -9.8824499999999996e-02 -5.7367749999999995e-01 -1.0718799999999999e+00 -1.6064425000000000e+00 -2.1927374999999998e+00 -2.8477000000000001e+00 -3.5888000000000000e+00 -4.4312750000000003e+00 -5.3838249999999999e+00 -6.4428250000000000e+00 -7.5862499999999997e+00 -8.7657749999999997e+00 -9.8950499999999995e+00 -1.0833700000000000e+01 -1.1371425000000000e+01 -1.1227375000000000e+01 -1.0093750000000000e+01 -7.7516499999999997e+00 -4.2436249999999998e+00 -1.7226675000000001e-06  4.2436249999999998e+00  7.7516999999999996e+00  1.0093750000000000e+01  1.1227375000000000e+01  1.1371425000000000e+01  1.0833700000000000e+01  9.8950499999999995e+00  8.7658249999999995e+00  7.5862499999999997e+00  6.4428000000000001e+00  5.3838249999999999e+00  4.4313000000000002e+00  3.5888000000000000e+00  2.8477000000000001e+00  2.1927374999999998e+00  1.6064525000000001e+00  1.0718675000000000e+00  5.7367999999999997e-01  9.8823999999999995e-02 -3.6241750000000000e-01 -8.1482500000000002e-01 -1.2551924999999999e+00 -1.6682300000000001e+00 -2.0214824999999998e+00 -2.2622274999999998e+00 -2.3213699999999999e+00 -2.1305900000000002e+00 -1.6568575000000001e+00 -9.4113500000000005e-01 -1.0688000000000000e-01
   1.5000000000000000e-03  6.6661000000000004e-01  1.4437625000000001e+00  2.0712275000000000e+00  2.4524900000000001e+00  2.5628750000000000e+00  2.4397674999999999e+00  2.1496100000000000e+00  1.7582800000000001e+00  1.3155174999999999e+00  8.5154500000000000e-01  3.8008750000000002e-01 -9.6883250000000004e-02 -5.8504250000000002e-01 -1.0948475000000000e+00 -1.6398200000000001e+00 -2.2355749999999999e+00 -2.8990000000000000e+00 -3.6470750000000001e+00 -4.4945500000000003e+00 -5.4494249999999997e+00 -6.5073749999999997e+00 -7.6443250000000003e+00 -8.8073999999999995e+00 -9.9033250000000006e+00 -1.0784775000000000e+01 -1.1239549999999999e+01 -1.1000375000000000e+01 -9.7947000000000006e+00 -7.4532999999999996e+00 -4.0531249999999996e+00 -1.2631799999999999e-06  4.0531249999999996e+00  7.4532999999999996e+00  9.7947000000000006e+00  1.1000375000000000e+01  1.1239549999999999e+01  1.0784775000000000e+01  9.9033499999999997e+00  8.8073999999999995e+00  7.6443250000000003e+00  6.5073749999999997e+00  5.4494249999999997e+00  4.4945250000000003e+00  3.6471000000000000e+00  2.8990000000000000e+00  2.2355749999999999e+00  1.6398174999999999e+00  1.0948450000000001e+00  5.8504000000000000e-01  9.6884999999999999e-02 -3.8009500000000002e-01 -8.5154750000000001e-01 -1.3155250000000001e+00 -1.7582850000000001e+00 -2.1496175000000002e+00 -2.4397674999999999e+00 -2.5628500000000001e+00 -2.4524724999999998e+00 -2.0712150000000000e+00 -1.4437650000000000e+00 -6.6659250000000003e-01
   1.0000000000000000e-03  1.0456725000000000e+00  1.7866925000000000e+00  2.3591975000000001e+00  2.6820249999999999e+00  2.7400250000000002e+00  2.5733999999999999e+00  2.2481200000000001e+00  1.8286100000000001e+00  1.3632700000000000e+00  8.8117000000000001e-01  3.9506999999999998e-01 -9.3884499999999996e-02 -5.9207750000000003e-01 -1.1105375000000000e+00 -1.6632199999999999e+00 -2.2659799999999999e+00 -2.9357500000000001e+00 -3.6893750000000001e+00 -4.5411999999999999e+00 -5.4988000000000001e+00 -6.5570250000000003e+00 -7.6902999999999997e+00 -8.8427000000000007e+00 -9.9163750000000004e+00 -1.0759375000000000e+01 -1.1159274999999999e+01 -1.0858074999999999e+01 -9.6063749999999999e+00 -7.2666250000000003e+00 -3.9346000000000001e+00 -8.2742250000000000e-07  3.9346000000000001e+00  7.2666250000000003e+00  9.6063749999999999e+00  1.0858074999999999e+01  1.1159274999999999e+01  1.0759375000000000e+01  9.9163750000000004e+00  8.8427000000000007e+00  7.6902999999999997e+00  6.5570500000000003e+00  5.4988000000000001e+00  4.5411999999999999e+00  3.6894000000000000e+00  2.9357500000000001e+00  2.2659725000000002e+00  1.6632199999999999e+00  1.1105400000000001e+00  5.9208249999999996e-01  9.3887499999999999e-02 -3.9507249999999999e-01 -8.8117250000000003e-01 -1.3632675000000001e+00 -1.8286100000000001e+00 -2.2481200000000001e+00 -2.5733999999999999e+00 -2.7400000000000002e+00 -2.6820249999999999e+00 -2.3591924999999998e+00 -1.7867025000000001e+00 -1.0456650000000001e+00
   5.0000000000000001e-04  1.2653150000000000e+00  1.9863325000000001e+00  2.5287750000000000e+00  2.8193750000000000e+00  2.8478500000000002e+00  2.6560750000000000e+00  2.3098575000000001e+00  1.8731424999999999e+00  1.3937600000000001e+00  9.0030250000000001e-01  4.0501999999999999e-01 -9.1433749999999994e-02 -5.9586499999999998e-01 -1.1196675000000000e+00 -1.6770849999999999e+00 -2.2841475000000000e+00 -2.9578750000000000e+00 -3.7150750000000001e+00 -4.5697999999999999e+00 -5.5294249999999998e+00 -6.5882500000000004e+00 -7.7197250000000004e+00 -8.8661250000000003e+00 -9.9270250000000004e+00 -1.0747925000000000e+01 -1.1116524999999999e+01 -1.0780225000000000e+01 -9.5029000000000003e+00 -7.1641500000000002e+00 -3.8696000000000002e+00 -4.0952249999999999e-07  3.8696000000000002e+00  7.1641500000000002e+00  9.5029000000000003e+00  1.0780225000000000e+01  1.1116524999999999e+01  1.0747925000000000e+01  9.9270250000000004e+00  8.8661250000000003e+00  7.7197250000000004e+00  6.5882500000000004e+00  5.5294249999999998e+00  4.5697749999999999e+00  3.7150750000000001e+00  2.9578750000000000e+00  2.2841475000000000e+00  1.6770849999999999e+00  1.1196675000000000e+00  5.9586499999999998e-01  9.1433000000000000e-02 -4.0501999999999999e-01 -9.0030250000000001e-01 -1.3937649999999999e+00 -1.8731374999999999e+00 -2.3098550000000002e+00 -2.6560750000000000e+00 -2.8478500000000002e+00 -2.8193750000000000e+00 -2.5287750000000000e+00 -1.9863450000000000e+00 -1.2653025000000000e+00
   0.0000000000000000e+00  1.3372500000000000e+00  2.0518800000000001e+00  2.5847750000000000e+00  2.8650500000000001e+00  2.8840499999999998e+00  2.6840250000000001e+00  2.3308599999999999e+00  1.8883624999999999e+00  1.4042300000000001e+00  9.0690749999999998e-01  4.0849750000000001e-01 -9.0504249999999994e-02 -5.9704999999999997e-01 -1.1226624999999999e+00 -1.6816750000000000e+00 -2.2901950000000002e+00 -2.9652750000000001e+00 -3.7236750000000001e+00 -4.5794249999999996e+00 -5.5397999999999996e+00 -6.5989250000000004e+00 -7.7298499999999999e+00 -8.8742999999999999e+00 -9.9309999999999992e+00 -1.0744725000000001e+01 -1.1103125000000000e+01 -1.0755525000000000e+01 -9.4699000000000009e+00 -7.1315000000000000e+00 -3.8489249999999999e+00  0.0000000000000000e+00  3.8489249999999999e+00  7.1315000000000000e+00  9.4699500000000008e+00  1.0755525000000000e+01  1.1103125000000000e+01  1.0744750000000000e+01  9.9309750000000001e+00  8.8742999999999999e+00  7.7298499999999999e+00  6.5989250000000004e+00  5.5397749999999997e+00  4.5794249999999996e+00  3.7236500000000001e+00  2.9652750000000001e+00  2.2901899999999999e+00  1.6816750000000000e+00  1.1226624999999999e+00  5.9704999999999997e-01  9.0504249999999994e-02 -4.0849750000000001e-01 -9.0690749999999998e-01 -1.4042300000000001e+00 -1.8883624999999999e+00 -2.3308599999999999e+00 -2.6840250000000001e+00 -2.8840499999999998e+00 -2.8650500000000001e+00 -2.5847750000000000e+00 -2.0518925000000001e+00 -1.3372625000000000e+00
  -5.0000000000000001e-04  1.2653150000000000e+00  1.9863474999999999e+00  2.5287750000000000e+00  2.8193750000000000e+00  2.8478750000000002e+00  2.6560750000000000e+00  2.3098575000000001e+00  1.8731400000000000e+00  1.3937600000000001e+00  9.0030250000000001e-01  4.0501999999999999e-01 -9.1433249999999994e-02 -5.9586249999999996e-01 -1.1196699999999999e+00 -1.6770849999999999e+00 -2.2841475000000000e+00 -2.9578750000000000e+00 -3.7150500000000002e+00 -4.5697749999999999e+00 -5.5294249999999998e+00 -6.5882500000000004e+00 -7.7197250000000004e+00 -8.8661250000000003e+00 -9.9270250000000004e+00 -1.0747925000000000e+01 -1.1116524999999999e+01 -1.0780225000000000e+01 -9.5029000000000003e+00 -7.1641500000000002e+00 -3.8696000000000002e+00 -1.5083825000000000e-05  3.8696000000000002e+00  7.1641250000000003e+00  9.5029000000000003e+00  1.0780225000000000e+01  1.1116524999999999e+01  1.0747925000000000e+01  9.9270250000000004e+00  8.8661250000000003e+00  7.7197500000000003e+00  6.5882500000000004e+00  5.5294249999999998e+00  4.5697749999999999e+00  3.7150750000000001e+00  2.9578750000000000e+00  2.2841499999999999e+00  1.6770849999999999e+00  1.1196675000000000e+00  5.9586499999999998e-01  9.1433749999999994e-02 -4.0501999999999999e-01 -9.0030250000000001e-01 -1.3937600000000001e+00 -1.8731424999999999e+00 -2.3098550000000002e+00 -2.6560750000000000e+00 -2.8478750000000002e+00 -2.8193750000000000e+00 -2.5287750000000000e+00 -1.9863325000000001e+00 -1.2653150000000000e+00
  -1.0000000000000000e-03  1.0456775000000000e+00  1.7867074999999999e+00  2.3592000000000000e+00  2.6820249999999999e+00  2.7400000000000002e+00  2.5733999999999999e+00  2.2481175000000002e+00  1.8286125000000000e+00  1.3632675000000001e+00  8.8117250000000003e-01  3.9507249999999999e-01 -9.3890000000000001e-02 -5.9208249999999996e-01 -1.1105425000000000e+00 -1.6632199999999999e+00 -2.2659725000000002e+00 -2.9357500000000001e+00 -3.6893750000000001e+00 -4.5411999999999999e+00 -5.4988000000000001e+00 -6.5570500000000003e+00 -7.6902999999999997e+00 -8.8427000000000007e+00 -9.9163750000000004e+00 -1.0759375000000000e+01 -1.1159274999999999e+01 -1.0858050000000000e+01 -9.6063749999999999e+00 -7.2666250000000003e+00 -3.9346000000000001e+00  8.2086000000000001e-07  3.9346000000000001e+00  7.2666250000000003e+00  9.6063749999999999e+00  1.0858074999999999e+01  1.1159274999999999e+01  1.0759375000000000e+01  9.9163750000000004e+00  8.8427000000000007e+00  7.6902999999999997e+00  6.5570500000000003e+00  5.4988000000000001e+00  4.5411999999999999e+00  3.6894000000000000e+00  2.9357500000000001e+00  2.2659750000000001e+00  1.6632175000000000e+00  1.1105400000000001e+00  5.9208000000000005e-01  9.3884999999999996e-02 -3.9507249999999999e-01 -8.8117250000000003e-01 -1.3632700000000000e+00 -1.8286100000000001e+00 -2.2481225000000000e+00 -2.5733999999999999e+00 -2.7400250000000002e+00 -2.6820249999999999e+00 -2.3592024999999999e+00 -1.7866800000000000e+00 -1.0456574999999999e+00
  -1.5000000000000000e-03  6.6661250000000005e-01  1.4437599999999999e+00  2.0712199999999998e+00  2.4524750000000002e+00  2.5628750000000000e+00  2.4397600000000002e+00  2.1496100000000000e+00  1.7582850000000001e+00  1.3155200000000000e+00  8.5154500000000000e-01  3.8008500000000001e-01 -9.6892750000000000e-02 -5.8504250000000002e-01 -1.0948450000000001e+00 -1.6398225000000000e+00 -2.2355800000000001e+00 -2.8990000000000000e+00 -3.6470750000000001e+00 -4.4945250000000003e+00 -5.4494249999999997e+00 -6.5073749999999997e+00 -7.6443250000000003e+00 -8.8074250000000003e+00 -9.9033499999999997e+00 -1.0784775000000000e+01 -1.1239549999999999e+01 -1.1000375000000000e+01 -9.7947000000000006e+00 -7.4532999999999996e+00 -4.0531249999999996e+00  1.2458300000000000e-06  4.0531249999999996e+00  7.4532999999999996e+00  9.7947000000000006e+00  1.1000375000000000e+01  1.1239549999999999e+01  1.0784775000000000e+01  9.9033750000000005e+00  8.8074250000000003e+00  7.6443250000000003e+00  6.5073749999999997e+00  5.4494249999999997e+00  4.4945500000000003e+00  3.6471000000000000e+00  2.8990000000000000e+00  2.2355725000000000e+00  1.6398200000000001e+00  1.0948475000000000e+00  5.8504250000000002e-01  9.6877749999999999e-02 -3.8009500000000002e-01 -8.5155000000000003e-01 -1.3155174999999999e+00 -1.7582875000000000e+00 -2.1496024999999999e+00 -2.4397674999999999e+00 -2.5628500000000001e+00 -2.4524800000000000e+00 -2.0712125000000001e+00 -1.4437599999999999e+00 -6.6659749999999995e-01
  -2.0000000000000000e-03  1.0688000000000000e-01  9.4113500000000005e-01  1.6568575000000001e+00  2.1305900000000002e+00  2.3213849999999998e+00  2.2622149999999999e+00  2.0214850000000002e+00  1.6682425000000001e+00  1.2551924999999999e+00  8.1481250000000005e-01  3.6241750000000000e-01 -9.8824250000000002e-02 -5.7367999999999997e-01 -1.0718700000000001e+00 -1.6064525000000001e+00 -2.1927400000000001e+00 -2.8477000000000001e+00 -3.5888000000000000e+00 -4.4313000000000002e+00 -5.3837999999999999e+00 -6.4428000000000001e+00 -7.5862499999999997e+00 -8.7658249999999995e+00 -9.8950499999999995e+00 -1.0833700000000000e+01 -1.1371425000000000e+01 -1.1227375000000000e+01 -1.0093750000000000e+01 -7.7516999999999996e+00 -4.2436249999999998e+00  1.6915625000000000e-06  4.2436249999999998e+00  7.7516499999999997e+00  1.0093750000000000e+01  1.1227375000000000e+01  1.1371425000000000e+01  1.0833674999999999e+01  9.8950750000000003e+00  8.7657749999999997e+00  7.5862499999999997e+00  6.4428250000000000e+00  5.3838249999999999e+00  4.4312750000000003e+00  3.5888000000000000e+00  2.8477250000000001e+00  2.1927400000000001e+00  1.6064449999999999e+00  1.0718775000000000e+00  5.7367749999999995e-01  9.8824250000000002e-02 -3.6241750000000000e-01 -8.1481250000000005e-01 -1.2551975000000000e+00 -1.6682300000000001e+00 -2.0214850000000002e+00 -2.2622175000000002e+00 -2.3213824999999999e+00 -2.1305874999999999e+00 -1.6568350000000001e+00 -9.4113250000000004e-01 -1.0689025000000001e-01
  -2.5000000000000001e-03 -6.6723750000000004e-01  2.5347999999999998e-01  1.1052500000000001e+00  1.7183700000000000e+00  2.0248550000000001e+00  2.0525674999999999e+00  1.8747799999999999e+00  1.5674650000000001e+00  1.1889099999999999e+00  7.7557500000000001e-01  3.4520499999999998e-01 -9.7603999999999996e-02 -5.5658750000000001e-01 -1.0406800000000000e+00 -1.5624475000000000e+00 -2.1370600000000000e+00 -2.7818999999999998e+00 -3.5152500000000000e+00 -4.3533999999999997e+00 -5.3054750000000004e+00 -6.3684500000000002e+00 -7.5225749999999998e+00 -8.7256499999999999e+00 -9.9013749999999998e+00 -1.0920375000000000e+01 -1.1576100000000000e+01 -1.1570850000000000e+01 -1.0546500000000000e+01 -8.2064749999999993e+00 -4.5368250000000003e+00  2.1642599999999999e-06  4.5368250000000003e+00  8.2064749999999993e+00  1.0546500000000000e+01  1.1570874999999999e+01  1.1576124999999999e+01  1.0920375000000000e+01  9.9013500000000008e+00  8.7256250000000009e+00  7.5225499999999998e+00  6.3684500000000002e+00  5.3055000000000003e+00  4.3533749999999998e+00  3.5152500000000000e+00  2.7818999999999998e+00  2.1370749999999998e+00  1.5624650000000000e+00  1.0406774999999999e+00  5.5657000000000001e-01  9.7594500000000001e-02 -3.4519250000000001e-01 -7.7557500000000001e-01 -1.1889050000000001e+00 -1.5674725000000000e+00 -1.8748000000000000e+00 -2.0525825000000002e+00 -2.0248525000000002e+00 -1.7183774999999999e+00 -1.1052550000000001e+00 -2.5350250000000002e-01  6.6723750000000004e-01
  -3.0000000000000001e-03 -1.7070025000000000e+00 -6.5636000000000005e-01  4.0360000000000001e-01  1.2227650000000001e+00  1.6898850000000001e+00  1.8291800000000000e+00  1.7257250000000000e+00  1.4682424999999999e+00  1.1252249999999999e+00  7.3955000000000004e-01  3.3223500000000000e-01 -9.0706499999999995e-02 -5.3205000000000002e-01 -1.0001599999999999e+00 -1.5070650000000001e+00 -2.0679799999999999e+00 -2.7012749999999999e+00 -3.4270000000000000e+00 -4.2631500000000004e+00 -5.2191000000000001e+00 -6.2910750000000002e+00 -7.4618000000000002e+00 -8.6970250000000000e+00 -9.9351249999999993e+00 -1.1063325000000001e+01 -1.1883250000000000e+01 -1.2077150000000000e+01 -1.1217900000000000e+01 -8.8920999999999992e+00 -4.9851000000000001e+00  2.6802000000000002e-06  4.9851000000000001e+00  8.8920999999999992e+00  1.1217874999999999e+01  1.2077150000000000e+01  1.1883324999999999e+01  1.1063275000000001e+01  9.9351249999999993e+00  8.6970500000000008e+00  7.4617500000000003e+00  6.2911000000000001e+00  5.2191250000000000e+00  4.2632000000000003e+00  3.4270000000000000e+00  2.7012499999999999e+00  2.0680200000000002e+00  1.5070349999999999e+00  1.0002025000000001e+00  5.3205250000000004e-01  9.0683749999999994e-02 -3.3222000000000002e-01 -7.3954249999999999e-01 -1.1252249999999999e+00 -1.4682375000000001e+00 -1.7256674999999999e+00 -1.8291750000000000e+00 -1.6898825000000000e+00 -1.2227650000000001e+00 -4.0358749999999999e-01  6.5638249999999998e-01  1.7070125000000000e+00
  -3.5000000000000001e-03 -3.0906250000000002e+00 -1.8423525000000001e+00 -4.6055750000000001e-01  6.6100749999999997e-01  1.3448024999999999e+00  1.6198800000000000e+00  1.5965775000000000e+00  1.3864650000000001e+00  1.0744525000000000e+00  7.1336250000000001e-01  3.2779249999999999e-01 -7.5198249999999994e-02 -4.9815500000000001e-01 -9.4903999999999999e-01 -1.4392974999999999e+00 -1.9845850000000000e+00 -2.6049500000000001e+00 -3.3240249999999998e+00 -4.1630500000000001e+00 -5.1305500000000004e+00 -6.2195499999999999e+00 -7.4142749999999999e+00 -8.6919500000000003e+00 -1.0011374999999999e+01 -1.1285500000000001e+01 -1.2332100000000001e+01 -1.2812175000000000e+01 -1.2207100000000001e+01 -9.9261750000000006e+00 -5.6757000000000000e+00  3.2524250000000000e-06  5.6757249999999999e+00  9.9261999999999997e+00  1.2207075000000000e+01  1.2812150000000001e+01  1.2332125000000000e+01  1.1285525000000000e+01  1.0011374999999999e+01  8.6920000000000002e+00  7.4142500000000000e+00  6.2195499999999999e+00  5.1305500000000004e+00  4.1630500000000001e+00  3.3240500000000002e+00  2.6049750000000000e+00  1.9846025000000000e+00  1.4392624999999999e+00  9.4900499999999999e-01  4.9826999999999999e-01  7.5189000000000006e-02 -3.2776499999999997e-01 -7.1336250000000001e-01 -1.0744700000000000e+00 -1.3864274999999999e+00 -1.5965900000000000e+00 -1.6198375000000000e+00 -1.3448100000000001e+00 -6.6105499999999995e-01  4.6054000000000000e-01  1.8423674999999999e+00  3.0906500000000001e+00
  -4.0000000000000001e-03 -4.9396750000000003e+00 -3.3827500000000001e+00 -1.4929775000000001e+00  7.0552000000000004e-02  1.0363100000000001e+00  1.4651850000000000e+00  1.5176825000000000e+00  1.3417100000000000e+00  1.0481149999999999e+00  7.0366750000000000e-01  3.3625250000000001e-01 -4.8342000000000003e-02 -4.5322750000000001e-01 -8.8612500000000005e-01 -1.3581425000000000e+00 -1.8855074999999999e+00 -2.4911550000000000e+00 -3.2051249999999998e+00 -4.0552750000000000e+00 -5.0474249999999996e+00 -6.1651249999999997e+00 -7.3928250000000002e+00 -8.7240500000000001e+00 -1.0146550000000000e+01 -1.1612925000000001e+01 -1.2972025000000000e+01 -1.3866700000000000e+01 -1.3662025000000000e+01 -1.1501175000000000e+01 -6.7605750000000002e+00  3.8860249999999998e-06  6.7605750000000002e+00  1.1501175000000000e+01  1.3662025000000000e+01  1.3866650000000000e+01  1.2971975000000000e+01  1.1612975000000000e+01  1.0146500000000000e+01  8.7241000000000000e+00  7.3929000000000000e+00  6.1650749999999999e+00  5.0473249999999998e+00  4.0552500000000000e+00  3.2050749999999999e+00  2.4911175000000001e+00  1.8855400000000000e+00  1.3581749999999999e+00  8.8608500000000001e-01  4.5326749999999999e-01  4.8289749999999999e-02 -3.3617000000000002e-01 -7.0370999999999995e-01 -1.0481275000000001e+00 -1.3417224999999999e+00 -1.5177300000000000e+00 -1.4652324999999999e+00 -1.0362625000000001e+00 -7.0593000000000003e-02  1.4930099999999999e+00  3.3827250000000002e+00  4.9396750000000003e+00
  -4.4999999999999997e-03 -7.4509249999999998e+00 -5.3923500000000004e+00 -2.6780750000000002e+00 -4.7425000000000000e-01  8.3871249999999997e-01  1.4224699999999999e+00  1.5283475000000000e+00  1.3569175000000000e+00  1.0577224999999999e+00  7.1694749999999996e-01  3.6175499999999999e-01 -7.2395000000000003e-03 -3.9531250000000001e-01 -8.1018999999999997e-01 -1.2626949999999999e+00 -1.7691325000000000e+00 -2.3563399999999999e+00 -3.0663499999999999e+00 -3.9408249999999998e+00 -4.9793500000000002e+00 -6.1424250000000002e+00 -7.4126000000000003e+00 -8.8074250000000003e+00 -1.0356125000000000e+01 -1.2072350000000000e+01 -1.3862349999999999e+01 -1.5361124999999999e+01 -1.5800050000000001e+01 -1.3932200000000000e+01 -8.5109750000000002e+00  5.6587249999999998e-06  8.5109250000000003e+00  1.3932200000000000e+01  1.5800100000000000e+01  1.5361124999999999e+01  1.3862375000000000e+01  1.2072350000000000e+01  1.0356100000000000e+01  8.8073499999999996e+00  7.4125500000000004e+00  6.1424250000000002e+00  4.9794499999999999e+00  3.9408750000000001e+00  3.0663250000000000e+00  2.3563225000000001e+00  1.7691049999999999e+00  1.2626649999999999e+00  8.1022499999999997e-01  3.9528999999999997e-01  7.1577250000000002e-03 -3.6171999999999999e-01 -7.1689999999999998e-01 -1.0576874999999999e+00 -1.3569525000000000e+00 -1.5282825000000000e+00 -1.4225699999999999e+00 -8.3865999999999996e-01  4.7425499999999998e-01  2.6780249999999999e+00  5.3923500000000004e+00  7.4509499999999997e+00
  -5.0000000000000001e-03 -1.0961375000000000e+01 -8.0425500000000003e+00 -3.9423750000000002e+00 -8.3314250000000001e-01  8.6447499999999999e-01  1.5689074999999999e+00  1.6779025000000001e+00  1.4569250000000000e+00  1.1125624999999999e+00  7.5778500000000004e-01  4.0786499999999998e-01  5.0775750000000001e-02 -3.2276500000000002e-01 -7.2071249999999998e-01 -1.1524624999999999e+00 -1.6335474999999999e+00 -2.1951100000000001e+00 -2.8988749999999999e+00 -3.8187500000000001e+00 -4.9412000000000003e+00 -6.1716749999999996e+00 -7.4911250000000003e+00 -8.9561750000000000e+00 -1.0651350000000001e+01 -1.2684300000000000e+01 -1.5068275000000000e+01 -1.7449400000000001e+01 -1.8932950000000002e+01 -1.7744750000000000e+01 -1.1434950000000001e+01  5.5134999999999998e-06  1.1434950000000001e+01  1.7744775000000001e+01  1.8932800000000000e+01  1.7449449999999999e+01  1.5068325000000000e+01  1.2684250000000000e+01  1.0651350000000001e+01  8.9562749999999998e+00  7.4910750000000004e+00  6.1716749999999996e+00  4.9409999999999998e+00  3.8186499999999999e+00  2.8988999999999998e+00  2.1951649999999998e+00  1.6335949999999999e+00  1.1523975000000000e+00  7.2071249999999998e-01  3.2281500000000002e-01 -5.0841999999999998e-02 -4.0782499999999999e-01 -7.5779750000000001e-01 -1.1125499999999999e+00 -1.4569799999999999e+00 -1.6778850000000001e+00 -1.5689100000000000e+00 -8.6443250000000005e-01  8.3310750000000000e-01  3.9423499999999998e+00  8.0425249999999995e+00  1.0961375000000000e+01
# Vertical Kick [micro-rad]
START
                          -2.9999999999999999e-02 -2.9000000000000001e-02 -2.8000000000000001e-02 -2.7000000000000000e-02 -2.5999999999999999e-02 -2.5000000000000001e-02 -2.4000000000000000e-02 -2.3000000000000000e-02 -2.1999999999999999e-02 -2.1000000000000001e-02 -2.0000000000000000e-02 -1.9000000000000000e-02 -1.7999999999999999e-02 -1.7000000000000001e-02 -1.6000000000000000e-02 -1.4999999999999999e-02 -1.4000000000000000e-02 -1.2999999999999999e-02 -1.2000000000000000e-02 -1.0999999999999999e-02 -1.0000000000000000e-02 -8.9999999999999993e-03 -8.0000000000000002e-03 -7.0000000000000001e-03 -6.0000000000000001e-03 -5.0000000000000001e-03 -4.0000000000000001e-03 -3.0000000000000001e-03 -2.0000000000000000e-03 -1.0000000000000000e-03  0.0000000000000000e+00  1.0000000000000000e-03  2.0000000000000000e-03  3.0000000000000001e-03  4.0000000000000001e-03  5.0000000000000001e-03  6.0000000000000001e-03  7.0000000000000001e-03  8.0000000000000002e-03  8.9999999999999993e-03  1.0000000000000000e-02  1.0999999999999999e-02  1.2000000000000000e-02  1.2999999999999999e-02  1.4000000000000000e-02  1.4999999999999999e-02  1.6000000000000000e-02  1.7000000000000001e-02  1.7999999999999999e-02  1.9000000000000000e-02  2.0000000000000000e-02  2.1000000000000001e-02  2.1999999999999999e-02  2.3000000000000000e-02  2.4000000000000000e-02  2.5000000000000001e-02  2.5999999999999999e-02  2.7000000000000000e-02  2.8000000000000001e-02  2.9000000000000001e-02  2.9999999999999999e-02
   5.0000000000000001e-03 -2.7926250000000000e+01 -3.5442999999999998e+01 -3.9681500000000000e+01 -4.0971750000000000e+01 -4.0898499999999999e+01 -4.0408749999999998e+01 -3.9883499999999998e+01 -3.9490250000000003e+01 -3.9268000000000001e+01 -3.9140000000000001e+01 -3.9029249999999998e+01 -3.8905000000000001e+01 -3.8757750000000001e+01 -3.8582000000000001e+01 -3.8368749999999999e+01 -3.8106499999999997e+01 -3.7783250000000002e+01 -3.7411749999999998e+01 -3.7082749999999997e+01 -3.6937249999999999e+01 -3.6992750000000001e+01 -3.7172249999999998e+01 -3.7465000000000003e+01 -3.7969250000000002e+01 -3.8952500000000001e+01 -4.0965000000000003e+01 -4.4740000000000002e+01 -5.0928249999999998e+01 -5.9621749999999999e+01 -6.8678250000000006e+01 -7.2813999999999993e+01 -6.8678250000000006e+01 -5.9621749999999999e+01 -5.0928249999999998e+01 -4.4740000000000002e+01 -4.0965249999999997e+01 -3.8952500000000001e+01 -3.7969250000000002e+01 -3.7465000000000003e+01 -3.7172249999999998e+01 -3.6992750000000001e+01 -3.6937249999999999e+01 -3.7082749999999997e+01 -3.7411749999999998e+01 -3.7783250000000002e+01 -3.8106499999999997e+01 -3.8368749999999999e+01 -3.8581750000000000e+01 -3.8758000000000003e+01 -3.8905000000000001e+01 -3.9029249999999998e+01 -3.9140000000000001e+01 -3.9268000000000001e+01 -3.9490000000000002e+01 -3.9883499999999998e+01 -4.0408749999999998e+01 -4.0898499999999999e+01 -4.0971750000000000e+01 -3.9681500000000000e+01 -3.5442999999999998e+01 -2.7926250000000000e+01
   4.4999999999999997e-03 -2.2996500000000001e+01 -2.8375000000000000e+01 -3.1909749999999999e+01 -3.3561000000000000e+01 -3.4096750000000000e+01 -3.4140250000000002e+01 -3.4018250000000002e+01 -3.3888750000000002e+01 -3.3806249999999999e+01 -3.3752000000000002e+01 -3.3691499999999998e+01 -3.3607500000000002e+01 -3.3493499999999997e+01 -3.3346249999999998e+01 -3.3161250000000003e+01 -3.2933000000000000e+01 -3.2659250000000000e+01 -3.2356499999999997e+01 -3.2080500000000001e+01 -3.1905249999999999e+01 -3.1851500000000001e+01 -3.1896750000000001e+01 -3.2049750000000003e+01 -3.2397500000000001e+01 -3.3149749999999997e+01 -3.4679250000000003e+01 -3.7448999999999998e+01 -4.1800249999999998e+01 -4.7522250000000000e+01 -5.3039499999999997e+01 -5.5433999999999997e+01 -5.3039499999999997e+01 -4.7522250000000000e+01 -4.1800249999999998e+01 -3.7449249999999999e+01 -3.4679250000000003e+01 -3.3149749999999997e+01 -3.2397500000000001e+01 -3.2049750000000003e+01 -3.1896750000000001e+01 -3.1851500000000001e+01 -3.1905249999999999e+01 -3.2080500000000001e+01 -3.2356499999999997e+01 -3.2659250000000000e+01 -3.2933250000000001e+01 -3.3161250000000003e+01 -3.3346249999999998e+01 -3.3493499999999997e+01 -3.3607500000000002e+01 -3.3691499999999998e+01 -3.3752000000000002e+01 -3.3806249999999999e+01 -3.3888750000000002e+01 -3.4018000000000001e+01 -3.4140250000000002e+01 -3.4096750000000000e+01 -3.3561000000000000e+01 -3.1909749999999999e+01 -2.8375000000000000e+01 -2.2996500000000001e+01
   4.0000000000000001e-03 -1.8949549999999999e+01 -2.2918775000000000e+01 -2.5792500000000000e+01 -2.7454750000000001e+01 -2.8272500000000001e+01 -2.8629249999999999e+01 -2.8768750000000001e+01 -2.8824000000000002e+01 -2.8852250000000002e+01 -2.8862500000000001e+01 -2.8845749999999999e+01 -2.8795999999999999e+01 -2.8711250000000000e+01 -2.8591000000000001e+01 -2.8433499999999999e+01 -2.8238000000000000e+01 -2.8005749999999999e+01 -2.7751249999999999e+01 -2.7508250000000000e+01 -2.7318000000000001e+01 -2.7199750000000002e+01 -2.7153749999999999e+01 -2.7199500000000000e+01 -2.7411750000000001e+01 -2.7949000000000002e+01 -2.9067250000000001e+01 -3.1058499999999999e+01 -3.4085250000000002e+01 -3.7872750000000003e+01 -4.1329000000000001e+01 -4.2775500000000001e+01 -4.1329000000000001e+01 -3.7872750000000003e+01 -3.4085250000000002e+01 -3.1058499999999999e+01 -2.9067250000000001e+01 -2.7949000000000002e+01 -2.7411750000000001e+01 -2.7199500000000000e+01 -2.7153749999999999e+01 -2.7199750000000002e+01 -2.7318249999999999e+01 -2.7508250000000000e+01 -2.7751249999999999e+01 -2.8005749999999999e+01 -2.8238000000000000e+01 -2.8433750000000000e+01 -2.8591000000000001e+01 -2.8711250000000000e+01 -2.8795999999999999e+01 -2.8845749999999999e+01 -2.8862500000000001e+01 -2.8852250000000002e+01 -2.8824000000000002e+01 -2.8768750000000001e+01 -2.8629249999999999e+01 -2.8272500000000001e+01 -2.7454750000000001e+01 -2.5792750000000002e+01 -2.2918800000000001e+01 -1.8949549999999999e+01
   3.5000000000000001e-03 -1.5544975000000001e+01 -1.8528700000000001e+01 -2.0833525000000002e+01 -2.2349174999999999e+01 -2.3249600000000001e+01 -2.3761225000000000e+01 -2.4051874999999999e+01 -2.4223725000000002e+01 -2.4329325000000001e+01 -2.4388449999999999e+01 -2.4406025000000000e+01 -2.4383875000000000e+01 -2.4323950000000000e+01 -2.4227900000000002e+01 -2.4096724999999999e+01 -2.3931175000000000e+01 -2.3734625000000001e+01 -2.3517575000000001e+01 -2.3300500000000000e+01 -2.3107700000000001e+01 -2.2954775000000001e+01 -2.2851175000000001e+01 -2.2820724999999999e+01 -2.2924975000000000e+01 -2.3283075000000000e+01 -2.4072299999999998e+01 -2.5478249999999999e+01 -2.7569500000000001e+01 -3.0093750000000000e+01 -3.2308750000000003e+01 -3.3212499999999999e+01 -3.2308750000000003e+01 -3.0093750000000000e+01 -2.7569500000000001e+01 -2.5478249999999999e+01 -2.4072299999999998e+01 -2.3283124999999998e+01 -2.2925000000000001e+01 -2.2820750000000000e+01 -2.2851224999999999e+01 -2.2954775000000001e+01 -2.3107700000000001e+01 -2.3300525000000000e+01 -2.3517624999999999e+01 -2.3734674999999999e+01 -2.3931225000000001e+01 -2.4096724999999999e+01 -2.4227900000000002e+01 -2.4323924999999999e+01 -2.4383900000000001e+01 -2.4406050000000000e+01 -2.4388449999999999e+01 -2.4329300000000000e+01 -2.4223725000000002e+01 -2.4051850000000002e+01 -2.3761175000000001e+01 -2.3249575000000000e+01 -2.2349174999999999e+01 -2.0833525000000002e+01 -1.8528725000000001e+01 -1.5545000000000000e+01
   3.0000000000000001e-03 -1.2618225000000001e+01 -1.4877950000000000e+01 -1.6703575000000001e+01 -1.8009350000000001e+01 -1.8876175000000000e+01 -1.9434325000000001e+01 -1.9793050000000001e+01 -2.0026074999999999e+01 -2.0176600000000001e+01 -2.0266900000000000e+01 -2.0307974999999999e+01 -2.0306274999999999e+01 -2.0266400000000001e+01 -2.0191725000000002e+01 -2.0084499999999998e+01 -1.9946800000000000e+01 -1.9781849999999999e+01 -1.9596950000000000e+01 -1.9404525000000000e+01 -1.9219425000000001e+01 -1.9053975000000001e+01 -1.8920100000000001e+01 -1.8841075000000000e+01 -1.8867049999999999e+01 -1.9087150000000001e+01 -1.9625699999999998e+01 -2.0601800000000001e+01 -2.2037775000000000e+01 -2.3729275000000001e+01 -2.5173999999999999e+01 -2.5753000000000000e+01 -2.5173999999999999e+01 -2.3729299999999999e+01 -2.2037724999999998e+01 -2.0601825000000002e+01 -1.9625750000000000e+01 -1.9087174999999998e+01 -1.8867049999999999e+01 -1.8841125000000002e+01 -1.8920150000000000e+01 -1.9053999999999998e+01 -1.9219449999999998e+01 -1.9404550000000000e+01 -1.9596975000000000e+01 -1.9781849999999999e+01 -1.9946774999999999e+01 -2.0084524999999999e+01 -2.0191700000000001e+01 -2.0266425000000002e+01 -2.0306274999999999e+01 -2.0308000000000000e+01 -2.0266925000000001e+01 -2.0176575000000000e+01 -2.0026100000000000e+01 -1.9793099999999999e+01 -1.9434275000000000e+01 -1.8876175000000000e+01 -1.8009350000000001e+01 -1.6703600000000002e+01 -1.4877950000000000e+01 -1.2618200000000000e+01
   2.5000000000000001e-03 -1.0050675000000000e+01 -1.1754949999999999e+01 -1.3176100000000000e+01 -1.4252525000000000e+01 -1.5020725000000001e+01 -1.5554125000000001e+01 -1.5920949999999999e+01 -1.6171350000000000e+01 -1.6338400000000000e+01 -1.6442475000000002e+01 -1.6496124999999999e+01 -1.6507725000000001e+01 -1.6483174999999999e+01 -1.6426749999999998e+01 -1.6341349999999998e+01 -1.6229350000000000e+01 -1.6093550000000000e+01 -1.5938800000000001e+01 -1.5772575000000000e+01 -1.5604150000000001e+01 -1.5442975000000001e+01 -1.5300500000000000e+01 -1.5197250000000000e+01 -1.5173299999999999e+01 -1.5294824999999999e+01 -1.5649575000000000e+01 -1.6315200000000001e+01 -1.7293250000000000e+01 -1.8428049999999999e+01 -1.9379674999999999e+01 -1.9756650000000000e+01 -1.9379674999999999e+01 -1.8428049999999999e+01 -1.7293225000000000e+01 -1.6315225000000002e+01 -1.5649550000000000e+01 -1.5294824999999999e+01 -1.5173325000000000e+01 -1.5197274999999999e+01 -1.5300500000000000e+01 -1.5443000000000000e+01 -1.5604175000000000e+01 -1.5772600000000001e+01 -1.5938800000000001e+01 -1.6093550000000000e+01 -1.6229350000000000e+01 -1.6341374999999999e+01 -1.6426749999999998e+01 -1.6483200000000000e+01 -1.6507725000000001e+01 -1.6496124999999999e+01 -1.6442475000000002e+01 -1.6338400000000000e+01 -1.6171350000000000e+01 -1.5920975000000000e+01 -1.5554150000000000e+01 -1.5020750000000000e+01 -1.4252549999999999e+01 -1.3176100000000000e+01 -1.1754925000000000e+01 -1.0050675000000000e+01
   2.0000000000000000e-03 -7.7527999999999997e+00 -9.0130250000000007e+00 -1.0087775000000001e+01 -1.0934799999999999e+01 -1.1569750000000001e+01 -1.2033125000000000e+01 -1.2365824999999999e+01 -1.2600425000000000e+01 -1.2760675000000001e+01 -1.2863049999999999e+01 -1.2919200000000000e+01 -1.2937424999999999e+01 -1.2923825000000001e+01 -1.2882700000000000e+01 -1.2817024999999999e+01 -1.2729125000000000e+01 -1.2621150000000000e+01 -1.2496200000000000e+01 -1.2358775000000000e+01 -1.2214625000000000e+01 -1.2070824999999999e+01 -1.1936975000000000e+01 -1.1830050000000000e+01 -1.1780725000000000e+01 -1.1837675000000001e+01 -1.2062474999999999e+01 -1.2505750000000001e+01 -1.3161925000000000e+01 -1.3917149999999999e+01 -1.4543125000000000e+01 -1.4789225000000000e+01 -1.4543125000000000e+01 -1.3917149999999999e+01 -1.3161825000000000e+01 -1.2505775000000000e+01 -1.2062474999999999e+01 -1.1837675000000001e+01 -1.1780725000000000e+01 -1.1830125000000001e+01 -1.1936975000000000e+01 -1.2070850000000000e+01 -1.2214650000000001e+01 -1.2358750000000001e+01 -1.2496200000000000e+01 -1.2621150000000000e+01 -1.2729100000000001e+01 -1.2817024999999999e+01 -1.2882700000000000e+01 -1.2923825000000001e+01 -1.2937450000000000e+01 -1.2919200000000000e+01 -1.2863049999999999e+01 -1.2760700000000000e+01 -1.2600450000000000e+01 -1.2365824999999999e+01 -1.2033099999999999e+01 -1.1569750000000001e+01 -1.0934825000000000e+01 -1.0087800000000000e+01 -9.0130499999999998e+00 -7.7527999999999997e+00
   1.5000000000000000e-03 -5.6537750000000004e+00 -6.5442749999999998e+00 -7.3157249999999996e+00 -7.9404750000000002e+00 -8.4246999999999996e+00 -8.7901000000000007e+00 -9.0601749999999992e+00 -9.2549750000000000e+00 -9.3902750000000008e+00 -9.4782499999999992e+00 -9.5282499999999999e+00 -9.5473499999999998e+00 -9.5408000000000008e+00 -9.5123750000000005e+00 -9.4647249999999996e+00 -9.3996999999999993e+00 -9.3189499999999992e+00 -9.2242499999999996e+00 -9.1183250000000005e+00 -9.0047250000000005e+00 -8.8882999999999992e+00 -8.7765500000000003e+00 -8.6821999999999999e+00 -8.6276250000000001e+00 -8.6471999999999998e+00 -8.7827249999999992e+00 -9.0669000000000004e+00 -9.4923749999999991e+00 -9.9809500000000000e+00 -1.0383025000000000e+01 -1.0540274999999999e+01 -1.0383025000000000e+01 -9.9809500000000000e+00 -9.4924250000000008e+00 -9.0669000000000004e+00 -8.7827249999999992e+00 -8.6471999999999998e+00 -8.6276499999999992e+00 -8.6821999999999999e+00 -8.7765500000000003e+00 -8.8883250000000000e+00 -9.0047250000000005e+00 -9.1183250000000005e+00 -9.2242750000000004e+00 -9.3189499999999992e+00 -9.3997250000000001e+00 -9.4647249999999996e+00 -9.5123999999999995e+00 -9.5408000000000008e+00 -9.5473499999999998e+00 -9.5282499999999999e+00 -9.4782499999999992e+00 -9.3902750000000008e+00 -9.2549750000000000e+00 -9.0601749999999992e+00 -8.7901000000000007e+00 -8.4246999999999996e+00 -7.9404750000000002e+00 -7.3157249999999996e+00 -6.5442999999999998e+00 -5.6537750000000004e+00
   1.0000000000000000e-03 -3.6949000000000001e+00 -4.2643500000000003e+00 -4.7627249999999997e+00 -5.1736000000000004e+00 -5.4990249999999996e+00 -5.7499500000000001e+00 -5.9389750000000001e+00 -6.0773500000000000e+00 -6.1745749999999999e+00 -6.2385500000000000e+00 -6.2757250000000004e+00 -6.2911000000000001e+00 -6.2885249999999999e+00 -6.2707750000000004e+00 -6.2397749999999998e+00 -6.1968500000000004e+00 -6.1430249999999997e+00 -6.0793749999999998e+00 -6.0072999999999999e+00 -5.9289249999999996e+00 -5.8472749999999998e+00 -5.7674000000000003e+00 -5.6978499999999999e+00 -5.6531250000000002e+00 -5.6552749999999996e+00 -5.7303249999999997e+00 -5.8981250000000003e+00 -6.1525249999999998e+00 -6.4448249999999998e+00 -6.6841749999999998e+00 -6.7775999999999996e+00 -6.6843000000000004e+00 -6.4448249999999998e+00 -6.1524999999999999e+00 -5.8981000000000003e+00 -5.7303499999999996e+00 -5.6552749999999996e+00 -5.6531500000000001e+00 -5.6978499999999999e+00 -5.7674250000000002e+00 -5.8472749999999998e+00 -5.9289249999999996e+00 -6.0073249999999998e+00 -6.0793999999999997e+00 -6.1430249999999997e+00 -6.1968500000000004e+00 -6.2397749999999998e+00 -6.2707750000000004e+00 -6.2885249999999999e+00 -6.2911000000000001e+00 -6.2757250000000004e+00 -6.2385750000000000e+00 -6.1745999999999999e+00 -6.0773500000000000e+00 -5.9390000000000001e+00 -5.7499500000000001e+00 -5.4990249999999996e+00 -5.1736000000000004e+00 -4.7627249999999997e+00 -4.2643500000000003e+00 -3.6949000000000001e+00
   5.0000000000000001e-04 -1.8256174999999999e+00 -2.1033849999999998e+00 -2.3479299999999999e+00 -2.5515500000000002e+00 -2.7148249999999998e+00 -2.8422999999999998e+00 -2.9393250000000002e+00 -3.0109750000000002e+00 -3.0616500000000002e+00 -3.0952500000000001e+00 -3.1149749999999998e+00 -3.1234750000000000e+00 -3.1227250000000000e+00 -3.1142249999999998e+00 -3.0989499999999999e+00 -3.0775999999999999e+00 -3.0507000000000000e+00 -3.0186999999999999e+00 -2.9822000000000002e+00 -2.9422000000000001e+00 -2.9001999999999999e+00 -2.8586250000000000e+00 -2.8218250000000000e+00 -2.7970750000000000e+00 -2.7949000000000002e+00 -2.8279500000000000e+00 -2.9056000000000002e+00 -3.0245750000000000e+00 -3.1612499999999999e+00 -3.2730250000000001e+00 -3.3166250000000002e+00 -3.2730250000000001e+00 -3.1612499999999999e+00 -3.0245750000000000e+00 -2.9056000000000002e+00 -2.8279500000000000e+00 -2.7949000000000002e+00 -2.7970999999999999e+00 -2.8218500000000000e+00 -2.8586499999999999e+00 -2.9002249999999998e+00 -2.9422250000000001e+00 -2.9822250000000001e+00 -3.0187249999999999e+00 -3.0507000000000000e+00 -3.0776249999999998e+00 -3.0989749999999998e+00 -3.1142249999999998e+00 -3.1227499999999999e+00 -3.1234750000000000e+00 -3.1149749999999998e+00 -3.0952500000000001e+00 -3.0616750000000001e+00 -3.0109750000000002e+00 -2.9393250000000002e+00 -2.8422999999999998e+00 -2.7148249999999998e+00 -2.5515750000000001e+00 -2.3479475000000001e+00 -2.1033925000000000e+00 -1.8256100000000000e+00
   0.0000000000000000e+00  1.5414850000000000e-05  3.0410499999999999e-06  6.3941749999999996e-06  3.5992749999999999e-06  3.9462749999999998e-06 -3.9549250000000001e-06  4.2739500000000000e-06  4.4003500000000001e-06  4.5525250000000001e-06  4.6202500000000004e-06  4.7436249999999998e-06  4.7529249999999999e-06  4.6989250000000001e-06  4.8287250000000001e-06  4.8334000000000002e-06  4.8454750000000004e-06  4.8904249999999999e-06  4.8202750000000002e-06  4.7863999999999996e-06  4.8264000000000001e-06  4.6404249999999997e-06  4.4704999999999998e-06  4.3296250000000001e-06  4.0829499999999996e-06  3.7632750000000000e-06  3.3720250000000001e-06  2.8630250000000000e-06  2.2703075000000002e-06  1.6114850000000000e-05  8.0912000000000003e-07  0.0000000000000000e+00 -8.0632750000000003e-07 -1.5626425000000001e-06 -2.2366525000000002e-06 -2.8060250000000000e-06 -3.2754750000000002e-06 -3.6258250000000001e-06 -4.1783500000000004e-06 -4.1196250000000004e-06 -4.2703999999999998e-06 -4.3806250000000001e-06 -4.4603000000000003e-06 -4.5586249999999999e-06 -4.5913499999999997e-06 -4.6099499999999998e-06 -4.6421000000000000e-06 -4.6346499999999997e-06 -4.6697249999999996e-06 -4.5804999999999996e-06 -4.6236250000000001e-06 -4.7760999999999999e-06 -4.7596750000000003e-06 -4.5569749999999997e-06 -4.5113250000000004e-06 -4.3964250000000000e-06 -4.2396000000000000e-06 -4.1361750000000003e-06 -3.8415999999999998e-06 -3.5212500000000000e-06  9.1297750000000002e-06  4.0754499999999999e-07
  -5.0000000000000001e-04  1.8256100000000000e+00  2.1033824999999999e+00  2.3479350000000001e+00  2.5515750000000001e+00  2.7148249999999998e+00  2.8422999999999998e+00  2.9393250000000002e+00  3.0109750000000002e+00  3.0616750000000001e+00  3.0952500000000001e+00  3.1149749999999998e+00  3.1234750000000000e+00  3.1227499999999999e+00  3.1142249999999998e+00  3.0989499999999999e+00  3.0776249999999998e+00  3.0507000000000000e+00  3.0186999999999999e+00  2.9822250000000001e+00  2.9422250000000001e+00  2.9002249999999998e+00  2.8586499999999999e+00  2.8218500000000000e+00  2.7970999999999999e+00  2.7949000000000002e+00  2.8279500000000000e+00  2.9056000000000002e+00  3.0245750000000000e+00  3.1612499999999999e+00  3.2730250000000001e+00  3.3166250000000002e+00  3.2730250000000001e+00  3.1612499999999999e+00  3.0245750000000000e+00  2.9056000000000002e+00  2.8279500000000000e+00  2.7949000000000002e+00  2.7970750000000000e+00  2.8218250000000000e+00  2.8586250000000000e+00  2.9001999999999999e+00  2.9422000000000001e+00  2.9822000000000002e+00  3.0186999999999999e+00  3.0507000000000000e+00  3.0776249999999998e+00  3.0989499999999999e+00  3.1142249999999998e+00  3.1227250000000000e+00  3.1234750000000000e+00  3.1149749999999998e+00  3.0952500000000001e+00  3.0616500000000002e+00  3.0109750000000002e+00  2.9393250000000002e+00  2.8422999999999998e+00  2.7148249999999998e+00  2.5515500000000002e+00  2.3479375000000000e+00  2.1033875000000002e+00  1.8256174999999999e+00
  -1.0000000000000000e-03  3.6949000000000001e+00  4.2643250000000004e+00  4.7627499999999996e+00  5.1736000000000004e+00  5.4989999999999997e+00  5.7499500000000001e+00  5.9390000000000001e+00  6.0773500000000000e+00  6.1745999999999999e+00  6.2385750000000000e+00  6.2757250000000004e+00  6.2911000000000001e+00  6.2885249999999999e+00  6.2707750000000004e+00  6.2397749999999998e+00  6.1968500000000004e+00  6.1430499999999997e+00  6.0793999999999997e+00  6.0072999999999999e+00  5.9289249999999996e+00  5.8472749999999998e+00  5.7674000000000003e+00  5.6978499999999999e+00  5.6531500000000001e+00  5.6552749999999996e+00  5.7303499999999996e+00  5.8981000000000003e+00  6.1525499999999997e+00  6.4448249999999998e+00  6.6842750000000004e+00  6.7775999999999996e+00  6.6841749999999998e+00  6.4448249999999998e+00  6.1525249999999998e+00  5.8981250000000003e+00  5.7303249999999997e+00  5.6552749999999996e+00  5.6531250000000002e+00  5.6978249999999999e+00  5.7674250000000002e+00  5.8472749999999998e+00  5.9289249999999996e+00  6.0072999999999999e+00  6.0793999999999997e+00  6.1430249999999997e+00  6.1968500000000004e+00  6.2397749999999998e+00  6.2707750000000004e+00  6.2885249999999999e+00  6.2910750000000002e+00  6.2757250000000004e+00  6.2385500000000000e+00  6.1745749999999999e+00  6.0773500000000000e+00  5.9389750000000001e+00  5.7499500000000001e+00  5.4990249999999996e+00  5.1736000000000004e+00  4.7627249999999997e+00  4.2643500000000003e+00  3.6949000000000001e+00
  -1.5000000000000000e-03  5.6537750000000004e+00  6.5442999999999998e+00  7.3157249999999996e+00  7.9404750000000002e+00  8.4246999999999996e+00  8.7901000000000007e+00  9.0602000000000000e+00  9.2550000000000008e+00  9.3902750000000008e+00  9.4782499999999992e+00  9.5282499999999999e+00  9.5473499999999998e+00  9.5408000000000008e+00  9.5123750000000005e+00  9.4647249999999996e+00  9.3997250000000001e+00  9.3189499999999992e+00  9.2242750000000004e+00  9.1183250000000005e+00  9.0047499999999996e+00  8.8883250000000000e+00  8.7765500000000003e+00  8.6821999999999999e+00  8.6277249999999999e+00  8.6471999999999998e+00  8.7827249999999992e+00  9.0669000000000004e+00  9.4924250000000008e+00  9.9809500000000000e+00  1.0383025000000000e+01  1.0540274999999999e+01  1.0383025000000000e+01  9.9809500000000000e+00  9.4923749999999991e+00  9.0669000000000004e+00  8.7827249999999992e+00  8.6471999999999998e+00  8.6276250000000001e+00  8.6821999999999999e+00  8.7765500000000003e+00  8.8882999999999992e+00  9.0047250000000005e+00  9.1182999999999996e+00  9.2242750000000004e+00  9.3189499999999992e+00  9.3996999999999993e+00  9.4647249999999996e+00  9.5123750000000005e+00  9.5408000000000008e+00  9.5473250000000007e+00  9.5282499999999999e+00  9.4782499999999992e+00  9.3902750000000008e+00  9.2549750000000000e+00  9.0601749999999992e+00  8.7901000000000007e+00  8.4246999999999996e+00  7.9404750000000002e+00  7.3156999999999996e+00  6.5442749999999998e+00  5.6537750000000004e+00
  -2.0000000000000000e-03  7.7527999999999997e+00  9.0130499999999998e+00  1.0087800000000000e+01  1.0934825000000000e+01  1.1569750000000001e+01  1.2033125000000000e+01  1.2365850000000000e+01  1.2600474999999999e+01  1.2760700000000000e+01  1.2863049999999999e+01  1.2919200000000000e+01  1.2937450000000000e+01  1.2923825000000001e+01  1.2882700000000000e+01  1.2817024999999999e+01  1.2729125000000000e+01  1.2621150000000000e+01  1.2496200000000000e+01  1.2358775000000000e+01  1.2214625000000000e+01  1.2070850000000000e+01  1.1936975000000000e+01  1.1830100000000000e+01  1.1780725000000000e+01  1.1837675000000001e+01  1.2062474999999999e+01  1.2505775000000000e+01  1.3161825000000000e+01  1.3917149999999999e+01  1.4543125000000000e+01  1.4789225000000000e+01  1.4543125000000000e+01  1.3917149999999999e+01  1.3161925000000000e+01  1.2505750000000001e+01  1.2062474999999999e+01  1.1837675000000001e+01  1.1780725000000000e+01  1.1830075000000001e+01  1.1936975000000000e+01  1.2070824999999999e+01  1.2214625000000000e+01  1.2358750000000001e+01  1.2496200000000000e+01  1.2621174999999999e+01  1.2729100000000001e+01  1.2817024999999999e+01  1.2882700000000000e+01  1.2923825000000001e+01  1.2937424999999999e+01  1.2919200000000000e+01  1.2863049999999999e+01  1.2760675000000001e+01  1.2600450000000000e+01  1.2365824999999999e+01  1.2033099999999999e+01  1.1569750000000001e+01  1.0934799999999999e+01  1.0087775000000001e+01  9.0130250000000007e+00  7.7527749999999997e+00
  -2.5000000000000001e-03  1.0050675000000000e+01  1.1754925000000000e+01  1.3176100000000000e+01  1.4252549999999999e+01  1.5020750000000000e+01  1.5554150000000000e+01  1.5920949999999999e+01  1.6171350000000000e+01  1.6338400000000000e+01  1.6442475000000002e+01  1.6496150000000000e+01  1.6507725000000001e+01  1.6483200000000000e+01  1.6426774999999999e+01  1.6341374999999999e+01  1.6229350000000000e+01  1.6093550000000000e+01  1.5938825000000000e+01  1.5772600000000001e+01  1.5604150000000001e+01  1.5443000000000000e+01  1.5300500000000000e+01  1.5197274999999999e+01  1.5173299999999999e+01  1.5294824999999999e+01  1.5649575000000000e+01  1.6315200000000001e+01  1.7293225000000000e+01  1.8428049999999999e+01  1.9379674999999999e+01  1.9756650000000000e+01  1.9379674999999999e+01  1.8428049999999999e+01  1.7293250000000000e+01  1.6315200000000001e+01  1.5649575000000000e+01  1.5294824999999999e+01  1.5173299999999999e+01  1.5197250000000000e+01  1.5300500000000000e+01  1.5442975000000001e+01  1.5604150000000001e+01  1.5772575000000000e+01  1.5938800000000001e+01  1.6093550000000000e+01  1.6229350000000000e+01  1.6341374999999999e+01  1.6426774999999999e+01  1.6483200000000000e+01  1.6507725000000001e+01  1.6496124999999999e+01  1.6442450000000001e+01  1.6338400000000000e+01  1.6171350000000000e+01  1.5920949999999999e+01  1.5554125000000001e+01  1.5020750000000000e+01  1.4252500000000000e+01  1.3176100000000000e+01  1.1754949999999999e+01  1.0050675000000000e+01
  -3.0000000000000001e-03  1.2618200000000000e+01  1.4877974999999999e+01  1.6703575000000001e+01  1.8009350000000001e+01  1.8876175000000000e+01  1.9434325000000001e+01  1.9793099999999999e+01  2.0026100000000000e+01  2.0176600000000001e+01  2.0266925000000001e+01  2.0307974999999999e+01  2.0306274999999999e+01  2.0266425000000002e+01  2.0191775000000000e+01  2.0084524999999999e+01  1.9946774999999999e+01  1.9781874999999999e+01  1.9597000000000001e+01  1.9404550000000000e+01  1.9219449999999998e+01  1.9053999999999998e+01  1.8920150000000000e+01  1.8841125000000002e+01  1.8867049999999999e+01  1.9087150000000001e+01  1.9625750000000000e+01  2.0601925000000001e+01  2.2037724999999998e+01  2.3729299999999999e+01  2.5173999999999999e+01  2.5753000000000000e+01  2.5173999999999999e+01  2.3729275000000001e+01  2.2037775000000000e+01  2.0601800000000001e+01  1.9625750000000000e+01  1.9087150000000001e+01  1.8867075000000000e+01  1.8841075000000000e+01  1.8920124999999999e+01  1.9053975000000001e+01  1.9219449999999998e+01  1.9404550000000000e+01  1.9596950000000000e+01  1.9781849999999999e+01  1.9946800000000000e+01  2.0084499999999998e+01  2.0191725000000002e+01  2.0266400000000001e+01  2.0306274999999999e+01  2.0307974999999999e+01  2.0266925000000001e+01  2.0176600000000001e+01  2.0026050000000001e+01  1.9793075000000002e+01  1.9434275000000000e+01  1.8876175000000000e+01  1.8009374999999999e+01  1.6703600000000002e+01  1.4877974999999999e+01  1.2618200000000000e+01
  -3.5000000000000001e-03  1.5544975000000001e+01  1.8528725000000001e+01  2.0833549999999999e+01  2.2349174999999999e+01  2.3249575000000000e+01  2.3761175000000001e+01  2.4051900000000000e+01  2.4223725000000002e+01  2.4329274999999999e+01  2.4388449999999999e+01  2.4406099999999999e+01  2.4383900000000001e+01  2.4323950000000000e+01  2.4227900000000002e+01  2.4096750000000000e+01  2.3931225000000001e+01  2.3734674999999999e+01  2.3517600000000002e+01  2.3300500000000000e+01  2.3107675000000000e+01  2.2954799999999999e+01  2.2851250000000000e+01  2.2820750000000000e+01  2.2924975000000000e+01  2.3283124999999998e+01  2.4072299999999998e+01  2.5478249999999999e+01  2.7569500000000001e+01  3.0093750000000000e+01  3.2308750000000003e+01  3.3212499999999999e+01  3.2308750000000003e+01  3.0093750000000000e+01  2.7569500000000001e+01  2.5478500000000000e+01  2.4072299999999998e+01  2.3283124999999998e+01  2.2924975000000000e+01  2.2820724999999999e+01  2.2851199999999999e+01  2.2954775000000001e+01  2.3107700000000001e+01  2.3300500000000000e+01  2.3517575000000001e+01  2.3734625000000001e+01  2.3931175000000000e+01  2.4096724999999999e+01  2.4227900000000002e+01  2.4323924999999999e+01  2.4383875000000000e+01  2.4405999999999999e+01  2.4388525000000001e+01  2.4329300000000000e+01  2.4223700000000001e+01  2.4051874999999999e+01  2.3761199999999999e+01  2.3249575000000000e+01  2.2349150000000002e+01  2.0833525000000002e+01  1.8528725000000001e+01  1.5544950000000000e+01
  -4.0000000000000001e-03  1.8949549999999999e+01  2.2918800000000001e+01  2.5792500000000000e+01  2.7454750000000001e+01  2.8272500000000001e+01  2.8629249999999999e+01  2.8768750000000001e+01  2.8824000000000002e+01  2.8852499999999999e+01  2.8862500000000001e+01  2.8845749999999999e+01  2.8795999999999999e+01  2.8711250000000000e+01  2.8591000000000001e+01  2.8433750000000000e+01  2.8238000000000000e+01  2.8005749999999999e+01  2.7751249999999999e+01  2.7508250000000000e+01  2.7318249999999999e+01  2.7199750000000002e+01  2.7153749999999999e+01  2.7199500000000000e+01  2.7411750000000001e+01  2.7949000000000002e+01  2.9067250000000001e+01  3.1058499999999999e+01  3.4085250000000002e+01  3.7872750000000003e+01  4.1329000000000001e+01  4.2775500000000001e+01  4.1329000000000001e+01  3.7872750000000003e+01  3.4085250000000002e+01  3.1058499999999999e+01  2.9067250000000001e+01  2.7949000000000002e+01  2.7411750000000001e+01  2.7199500000000000e+01  2.7153749999999999e+01  2.7199750000000002e+01  2.7318249999999999e+01  2.7508250000000000e+01  2.7751249999999999e+01  2.8005749999999999e+01  2.8238000000000000e+01  2.8433750000000000e+01  2.8591000000000001e+01  2.8711250000000000e+01  2.8795999999999999e+01  2.8845749999999999e+01  2.8862500000000001e+01  2.8852250000000002e+01  2.8824000000000002e+01  2.8768750000000001e+01  2.8629249999999999e+01  2.8272500000000001e+01  2.7454750000000001e+01  2.5792750000000002e+01  2.2918800000000001e+01  1.8949549999999999e+01
  -4.4999999999999997e-03  2.2996500000000001e+01  2.8375000000000000e+01  3.1909749999999999e+01  3.3561000000000000e+01  3.4096750000000000e+01  3.4140250000000002e+01  3.4018250000000002e+01  3.3888750000000002e+01  3.3806249999999999e+01  3.3752000000000002e+01  3.3691499999999998e+01  3.3607500000000002e+01  3.3493499999999997e+01  3.3346249999999998e+01  3.3161250000000003e+01  3.2933250000000001e+01  3.2659250000000000e+01  3.2356499999999997e+01  3.2080500000000001e+01  3.1905249999999999e+01  3.1851500000000001e+01  3.1896750000000001e+01  3.2049750000000003e+01  3.2397500000000001e+01  3.3149749999999997e+01  3.4679250000000003e+01  3.7449249999999999e+01  4.1800249999999998e+01  4.7522250000000000e+01  5.3039499999999997e+01  5.5433999999999997e+01  5.3039499999999997e+01  4.7522250000000000e+01  4.1800249999999998e+01  3.7448999999999998e+01  3.4679250000000003e+01  3.3149749999999997e+01  3.2397500000000001e+01  3.2049750000000003e+01  3.1896750000000001e+01  3.1851500000000001e+01  3.1905249999999999e+01  3.2080500000000001e+01  3.2356499999999997e+01  3.2659250000000000e+01  3.2933000000000000e+01  3.3161250000000003e+01  3.3346249999999998e+01  3.3493499999999997e+01  3.3607500000000002e+01  3.3691499999999998e+01  3.3751750000000001e+01  3.3806249999999999e+01  3.3888750000000002e+01  3.4018000000000001e+01  3.4140250000000002e+01  3.4096750000000000e+01  3.3561000000000000e+01  3.1909749999999999e+01  2.8375000000000000e+01  2.2996475000000000e+01
  -5.0000000000000001e-03  2.7926250000000000e+01  3.5443249999999999e+01  3.9681500000000000e+01  4.0971750000000000e+01  4.0898499999999999e+01  4.0408749999999998e+01  3.9883499999999998e+01  3.9490000000000002e+01  3.9268000000000001e+01  3.9140000000000001e+01  3.9029249999999998e+01  3.8905000000000001e+01  3.8758000000000003e+01  3.8581750000000000e+01  3.8368749999999999e+01  3.8106499999999997e+01  3.7783250000000002e+01  3.7411749999999998e+01  3.7082500000000003e+01  3.6937249999999999e+01  3.6992750000000001e+01  3.7172249999999998e+01  3.7465000000000003e+01  3.7969250000000002e+01  3.8952500000000001e+01  4.0965249999999997e+01  4.4740250000000003e+01  5.0928249999999998e+01  5.9621749999999999e+01  6.8678250000000006e+01  7.2813999999999993e+01  6.8678500000000000e+01  5.9621749999999999e+01  5.0928249999999998e+01  4.4740250000000003e+01  4.0965000000000003e+01  3.8952500000000001e+01  3.7969250000000002e+01  3.7465000000000003e+01  3.7172249999999998e+01  3.6992750000000001e+01  3.6937249999999999e+01  3.7082500000000003e+01  3.7411749999999998e+01  3.7783250000000002e+01  3.8106499999999997e+01  3.8368749999999999e+01  3.8581750000000000e+01  3.8757750000000001e+01  3.8905000000000001e+01  3.9029249999999998e+01  3.9140000000000001e+01  3.9268000000000001e+01  3.9490000000000002e+01  3.9883499999999998e+01  4.0408999999999999e+01  4.0898499999999999e+01  4.0971750000000000e+01  3.9681500000000000e+01  3.5442999999999998e+01  2.7926250000000000e+01
# Longitudinally Integrated Squared Transverse Magnetic Field [T2m]
START
                          -2.9999999999999999e-02 -2.9000000000000001e-02 -2.8000000000000001e-02 -2.7000000000000000e-02 -2.5999999999999999e-02 -2.5000000000000001e-02 -2.4000000000000000e-02 -2.3000000000000000e-02 -2.1999999999999999e-02 -2.1000000000000001e-02 -2.0000000000000000e-02 -1.9000000000000000e-02 -1.7999999999999999e-02 -1.7000000000000001e-02 -1.6000000000000000e-02 -1.4999999999999999e-02 -1.4000000000000000e-02 -1.2999999999999999e-02 -1.2000000000000000e-02 -1.0999999999999999e-02 -1.0000000000000000e-02 -8.9999999999999993e-03 -8.0000000000000002e-03 -7.0000000000000001e-03 -6.0000000000000001e-03 -5.0000000000000001e-03 -4.0000000000000001e-03 -3.0000000000000001e-03 -2.0000000000000000e-03 -1.0000000000000000e-03  0.0000000000000000e+00  1.0000000000000000e-03  2.0000000000000000e-03  3.0000000000000001e-03  4.0000000000000001e-03  5.0000000000000001e-03  6.0000000000000001e-03  7.0000000000000001e-03  8.0000000000000002e-03  8.9999999999999993e-03  1.0000000000000000e-02  1.0999999999999999e-02  1.2000000000000000e-02  1.2999999999999999e-02  1.4000000000000000e-02  1.4999999999999999e-02  1.6000000000000000e-02  1.7000000000000001e-02  1.7999999999999999e-02  1.9000000000000000e-02  2.0000000000000000e-02  2.1000000000000001e-02  2.1999999999999999e-02  2.3000000000000000e-02  2.4000000000000000e-02  2.5000000000000001e-02  2.5999999999999999e-02  2.7000000000000000e-02  2.8000000000000001e-02  2.9000000000000001e-02  2.9999999999999999e-02
   5.0000000000000001e-03  1.8660650000000001e-01  2.1002850000000001e-01  2.2449450000000001e-01  2.3004150000000001e-01  2.2984450000000001e-01  2.2682749999999999e-01  2.2287124999999999e-01  2.1908125000000001e-01  2.1599974999999999e-01  2.1376624999999999e-01  2.1237624999999999e-01  2.1183225000000000e-01  2.1216525000000000e-01  2.1342549999999999e-01  2.1568300000000001e-01  2.1903650000000000e-01  2.2363825000000001e-01  2.2975024999999999e-01  2.3781225000000000e-01  2.4835900000000000e-01  2.6176500000000003e-01  2.7824250000000000e-01  2.9806500000000002e-01  3.2167249999999997e-01  3.4974499999999997e-01  3.8315250000000001e-01  4.2240499999999997e-01  4.6652500000000002e-01  5.1141749999999997e-01  5.4768249999999996e-01  5.6208499999999995e-01  5.4768249999999996e-01  5.1141749999999997e-01  4.6652500000000002e-01  4.2240499999999997e-01  3.8315250000000001e-01  3.4974499999999997e-01  3.2167249999999997e-01  2.9806500000000002e-01  2.7824250000000000e-01  2.6176500000000003e-01  2.4835900000000000e-01  2.3781225000000000e-01  2.2975024999999999e-01  2.2363825000000001e-01  2.1903650000000000e-01  2.1568300000000001e-01  2.1342549999999999e-01  2.1216525000000000e-01  2.1183225000000000e-01  2.1237600000000001e-01  2.1376624999999999e-01  2.1599974999999999e-01  2.1908125000000001e-01  2.2287124999999999e-01  2.2682749999999999e-01  2.2984450000000001e-01  2.3004150000000001e-01  2.2449450000000001e-01  2.1002850000000001e-01  1.8660650000000001e-01
   4.4999999999999997e-03  1.5590725000000000e-01  1.7167550000000001e-01  1.8144150000000001e-01  1.8512750000000000e-01  1.8457324999999999e-01  1.8177250000000000e-01  1.7817300000000000e-01  1.7467774999999999e-01  1.7176875000000000e-01  1.6963800000000001e-01  1.6834550000000001e-01  1.6792375000000001e-01  1.6841225000000001e-01  1.6986725000000000e-01  1.7236599999999999e-01  1.7601749999999999e-01  1.8098225000000001e-01  1.8750349999999999e-01  1.9593325000000000e-01  2.0668149999999999e-01  2.2009799999999999e-01  2.3645225000000000e-01  2.5601750000000001e-01  2.7912250000000000e-01  3.0616250000000000e-01  3.3745750000000002e-01  3.7280999999999997e-01  4.1066999999999998e-01  4.4706499999999999e-01  4.7482500000000000e-01  4.8543999999999998e-01  4.7482500000000000e-01  4.4706499999999999e-01  4.1066999999999998e-01  3.7280999999999997e-01  3.3745750000000002e-01  3.0616250000000000e-01  2.7912250000000000e-01  2.5601750000000001e-01  2.3645225000000000e-01  2.2009799999999999e-01  2.0668149999999999e-01  1.9593325000000000e-01  1.8750349999999999e-01  1.8098225000000001e-01  1.7601749999999999e-01  1.7236575000000001e-01  1.6986725000000000e-01  1.6841225000000001e-01  1.6792375000000001e-01  1.6834550000000001e-01  1.6963800000000001e-01  1.7176875000000000e-01  1.7467774999999999e-01  1.7817300000000000e-01  1.8177250000000000e-01  1.8457324999999999e-01  1.8512750000000000e-01  1.8144125000000000e-01  1.7167550000000001e-01  1.5590699999999999e-01
   4.0000000000000001e-03  1.3060150000000001e-01  1.4079349999999999e-01  1.4669199999999999e-01  1.4833250000000001e-01  1.4691050000000000e-01  1.4382924999999999e-01  1.4019200000000001e-01  1.3672400000000001e-01  1.3383675000000000e-01  1.3172575000000000e-01  1.3047475000000000e-01  1.3013050000000001e-01  1.3073725000000000e-01  1.3235325000000001e-01  1.3505900000000001e-01  1.3896824999999999e-01  1.4424024999999999e-01  1.5110050000000000e-01  1.5984699999999999e-01  1.7082200000000000e-01  1.8435150000000000e-01  2.0071600000000001e-01  2.2017100000000001e-01  2.4295074999999999e-01  2.6922750000000001e-01  2.9894749999999998e-01  3.3146999999999999e-01  3.6495499999999997e-01  3.9574500000000001e-01  4.1825000000000001e-01  4.2662749999999999e-01  4.1825000000000001e-01  3.9574500000000001e-01  3.6495499999999997e-01  3.3146999999999999e-01  2.9894749999999998e-01  2.6922750000000001e-01  2.4295074999999999e-01  2.2017100000000001e-01  2.0071600000000001e-01  1.8435124999999999e-01  1.7082200000000000e-01  1.5984699999999999e-01  1.5110050000000000e-01  1.4424024999999999e-01  1.3896800000000001e-01  1.3505900000000001e-01  1.3235300000000000e-01  1.3073725000000000e-01  1.3013050000000001e-01  1.3047475000000000e-01  1.3172575000000000e-01  1.3383675000000000e-01  1.3672400000000001e-01  1.4019200000000001e-01  1.4382924999999999e-01  1.4691050000000000e-01  1.4833250000000001e-01  1.4669175000000001e-01  1.4079349999999999e-01  1.3060150000000001e-01
   3.5000000000000001e-03  1.0978475000000000e-01  1.1581575000000000e-01  1.1859175000000000e-01  1.1828975000000000e-01  1.1579925000000001e-01  1.1216625000000000e-01  1.0824875000000000e-01  1.0462950000000000e-01  1.0165175000000000e-01  9.9492499999999998e-02  9.8236749999999998e-02  9.7933000000000006e-02  9.8625500000000005e-02  1.0037150000000000e-01  1.0325175000000000e-01  1.0738025000000000e-01  1.1291275000000001e-01  1.2006000000000000e-01  1.2908724999999999e-01  1.4029875000000000e-01  1.5399900000000000e-01  1.7046225000000001e-01  1.8991675000000000e-01  2.1251624999999999e-01  2.3826525000000001e-01  2.6685500000000001e-01  2.9736000000000001e-01  3.2781500000000002e-01  3.5488249999999999e-01  3.7405749999999999e-01  3.8106000000000001e-01  3.7405749999999999e-01  3.5488249999999999e-01  3.2781500000000002e-01  2.9736000000000001e-01  2.6685500000000001e-01  2.3826525000000001e-01  2.1251624999999999e-01  1.8991675000000000e-01  1.7046225000000001e-01  1.5399900000000000e-01  1.4029875000000000e-01  1.2908724999999999e-01  1.2005975000000001e-01  1.1291275000000001e-01  1.0738000000000000e-01  1.0325175000000000e-01  1.0037150000000000e-01  9.8625500000000005e-02  9.7933000000000006e-02  9.8236749999999998e-02  9.9492499999999998e-02  1.0165175000000000e-01  1.0462950000000000e-01  1.0824875000000000e-01  1.1216625000000000e-01  1.1579925000000001e-01  1.1828975000000000e-01  1.1859175000000000e-01  1.1581575000000000e-01  1.0978475000000000e-01
   3.0000000000000001e-03  9.2786250000000001e-02  9.5673499999999995e-02  9.5960000000000004e-02  9.3941999999999998e-02  9.0365249999999994e-02  8.6068000000000006e-02  8.1743499999999997e-02  7.7868499999999993e-02  7.4728249999999996e-02  7.2473250000000003e-02  7.1178500000000006e-02  7.0886500000000005e-02  7.1637750000000000e-02  7.3486250000000003e-02  7.6510750000000002e-02  8.0823000000000006e-02  8.6575500000000000e-02  9.3966999999999995e-02  1.0324450000000000e-01  1.1468850000000000e-01  1.2858625000000001e-01  1.4519950000000001e-01  1.6472750000000000e-01  1.8725700000000001e-01  2.1266800000000000e-01  2.4047374999999999e-01  2.6956750000000002e-01  2.9793500000000001e-01  3.2251249999999998e-01  3.3953499999999998e-01  3.4566500000000000e-01  3.3953499999999998e-01  3.2251249999999998e-01  2.9793500000000001e-01  2.6956750000000002e-01  2.4047374999999999e-01  2.1266800000000000e-01  1.8725700000000001e-01  1.6472750000000000e-01  1.4519950000000001e-01  1.2858625000000001e-01  1.1468850000000000e-01  1.0324450000000000e-01  9.3966999999999995e-02  8.6575500000000000e-02  8.0823000000000006e-02  7.6510750000000002e-02  7.3486250000000003e-02  7.1637750000000000e-02  7.0886500000000005e-02  7.1178500000000006e-02  7.2473250000000003e-02  7.4728249999999996e-02  7.7868499999999993e-02  8.1743499999999997e-02  8.6068000000000006e-02  9.0365249999999994e-02  9.3941999999999998e-02  9.5959749999999996e-02  9.5673499999999995e-02  9.2786250000000001e-02
   2.5000000000000001e-03  7.9103000000000007e-02  7.9610749999999994e-02  7.7940499999999996e-02  7.4478000000000003e-02  6.9902500000000006e-02  6.4934000000000006e-02  6.0160499999999999e-02  5.5985500000000001e-02  5.2647250000000000e-02  5.0270500000000003e-02  4.8915250000000000e-02  4.8615499999999999e-02  4.9404249999999997e-02  5.1331500000000002e-02  5.4472500000000000e-02  5.8936000000000002e-02  6.4870999999999998e-02  7.2469249999999999e-02  8.1965750000000004e-02  9.3626249999999994e-02  1.0772575000000000e-01  1.2451075000000000e-01  1.4415475000000000e-01  1.6668975000000000e-01  1.9190350000000000e-01  2.1918250000000000e-01  2.4730400000000000e-01  2.7424250000000000e-01  2.9715000000000003e-01  3.1275999999999998e-01  3.1832749999999999e-01  3.1275999999999998e-01  2.9715000000000003e-01  2.7424250000000000e-01  2.4730400000000000e-01  2.1918250000000000e-01  1.9190350000000000e-01  1.6668975000000000e-01  1.4415475000000000e-01  1.2451075000000000e-01  1.0772550000000000e-01  9.3626249999999994e-02  8.1965750000000004e-02  7.2469249999999999e-02  6.4870999999999998e-02  5.8936000000000002e-02  5.4472250000000000e-02  5.1331500000000002e-02  4.9404249999999997e-02  4.8615499999999999e-02  4.8915250000000000e-02  5.0270500000000003e-02  5.2647250000000000e-02  5.5985500000000001e-02  6.0160499999999999e-02  6.4934000000000006e-02  6.9902500000000006e-02  7.4478000000000003e-02  7.7940499999999996e-02  7.9610749999999994e-02  7.9103000000000007e-02
   2.0000000000000000e-03  6.8356500000000001e-02  6.7083249999999997e-02  6.3908999999999994e-02  5.9282000000000001e-02  5.3852249999999997e-02  4.8273999999999997e-02  4.3070999999999998e-02  3.8596749999999999e-02  3.5056499999999997e-02  3.2551499999999997e-02  3.1127499999999999e-02  3.0807999999999999e-02  3.1618750000000001e-02  3.3604500000000002e-02  3.6836500000000001e-02  4.1421250000000000e-02  4.7504249999999998e-02  5.5272750000000002e-02  6.4954499999999998e-02  7.6806250000000006e-02  9.1092999999999993e-02  1.0804875000000000e-01  1.2782399999999999e-01  1.5040875000000001e-01  1.7552150000000000e-01  2.0246000000000000e-01  2.2992575000000001e-01  2.5589750000000000e-01  2.7768749999999998e-01  2.9236750000000000e-01  2.9756749999999998e-01  2.9236750000000000e-01  2.7768749999999998e-01  2.5589750000000000e-01  2.2992575000000001e-01  2.0246000000000000e-01  1.7552150000000000e-01  1.5040875000000001e-01  1.2782399999999999e-01  1.0804875000000000e-01  9.1092999999999993e-02  7.6806250000000006e-02  6.4954250000000005e-02  5.5272750000000002e-02  4.7504249999999998e-02  4.1421250000000000e-02  3.6836500000000001e-02  3.3604500000000002e-02  3.1618750000000001e-02  3.0807999999999999e-02  3.1127499999999999e-02  3.2551499999999997e-02  3.5056499999999997e-02  3.8596749999999999e-02  4.3070999999999998e-02  4.8273999999999997e-02  5.3852249999999997e-02  5.9282000000000001e-02  6.3908750000000000e-02  6.7083249999999997e-02  6.8356500000000001e-02
   1.5000000000000000e-03  6.0263999999999998e-02  5.7697749999999999e-02  5.3411000000000000e-02  4.7893749999999999e-02  4.1784500000000002e-02  3.5700750000000003e-02  3.0129000000000000e-02  2.5391500000000001e-02  2.1669074999999999e-02  1.9046750000000001e-02  1.7556749999999999e-02  1.7213275000000000e-02  1.8035575000000002e-02  2.0062799999999999e-02  2.3363274999999999e-02  2.8040750000000000e-02  3.4238249999999998e-02  4.2140499999999997e-02  5.1970250000000003e-02  6.3979750000000002e-02  7.8425750000000002e-02  9.5532750000000000e-02  1.1543275000000000e-01  1.3808400000000001e-01  1.6315550000000001e-01  1.8988300000000000e-01  2.1691900000000000e-01  2.4224975000000001e-01  2.6330500000000001e-01  2.7737750000000000e-01  2.8233750000000002e-01  2.7737750000000000e-01  2.6330500000000001e-01  2.4224975000000001e-01  2.1691900000000000e-01  1.8988300000000000e-01  1.6315550000000001e-01  1.3808400000000001e-01  1.1543275000000000e-01  9.5532750000000000e-02  7.8425750000000002e-02  6.3979750000000002e-02  5.1970250000000003e-02  4.2140499999999997e-02  3.4238249999999998e-02  2.8040750000000000e-02  2.3363274999999999e-02  2.0062775000000001e-02  1.8035550000000001e-02  1.7213249999999999e-02  1.7556724999999999e-02  1.9046750000000001e-02  2.1669074999999999e-02  2.5391250000000001e-02  3.0129000000000000e-02  3.5700750000000003e-02  4.1784500000000002e-02  4.7893749999999999e-02  5.3411000000000000e-02  5.7697749999999999e-02  6.0263999999999998e-02
   1.0000000000000000e-03  5.4621000000000003e-02  5.1176750000000000e-02  4.6124749999999999e-02  3.9981750000000003e-02  3.3381250000000001e-02  2.6922499999999999e-02  2.1070374999999999e-02  1.6128824999999999e-02  1.2263850000000000e-02  9.5479750000000002e-03  8.0040500000000004e-03  7.6388250000000001e-03  8.4660499999999993e-03  1.0520875000000001e-02  1.3868850000000000e-02  1.8611675000000001e-02  2.4890949999999998e-02  3.2889250000000002e-02  4.2827749999999998e-02  5.4954250000000003e-02  6.9521749999999993e-02  8.6746249999999997e-02  1.0674750000000000e-01  1.2946125000000000e-01  1.5452274999999999e-01  1.8112750000000000e-01  2.0789650000000001e-01  2.3282475000000000e-01  2.5341750000000002e-01  2.6711000000000001e-01  2.7192250000000001e-01  2.6711000000000001e-01  2.5341750000000002e-01  2.3282475000000000e-01  2.0789650000000001e-01  1.8112750000000000e-01  1.5452274999999999e-01  1.2946125000000000e-01  1.0674750000000000e-01  8.6746249999999997e-02  6.9521749999999993e-02  5.4954250000000003e-02  4.2827749999999998e-02  3.2889250000000002e-02  2.4890925000000001e-02  1.8611675000000001e-02  1.3868825000000000e-02  1.0520875000000001e-02  8.4660499999999993e-03  7.6388250000000001e-03  8.0040249999999997e-03  9.5479750000000002e-03  1.2263825000000001e-02  1.6128824999999999e-02  2.1070350000000002e-02  2.6922499999999999e-02  3.3381250000000001e-02  3.9981750000000003e-02  4.6124749999999999e-02  5.1176750000000000e-02  5.4621000000000003e-02
   5.0000000000000001e-04  5.1288750000000001e-02  4.7334750000000002e-02  4.1835249999999997e-02  3.5320749999999998e-02  2.8424250000000002e-02  2.1735325000000000e-02  1.5708875000000001e-02  1.0638975000000000e-02  6.6833750000000001e-03  3.9075500000000001e-03  2.3284949999999999e-03  1.9483199999999999e-03  2.7772000000000001e-03  4.8476999999999999e-03  8.2235999999999993e-03  1.3005350000000001e-02  1.9333599999999999e-02  2.7390250000000001e-02  3.7394499999999997e-02  4.9593499999999999e-02  6.4236500000000002e-02  8.1535499999999997e-02  1.0160225000000001e-01  1.2435925000000000e-01  1.4942274999999999e-01  1.7596450000000000e-01  2.0258899999999999e-01  2.2729625000000001e-01  2.4763499999999999e-01  2.6112000000000002e-01  2.6585249999999999e-01  2.6112000000000002e-01  2.4763499999999999e-01  2.2729625000000001e-01  2.0258899999999999e-01  1.7596450000000000e-01  1.4942274999999999e-01  1.2435925000000000e-01  1.0160225000000001e-01  8.1535499999999997e-02  6.4236500000000002e-02  4.9593499999999999e-02  3.7394499999999997e-02  2.7390250000000001e-02  1.9333599999999999e-02  1.3005350000000001e-02  8.2235750000000003e-03  4.8476999999999999e-03  2.7772000000000001e-03  1.9483174999999999e-03  2.3284924999999999e-03  3.9075500000000001e-03  6.6833750000000001e-03  1.0638975000000000e-02  1.5708850000000000e-02  2.1735325000000000e-02  2.8424250000000002e-02  3.5320749999999998e-02  4.1835249999999997e-02  4.7334750000000002e-02  5.1288750000000001e-02
   0.0000000000000000e+00  5.0186750000000002e-02  4.6065750000000003e-02  4.0418750000000003e-02  3.3781249999999999e-02  2.6785750000000001e-02  2.0019499999999999e-02  1.3933925000000000e-02  8.8202750000000007e-03  4.8336250000000002e-03  2.0372024999999998e-03  4.4597000000000001e-04  6.0485000000000001e-05  8.8970000000000000e-04  2.9652749999999999e-03  6.3503750000000001e-03  1.1145075000000001e-02  1.7489649999999999e-02  2.5565750000000002e-02  3.5592249999999999e-02  4.7815749999999997e-02  6.2484249999999998e-02  7.9808749999999998e-02  9.9898000000000001e-02  1.2267075000000000e-01  1.4773600000000001e-01  1.7425850000000001e-01  2.0083724999999999e-01  2.2547424999999999e-01  2.4573200000000001e-01  2.5914999999999999e-01  2.6385750000000002e-01  2.5914999999999999e-01  2.4573200000000001e-01  2.2547424999999999e-01  2.0083724999999999e-01  1.7425850000000001e-01  1.4773600000000001e-01  1.2267075000000000e-01  9.9898000000000001e-02  7.9808749999999998e-02  6.2484249999999998e-02  4.7815749999999997e-02  3.5592249999999999e-02  2.5565750000000002e-02  1.7489649999999999e-02  1.1145075000000001e-02  6.3503750000000001e-03  2.9652749999999999e-03  8.8970000000000000e-04  6.0485000000000001e-05  4.4597000000000001e-04  2.0372024999999998e-03  4.8336250000000002e-03  8.8202750000000007e-03  1.3933925000000000e-02  2.0019499999999999e-02  2.6785750000000001e-02  3.3781249999999999e-02  4.0418750000000003e-02  4.6065750000000003e-02  5.0186750000000002e-02
  -5.0000000000000001e-04  5.1288750000000001e-02  4.7334750000000002e-02  4.1835249999999997e-02  3.5320749999999998e-02  2.8424250000000002e-02  2.1735325000000000e-02  1.5708850000000000e-02  1.0638975000000000e-02  6.6833500000000002e-03  3.9075500000000001e-03  2.3284924999999999e-03  1.9483174999999999e-03  2.7772000000000001e-03  4.8476999999999999e-03  8.2235999999999993e-03  1.3005350000000001e-02  1.9333599999999999e-02  2.7390250000000001e-02  3.7394499999999997e-02  4.9593499999999999e-02  6.4236500000000002e-02  8.1535499999999997e-02  1.0160225000000001e-01  1.2435925000000000e-01  1.4942274999999999e-01  1.7596450000000000e-01  2.0258899999999999e-01  2.2729625000000001e-01  2.4763499999999999e-01  2.6112000000000002e-01  2.6585249999999999e-01  2.6112000000000002e-01  2.4763499999999999e-01  2.2729625000000001e-01  2.0258899999999999e-01  1.7596450000000000e-01  1.4942274999999999e-01  1.2435925000000000e-01  1.0160225000000001e-01  8.1535499999999997e-02  6.4236500000000002e-02  4.9593499999999999e-02  3.7394499999999997e-02  2.7390250000000001e-02  1.9333625000000000e-02  1.3005350000000001e-02  8.2235999999999993e-03  4.8476999999999999e-03  2.7772000000000001e-03  1.9483199999999999e-03  2.3284949999999999e-03  3.9075500000000001e-03  6.6833750000000001e-03  1.0638975000000000e-02  1.5708875000000001e-02  2.1735325000000000e-02  2.8424250000000002e-02  3.5320749999999998e-02  4.1835249999999997e-02  4.7334750000000002e-02  5.1288750000000001e-02
  -1.0000000000000000e-03  5.4621000000000003e-02  5.1176750000000000e-02  4.6124749999999999e-02  3.9981750000000003e-02  3.3381250000000001e-02  2.6922499999999999e-02  2.1070350000000002e-02  1.6128824999999999e-02  1.2263825000000001e-02  9.5479750000000002e-03  8.0040249999999997e-03  7.6388250000000001e-03  8.4660499999999993e-03  1.0520875000000001e-02  1.3868825000000000e-02  1.8611675000000001e-02  2.4890925000000001e-02  3.2889250000000002e-02  4.2827749999999998e-02  5.4954250000000003e-02  6.9521749999999993e-02  8.6746249999999997e-02  1.0674750000000000e-01  1.2946125000000000e-01  1.5452274999999999e-01  1.8112750000000000e-01  2.0789650000000001e-01  2.3282500000000000e-01  2.5341750000000002e-01  2.6711000000000001e-01  2.7192250000000001e-01  2.6711000000000001e-01  2.5341750000000002e-01  2.3282475000000000e-01  2.0789650000000001e-01  1.8112750000000000e-01  1.5452274999999999e-01  1.2946125000000000e-01  1.0674750000000000e-01  8.6746249999999997e-02  6.9521749999999993e-02  5.4954250000000003e-02  4.2827749999999998e-02  3.2889250000000002e-02  2.4890949999999998e-02  1.8611675000000001e-02  1.3868850000000000e-02  1.0520875000000001e-02  8.4660499999999993e-03  7.6388250000000001e-03  8.0040500000000004e-03  9.5479750000000002e-03  1.2263850000000000e-02  1.6128824999999999e-02  2.1070374999999999e-02  2.6922499999999999e-02  3.3381250000000001e-02  3.9981750000000003e-02  4.6124749999999999e-02  5.1176750000000000e-02  5.4621000000000003e-02
  -1.5000000000000000e-03  6.0263999999999998e-02  5.7697749999999999e-02  5.3411000000000000e-02  4.7893749999999999e-02  4.1784500000000002e-02  3.5700750000000003e-02  3.0129000000000000e-02  2.5391250000000001e-02  2.1669074999999999e-02  1.9046750000000001e-02  1.7556749999999999e-02  1.7213249999999999e-02  1.8035550000000001e-02  2.0062775000000001e-02  2.3363274999999999e-02  2.8040750000000000e-02  3.4238249999999998e-02  4.2140499999999997e-02  5.1970250000000003e-02  6.3979750000000002e-02  7.8425750000000002e-02  9.5532750000000000e-02  1.1543275000000000e-01  1.3808400000000001e-01  1.6315550000000001e-01  1.8988300000000000e-01  2.1691900000000000e-01  2.4224975000000001e-01  2.6330500000000001e-01  2.7737750000000000e-01  2.8233750000000002e-01  2.7737750000000000e-01  2.6330500000000001e-01  2.4224975000000001e-01  2.1691900000000000e-01  1.8988300000000000e-01  1.6315550000000001e-01  1.3808400000000001e-01  1.1543275000000000e-01  9.5532750000000000e-02  7.8425750000000002e-02  6.3979750000000002e-02  5.1970250000000003e-02  4.2140499999999997e-02  3.4238249999999998e-02  2.8040750000000000e-02  2.3363274999999999e-02  2.0062799999999999e-02  1.8035575000000002e-02  1.7213275000000000e-02  1.7556749999999999e-02  1.9046750000000001e-02  2.1669074999999999e-02  2.5391500000000001e-02  3.0129000000000000e-02  3.5700750000000003e-02  4.1784500000000002e-02  4.7893749999999999e-02  5.3411000000000000e-02  5.7697749999999999e-02  6.0263999999999998e-02
  -2.0000000000000000e-03  6.8356500000000001e-02  6.7083249999999997e-02  6.3908750000000000e-02  5.9282000000000001e-02  5.3852249999999997e-02  4.8273999999999997e-02  4.3070999999999998e-02  3.8596749999999999e-02  3.5056499999999997e-02  3.2551499999999997e-02  3.1127499999999999e-02  3.0807999999999999e-02  3.1618750000000001e-02  3.3604500000000002e-02  3.6836500000000001e-02  4.1421250000000000e-02  4.7504249999999998e-02  5.5272750000000002e-02  6.4954499999999998e-02  7.6806250000000006e-02  9.1092999999999993e-02  1.0804875000000000e-01  1.2782399999999999e-01  1.5040875000000001e-01  1.7552150000000000e-01  2.0246000000000000e-01  2.2992575000000001e-01  2.5589750000000000e-01  2.7768749999999998e-01  2.9236750000000000e-01  2.9756749999999998e-01  2.9236750000000000e-01  2.7768749999999998e-01  2.5589750000000000e-01  2.2992575000000001e-01  2.0246000000000000e-01  1.7552150000000000e-01  1.5040875000000001e-01  1.2782399999999999e-01  1.0804875000000000e-01  9.1092999999999993e-02  7.6806250000000006e-02  6.4954499999999998e-02  5.5272750000000002e-02  4.7504249999999998e-02  4.1421250000000000e-02  3.6836500000000001e-02  3.3604500000000002e-02  3.1618750000000001e-02  3.0807999999999999e-02  3.1127499999999999e-02  3.2551499999999997e-02  3.5056499999999997e-02  3.8596749999999999e-02  4.3070999999999998e-02  4.8273999999999997e-02  5.3852249999999997e-02  5.9282000000000001e-02  6.3908999999999994e-02  6.7083249999999997e-02  6.8356500000000001e-02
  -2.5000000000000001e-03  7.9103000000000007e-02  7.9610749999999994e-02  7.7940499999999996e-02  7.4478000000000003e-02  6.9902500000000006e-02  6.4934000000000006e-02  6.0160499999999999e-02  5.5985500000000001e-02  5.2647250000000000e-02  5.0270500000000003e-02  4.8915250000000000e-02  4.8615499999999999e-02  4.9404249999999997e-02  5.1331500000000002e-02  5.4472250000000000e-02  5.8936000000000002e-02  6.4870999999999998e-02  7.2469249999999999e-02  8.1965750000000004e-02  9.3626249999999994e-02  1.0772550000000000e-01  1.2451075000000000e-01  1.4415475000000000e-01  1.6668975000000000e-01  1.9190350000000000e-01  2.1918250000000000e-01  2.4730400000000000e-01  2.7424250000000000e-01  2.9715000000000003e-01  3.1275999999999998e-01  3.1832749999999999e-01  3.1275999999999998e-01  2.9715000000000003e-01  2.7424250000000000e-01  2.4730400000000000e-01  2.1918250000000000e-01  1.9190350000000000e-01  1.6668975000000000e-01  1.4415475000000000e-01  1.2451075000000000e-01  1.0772575000000000e-01  9.3626249999999994e-02  8.1965750000000004e-02  7.2469249999999999e-02  6.4870999999999998e-02  5.8936000000000002e-02  5.4472500000000000e-02  5.1331500000000002e-02  4.9404249999999997e-02  4.8615499999999999e-02  4.8915250000000000e-02  5.0270500000000003e-02  5.2647250000000000e-02  5.5985500000000001e-02  6.0160499999999999e-02  6.4934000000000006e-02  6.9902500000000006e-02  7.4478000000000003e-02  7.7940499999999996e-02  7.9610749999999994e-02  7.9103000000000007e-02
  -3.0000000000000001e-03  9.2786250000000001e-02  9.5673499999999995e-02  9.5959749999999996e-02  9.3941999999999998e-02  9.0365249999999994e-02  8.6068000000000006e-02  8.1743499999999997e-02  7.7868499999999993e-02  7.4728249999999996e-02  7.2473250000000003e-02  7.1178500000000006e-02  7.0886500000000005e-02  7.1637750000000000e-02  7.3486250000000003e-02  7.6510750000000002e-02  8.0823000000000006e-02  8.6575500000000000e-02  9.3966999999999995e-02  1.0324450000000000e-01  1.1468850000000000e-01  1.2858625000000001e-01  1.4519950000000001e-01  1.6472750000000000e-01  1.8725700000000001e-01  2.1266800000000000e-01  2.4047374999999999e-01  2.6956750000000002e-01  2.9793500000000001e-01  3.2251249999999998e-01  3.3953499999999998e-01  3.4566500000000000e-01  3.3953499999999998e-01  3.2251249999999998e-01  2.9793500000000001e-01  2.6956750000000002e-01  2.4047374999999999e-01  2.1266800000000000e-01  1.8725700000000001e-01  1.6472750000000000e-01  1.4519950000000001e-01  1.2858625000000001e-01  1.1468850000000000e-01  1.0324450000000000e-01  9.3966999999999995e-02  8.6575500000000000e-02  8.0823000000000006e-02  7.6510750000000002e-02  7.3486250000000003e-02  7.1637750000000000e-02  7.0886500000000005e-02  7.1178500000000006e-02  7.2473250000000003e-02  7.4728249999999996e-02  7.7868499999999993e-02  8.1743499999999997e-02  8.6068000000000006e-02  9.0365249999999994e-02  9.3941999999999998e-02  9.5960000000000004e-02  9.5673499999999995e-02  9.2786250000000001e-02
  -3.5000000000000001e-03  1.0978475000000000e-01  1.1581575000000000e-01  1.1859175000000000e-01  1.1828975000000000e-01  1.1579925000000001e-01  1.1216625000000000e-01  1.0824875000000000e-01  1.0462950000000000e-01  1.0165175000000000e-01  9.9492499999999998e-02  9.8236749999999998e-02  9.7933000000000006e-02  9.8625500000000005e-02  1.0037150000000000e-01  1.0325175000000000e-01  1.0738000000000000e-01  1.1291275000000001e-01  1.2005975000000001e-01  1.2908724999999999e-01  1.4029875000000000e-01  1.5399900000000000e-01  1.7046225000000001e-01  1.8991675000000000e-01  2.1251624999999999e-01  2.3826525000000001e-01  2.6685500000000001e-01  2.9736000000000001e-01  3.2781500000000002e-01  3.5488249999999999e-01  3.7405749999999999e-01  3.8106000000000001e-01  3.7405749999999999e-01  3.5488249999999999e-01  3.2781500000000002e-01  2.9736000000000001e-01  2.6685500000000001e-01  2.3826525000000001e-01  2.1251624999999999e-01  1.8991675000000000e-01  1.7046225000000001e-01  1.5399900000000000e-01  1.4029875000000000e-01  1.2908724999999999e-01  1.2006000000000000e-01  1.1291275000000001e-01  1.0738025000000000e-01  1.0325175000000000e-01  1.0037150000000000e-01  9.8625500000000005e-02  9.7933000000000006e-02  9.8236749999999998e-02  9.9492499999999998e-02  1.0165175000000000e-01  1.0462950000000000e-01  1.0824875000000000e-01  1.1216625000000000e-01  1.1579925000000001e-01  1.1828975000000000e-01  1.1859175000000000e-01  1.1581575000000000e-01  1.0978475000000000e-01
  -4.0000000000000001e-03  1.3060150000000001e-01  1.4079349999999999e-01  1.4669199999999999e-01  1.4833250000000001e-01  1.4691050000000000e-01  1.4382924999999999e-01  1.4019200000000001e-01  1.3672400000000001e-01  1.3383675000000000e-01  1.3172575000000000e-01  1.3047475000000000e-01  1.3013050000000001e-01  1.3073725000000000e-01  1.3235325000000001e-01  1.3505900000000001e-01  1.3896800000000001e-01  1.4424024999999999e-01  1.5110050000000000e-01  1.5984699999999999e-01  1.7082200000000000e-01  1.8435124999999999e-01  2.0071600000000001e-01  2.2017100000000001e-01  2.4295074999999999e-01  2.6922750000000001e-01  2.9894749999999998e-01  3.3146999999999999e-01  3.6495499999999997e-01  3.9574500000000001e-01  4.1825000000000001e-01  4.2662749999999999e-01  4.1825000000000001e-01  3.9574500000000001e-01  3.6495499999999997e-01  3.3146999999999999e-01  2.9894749999999998e-01  2.6922750000000001e-01  2.4295074999999999e-01  2.2017100000000001e-01  2.0071600000000001e-01  1.8435150000000000e-01  1.7082200000000000e-01  1.5984699999999999e-01  1.5110050000000000e-01  1.4424024999999999e-01  1.3896824999999999e-01  1.3505900000000001e-01  1.3235325000000001e-01  1.3073725000000000e-01  1.3013050000000001e-01  1.3047475000000000e-01  1.3172575000000000e-01  1.3383675000000000e-01  1.3672400000000001e-01  1.4019200000000001e-01  1.4382924999999999e-01  1.4691050000000000e-01  1.4833250000000001e-01  1.4669199999999999e-01  1.4079349999999999e-01  1.3060150000000001e-01
  -4.4999999999999997e-03  1.5590699999999999e-01  1.7167550000000001e-01  1.8144125000000000e-01  1.8512750000000000e-01  1.8457324999999999e-01  1.8177250000000000e-01  1.7817300000000000e-01  1.7467774999999999e-01  1.7176875000000000e-01  1.6963800000000001e-01  1.6834550000000001e-01  1.6792375000000001e-01  1.6841225000000001e-01  1.6986725000000000e-01  1.7236575000000001e-01  1.7601749999999999e-01  1.8098225000000001e-01  1.8750349999999999e-01  1.9593325000000000e-01  2.0668149999999999e-01  2.2009799999999999e-01  2.3645225000000000e-01  2.5601750000000001e-01  2.7912250000000000e-01  3.0616250000000000e-01  3.3745750000000002e-01  3.7280999999999997e-01  4.1066999999999998e-01  4.4706499999999999e-01  4.7482500000000000e-01  4.8543999999999998e-01  4.7482500000000000e-01  4.4706499999999999e-01  4.1066999999999998e-01  3.7280999999999997e-01  3.3745750000000002e-01  3.0616250000000000e-01  2.7912250000000000e-01  2.5601750000000001e-01  2.3645225000000000e-01  2.2009799999999999e-01  2.0668149999999999e-01  1.9593325000000000e-01  1.8750349999999999e-01  1.8098225000000001e-01  1.7601749999999999e-01  1.7236599999999999e-01  1.6986725000000000e-01  1.6841225000000001e-01  1.6792375000000001e-01  1.6834550000000001e-01  1.6963800000000001e-01  1.7176875000000000e-01  1.7467774999999999e-01  1.7817300000000000e-01  1.8177250000000000e-01  1.8457324999999999e-01  1.8512750000000000e-01  1.8144150000000001e-01  1.7167550000000001e-01  1.5590725000000000e-01
  -5.0000000000000001e-03  1.8660650000000001e-01  2.1002850000000001e-01  2.2449450000000001e-01  2.3004150000000001e-01  2.2984450000000001e-01  2.2682749999999999e-01  2.2287124999999999e-01  2.1908125000000001e-01  2.1599974999999999e-01  2.1376624999999999e-01  2.1237600000000001e-01  2.1183225000000000e-01  2.1216525000000000e-01  2.1342549999999999e-01  2.1568300000000001e-01  2.1903650000000000e-01  2.2363825000000001e-01  2.2975024999999999e-01  2.3781225000000000e-01  2.4835900000000000e-01  2.6176500000000003e-01  2.7824250000000000e-01  2.9806500000000002e-01  3.2167249999999997e-01  3.4974499999999997e-01  3.8315250000000001e-01  4.2240499999999997e-01  4.6652500000000002e-01  5.1141749999999997e-01  5.4768249999999996e-01  5.6208499999999995e-01  5.4768249999999996e-01  5.1141749999999997e-01  4.6652500000000002e-01  4.2240499999999997e-01  3.8315250000000001e-01  3.4974499999999997e-01  3.2167249999999997e-01  2.9806500000000002e-01  2.7824250000000000e-01  2.6176500000000003e-01  2.4835900000000000e-01  2.3781225000000000e-01  2.2975024999999999e-01  2.2363825000000001e-01  2.1903650000000000e-01  2.1568300000000001e-01  2.1342549999999999e-01  2.1216525000000000e-01  2.1183225000000000e-01  2.1237624999999999e-01  2.1376624999999999e-01  2.1599974999999999e-01  2.1908125000000001e-01  2.2287124999999999e-01  2.2682749999999999e-01  2.2984450000000001e-01  2.3004150000000001e-01  2.2449450000000001e-01  2.1002850000000001e-01  1.8660650000000001e-01
