# Auto-generated by pyeletra.utils.kickmap.generate_Radia_kickmap_file()
# Undulator Length [m]
3.5
# Number of Horizontal Points
61
# Number of Vertical Points
21
# Horizontal Kick [micro-rad]
START
                          -2.9999999999999999e-02 -2.9000000000000001e-02 -2.8000000000000001e-02 -2.7000000000000000e-02 -2.5999999999999999e-02 -2.5000000000000001e-02 -2.4000000000000000e-02 -2.3000000000000000e-02 -2.1999999999999999e-02 -2.1000000000000001e-02 -2.0000000000000000e-02 -1.9000000000000000e-02 -1.7999999999999999e-02 -1.7000000000000001e-02 -1.6000000000000000e-02 -1.4999999999999999e-02 -1.4000000000000000e-02 -1.2999999999999999e-02 -1.2000000000000000e-02 -1.0999999999999999e-02 -1.0000000000000000e-02 -8.9999999999999993e-03 -8.0000000000000002e-03 -7.0000000000000001e-03 -6.0000000000000001e-03 -5.0000000000000001e-03 -4.0000000000000001e-03 -3.0000000000000001e-03 -2.0000000000000000e-03 -1.0000000000000000e-03  0.0000000000000000e+00  1.0000000000000000e-03  2.0000000000000000e-03  3.0000000000000001e-03  4.0000000000000001e-03  5.0000000000000001e-03  6.0000000000000001e-03  7.0000000000000001e-03  8.0000000000000002e-03  8.9999999999999993e-03  1.0000000000000000e-02  1.0999999999999999e-02  1.2000000000000000e-02  1.2999999999999999e-02  1.4000000000000000e-02  1.4999999999999999e-02  1.6000000000000000e-02  1.7000000000000001e-02  1.7999999999999999e-02  1.9000000000000000e-02  2.0000000000000000e-02  2.1000000000000001e-02  2.1999999999999999e-02  2.3000000000000000e-02  2.4000000000000000e-02  2.5000000000000001e-02  2.5999999999999999e-02  2.7000000000000000e-02  2.8000000000000001e-02  2.9000000000000001e-02  2.9999999999999999e-02
   5.0000000000000001e-03 -2.4689750000000000e+01 -2.5028099999999998e+01 -2.2293749999999999e+01 -1.7559100000000001e+01 -1.1551245000000000e+01 -6.1207349999999998e+00 -2.2213300000000000e+00  9.2091500000000007e-02  7.4378800000000000e-01  2.7457050000000000e-01 -2.8315249999999997e-01 -2.9254150000000001e-01  4.5293750000000001e-02  2.6983249999999998e-01  2.5408649999999999e-01 -4.2970849999999998e-02 -6.0851250000000001e-01 -1.3370569999999999e+00 -2.0520149999999999e+00 -2.4505450000000000e+00 -2.1946099999999999e+00 -1.0738010000000000e+00  1.3698410000000000e-01  4.6694350000000001e-01  1.1258999999999999e+00  5.6930149999999999e+00  1.6107099999999999e+01  2.5175200000000000e+01  2.2057050000000000e+01  9.8951049999999992e+00 -1.9214450000000000e-05 -9.8950399999999998e+00 -2.2057050000000000e+01 -2.5174949999999999e+01 -1.6107399999999998e+01 -5.6932099999999997e+00 -1.1258420000000000e+00 -4.6685749999999998e-01 -1.3704905000000001e-01  1.0739514999999999e+00  2.1944849999999998e+00  2.4507599999999998e+00  2.0520800000000001e+00  1.3369875000000000e+00  6.0845349999999998e-01  4.3009400000000003e-02 -2.5404399999999999e-01 -2.6987299999999997e-01 -4.5235850000000001e-02  2.9248700000000000e-01  2.8305599999999997e-01 -2.7453050000000001e-01 -7.4377700000000002e-01 -9.1921349999999999e-02  2.2214600000000000e+00  6.1207300000000000e+00  1.1551055000000000e+01  1.7559149999999999e+01  2.2293800000000001e+01  2.5028050000000000e+01  2.4689850000000000e+01
   4.4999999999999997e-03 -1.7905750000000001e+01 -1.8549399999999999e+01 -1.7078250000000001e+01 -1.3954060000000000e+01 -9.7894600000000001e+00 -5.7475750000000003e+00 -2.6253649999999999e+00 -6.6819099999999998e-01  9.4114450000000002e-02  2.6301200000000000e-02 -2.2175249999999999e-01 -2.2129950000000001e-01 -2.0852849999999999e-02  1.3244985000000001e-01  1.1448305000000000e-01 -1.1180995000000001e-01 -5.2346550000000003e-01 -1.0251390000000000e+00 -1.4616155000000000e+00 -1.6250199999999999e+00 -1.3100300000000000e+00 -4.6635050000000000e-01  4.9858300000000000e-01  1.2615065000000001e+00  2.7336000000000000e+00  6.8431150000000001e+00  1.3841604999999999e+01  1.9134550000000001e+01  1.7004149999999999e+01  8.7905499999999996e+00 -1.2512320000000000e-05 -8.7904750000000007e+00 -1.7004149999999999e+01 -1.9134650000000001e+01 -1.3841675000000000e+01 -6.8431699999999998e+00 -2.7336250000000000e+00 -1.2615464999999999e+00 -4.9836649999999999e-01  4.6634249999999999e-01  1.3099795000000001e+00  1.6248849999999999e+00  1.4615005000000001e+00  1.0252630000000000e+00  5.2344299999999999e-01  1.1179635000000000e-01 -1.1457585000000001e-01 -1.3259204999999999e-01  2.0882200000000000e-02  2.2137399999999999e-01  2.2179350000000000e-01 -2.6403949999999999e-02 -9.3991850000000002e-02  6.6831399999999996e-01  2.6252800000000001e+00  5.7477200000000002e+00  9.7893150000000002e+00  1.3954029999999999e+01  1.7078299999999999e+01  1.8549350000000000e+01  1.7905700000000000e+01
   4.0000000000000001e-03 -1.2910285000000000e+01 -1.3533510000000000e+01 -1.2747220000000000e+01 -1.0733639999999999e+01 -7.9008950000000002e+00 -4.9853600000000000e+00 -2.5946150000000001e+00 -1.0078309999999999e+00 -2.6581349999999998e-01 -1.3422865000000000e-01 -2.0311950000000001e-01 -1.8112700000000001e-01 -5.3786149999999998e-02  4.8370700000000003e-02  3.1920450000000003e-02 -1.3332150000000001e-01 -4.2259400000000003e-01 -7.5537949999999998e-01 -1.0091079999999999e+00 -1.0402564999999999e+00 -7.2895650000000001e-01 -7.0454149999999993e-02  7.4067099999999997e-01  1.6546449999999999e+00  3.2913299999999999e+00  6.6049800000000003e+00  1.1256629999999999e+01  1.4342305000000000e+01  1.2729690000000000e+01  6.9843450000000002e+00 -9.4659950000000002e-06 -6.9843549999999999e+00 -1.2729789999999999e+01 -1.4342314999999999e+01 -1.1256580000000000e+01 -6.6048099999999996e+00 -3.2914550000000000e+00 -1.6546099999999999e+00 -7.4063100000000004e-01  7.0420549999999998e-02  7.2894899999999996e-01  1.0405030000000000e+00  1.0090494999999999e+00  7.5559149999999997e-01  4.2276249999999999e-01  1.3328645000000000e-01 -3.1981500000000003e-02 -4.8270100000000003e-02  5.3797600000000001e-02  1.8117549999999999e-01  2.0303199999999999e-01  1.3427744999999999e-01  2.6599550000000000e-01  1.0079320000000001e+00  2.5947600000000000e+00  4.9854849999999997e+00  7.9008849999999997e+00  1.0733689999999999e+01  1.2747120000000001e+01  1.3533545000000000e+01  1.2910315000000001e+01
   3.5000000000000001e-03 -9.1378199999999996e+00 -9.6370050000000003e+00 -9.2230500000000006e+00 -7.9562999999999997e+00 -6.0778949999999998e+00 -4.0450600000000003e+00 -2.2916799999999999e+00 -1.0648575000000000e+00 -4.1904900000000000e-01 -2.1312700000000001e-01 -1.8989500000000001e-01 -1.5255115000000000e-01 -6.6537799999999994e-02  1.8917350000000001e-03 -1.0622130000000000e-02 -1.2623960000000001e-01 -3.2235150000000001e-01 -5.3474250000000001e-01 -6.7187249999999998e-01 -6.3708100000000001e-01 -3.6009799999999997e-01  1.5539990000000001e-01  8.2867500000000005e-01  1.7057750000000000e+00  3.1763800000000000e+00  5.6639150000000003e+00  8.7007600000000007e+00  1.0467145000000000e+01  9.2102550000000001e+00  5.1816700000000004e+00 -7.7993050000000004e-06 -5.1816849999999999e+00 -9.2102100000000000e+00 -1.0467120000000000e+01 -8.7007150000000006e+00 -5.6638700000000002e+00 -3.1764049999999999e+00 -1.7058150000000001e+00 -8.2867800000000003e-01 -1.5534424999999999e-01  3.6008150000000000e-01  6.3713699999999995e-01  6.7188700000000001e-01  5.3474900000000003e-01  3.2227299999999998e-01  1.2620634999999999e-01  1.0696720000000000e-02 -1.8289050000000000e-03  6.6492700000000002e-02  1.5254360000000000e-01  1.8982199999999999e-01  2.1320349999999999e-01  4.1910950000000002e-01  1.0647385000000000e+00  2.2917049999999999e+00  4.0450100000000004e+00  6.0778449999999999e+00  7.9564100000000000e+00  9.2230450000000008e+00  9.6369650000000000e+00  9.1378050000000002e+00
   3.0000000000000001e-03 -6.2542099999999996e+00 -6.6104149999999997e+00 -6.3977000000000004e+00 -5.6271149999999999e+00 -4.4268900000000002e+00 -3.0686800000000001e+00 -1.8438300000000001e+00 -9.4585850000000005e-01 -4.3311800000000000e-01 -2.2654450000000001e-01 -1.6758999999999999e-01 -1.2589570000000000e-01 -6.5620250000000005e-02 -1.9278099999999999e-02 -2.6971800000000001e-02 -1.0387070000000000e-01 -2.3140649999999999e-01 -3.6131150000000001e-01 -4.2810900000000002e-01 -3.6820150000000001e-01 -1.4109620000000000e-01  2.5015450000000000e-01  7.7968400000000004e-01  1.5124675000000001e+00  2.6777650000000000e+00  4.4323350000000001e+00  6.3577750000000002e+00  7.3332100000000002e+00  6.3766650000000000e+00  3.6196000000000002e+00 -6.7114650000000001e-06 -3.6196150000000000e+00 -6.3766749999999996e+00 -7.3332449999999998e+00 -6.3578000000000001e+00 -4.4324550000000000e+00 -2.6778050000000002e+00 -1.5125044999999999e+00 -7.7969699999999997e-01 -2.5019049999999998e-01  1.4110990000000001e-01  3.6814350000000001e-01  4.2803099999999999e-01  3.6133300000000002e-01  2.3145350000000001e-01  1.0379869999999999e-01  2.6987799999999999e-02  1.9139500000000000e-02  6.5638550000000004e-02  1.2592670000000000e-01  1.6757300000000000e-01  2.2656550000000000e-01  4.3308849999999999e-01  9.4595700000000005e-01  1.8437900000000000e+00  3.0685500000000001e+00  4.4268999999999998e+00  5.6271449999999996e+00  6.3977250000000003e+00  6.6105099999999997e+00  6.2542200000000001e+00
   2.5000000000000001e-03 -4.0494750000000002e+00 -4.2751150000000004e+00 -4.1690050000000003e+00 -3.7257699999999998e+00 -3.0028600000000001e+00 -2.1490550000000002e+00 -1.3465385000000001e+00 -7.3345600000000000e-01 -3.6253600000000002e-01 -1.9437850000000001e-01 -1.3413395000000000e-01 -9.7784499999999996e-02 -5.5887550000000001e-02 -2.3943550000000001e-02 -2.7188700000000000e-02 -7.5319250000000004e-02 -1.5451585000000001e-01 -2.2999100000000000e-01 -2.5729600000000002e-01 -1.9662050000000000e-01 -2.6024249999999999e-02  2.5230300000000000e-01  6.3455600000000001e-01  1.1761425000000001e+00  2.0046050000000002e+00  3.1582599999999998e+00  4.3230800000000000e+00  4.8305049999999996e+00  4.1460699999999999e+00  2.3544849999999999e+00 -5.7579000000000004e-06 -2.3544950000000000e+00 -4.1460800000000004e+00 -4.8305300000000004e+00 -4.3230050000000002e+00 -3.1583100000000002e+00 -2.0045899999999999e+00 -1.1760824999999999e+00 -6.3454699999999997e-01 -2.5236249999999999e-01  2.6018949999999999e-02  1.9660649999999999e-01  2.5729800000000003e-01  2.3001900000000000e-01  1.5450939999999999e-01  7.5334600000000002e-02  2.7200149999999999e-02  2.3941299999999999e-02  5.5941699999999997e-02  9.7806699999999996e-02  1.3410834999999999e-01  1.9438050000000001e-01  3.6254150000000002e-01  7.3344949999999998e-01  1.3465225000000001e+00  2.1490399999999998e+00  3.0028850000000000e+00  3.7257300000000000e+00  4.1690250000000004e+00  4.2751650000000003e+00  4.0494899999999996e+00
   2.0000000000000000e-03 -2.3854799999999998e+00 -2.5034649999999998e+00 -2.4517799999999998e+00 -2.2226050000000002e+00 -1.8310400000000000e+00 -1.3454975000000000e+00 -8.6814150000000001e-01 -4.8917250000000001e-01 -2.5085099999999999e-01 -1.3704605000000000e-01 -9.3646049999999995e-02 -6.8742600000000001e-02 -4.1417200000000001e-02 -1.9485800000000001e-02 -1.9002450000000001e-02 -4.6709950000000000e-02 -9.2946749999999995e-02 -1.3425585000000001e-01 -1.4205960000000001e-01 -9.3421050000000005e-02  2.1154200000000001e-02  1.9826949999999999e-01  4.4003199999999998e-01  7.8576650000000003e-01  1.3041005000000001e+00  1.9914900000000000e+00  2.6419600000000001e+00  2.8804599999999998e+00  2.4358949999999999e+00  1.3754915000000001e+00 -4.7469750000000004e-06 -1.3755020000000000e+00 -2.4358399999999998e+00 -2.8804750000000001e+00 -2.6419700000000002e+00 -1.9915149999999999e+00 -1.3041039999999999e+00 -7.8578700000000001e-01 -4.3993199999999999e-01 -1.9825850000000000e-01 -2.1181400000000000e-02  9.3407249999999997e-02  1.4207339999999999e-01  1.3427470000000000e-01  9.2943250000000005e-02  4.6713049999999999e-02  1.9023450000000001e-02  1.9463149999999999e-02  4.1420100000000001e-02  6.8739949999999994e-02  9.3646649999999998e-02  1.3702739999999999e-01  2.5085150000000001e-01  4.8920000000000002e-01  8.6814150000000001e-01  1.3454640000000000e+00  1.8310400000000000e+00  2.2225899999999998e+00  2.4517400000000000e+00  2.5034700000000001e+00  2.3855000000000000e+00
   1.5000000000000000e-03 -1.1697630000000001e+00 -1.2052415000000001e+00 -1.1796545000000001e+00 -1.0878460000000001e+00 -9.2046799999999995e-01 -6.9436850000000006e-01 -4.5623249999999999e-01 -2.5836249999999999e-01 -1.3163340000000001e-01 -7.2623149999999997e-02 -5.2604100000000001e-02 -4.1341349999999999e-02 -2.5808149999999998e-02 -1.0973590000000000e-02 -7.8767549999999992e-03 -2.1726200000000001e-02 -4.6579450000000001e-02 -6.7509050000000001e-02 -6.7659600000000000e-02 -3.5843000000000000e-02  2.8816499999999998e-02  1.2035890000000000e-01  2.4008950000000001e-01  4.1302349999999999e-01  6.7631450000000004e-01  1.0216240000000001e+00  1.3326315000000000e+00  1.4223840000000001e+00  1.1782520000000001e+00  6.5468800000000005e-01 -3.6513050000000000e-06 -6.5469500000000003e-01 -1.1782600000000001e+00 -1.4223935000000001e+00 -1.3326460000000000e+00 -1.0216339999999999e+00 -6.7631500000000000e-01 -4.1300999999999999e-01 -2.4008650000000001e-01 -1.2035505000000001e-01 -2.8808199999999999e-02  3.5856249999999999e-02  6.7652649999999995e-02  6.7547350000000006e-02  4.6591399999999998e-02  2.1731000000000000e-02  7.8726100000000004e-03  1.0970110000000000e-02  2.5801899999999999e-02  4.1343999999999999e-02  5.2592899999999998e-02  7.2618799999999997e-02  1.3162550000000001e-01  2.5835649999999999e-01  4.5621800000000001e-01  6.9437050000000000e-01  9.2048200000000002e-01  1.0878770000000000e+00  1.1796804999999999e+00  1.2052375000000000e+00  1.1698000000000000e+00
   1.0000000000000000e-03 -3.4024500000000002e-01 -3.1805950000000000e-01 -3.0396150000000000e-01 -2.9638150000000002e-01 -2.7234300000000000e-01 -2.1761900000000001e-01 -1.4253115000000000e-01 -7.2851600000000002e-02 -2.9649800000000000e-02 -1.5784610000000001e-02 -1.7652899999999999e-02 -1.8764800000000002e-02 -1.2191620000000000e-02 -2.2696449999999998e-03  2.4352549999999999e-03 -2.6922900000000000e-03 -1.4530505000000001e-02 -2.4171749999999999e-02 -2.2715400000000000e-02 -6.8380350000000001e-03  1.8729200000000001e-02  4.5148199999999999e-02  7.0824300000000007e-02  1.1076795000000000e-01  1.8783849999999999e-01  3.0101499999999998e-01  3.9962150000000002e-01  4.1263749999999999e-01  3.1765349999999998e-01  1.6235749999999999e-01 -2.4771550000000000e-06 -1.6236249999999999e-01 -3.1765900000000002e-01 -4.1264250000000002e-01 -3.9965299999999998e-01 -3.0101950000000000e-01 -1.8784300000000001e-01 -1.1076850000000001e-01 -7.0825250000000006e-02 -4.5157900000000001e-02 -1.8703299999999999e-02  6.8332649999999998e-03  2.2689000000000001e-02  2.4207349999999999e-02  1.4509400000000000e-02  2.6804500000000000e-03 -2.4337400000000002e-03  2.2721299999999998e-03  1.2198614999999999e-02  1.8770100000000001e-02  1.7648750000000001e-02  1.5784590000000001e-02  2.9656149999999999e-02  7.2852200000000006e-02  1.4253330000000000e-01  2.1761900000000001e-01  2.7236300000000002e-01  2.9638450000000000e-01  3.0397350000000001e-01  3.1804199999999999e-01  3.4026149999999999e-01
   5.0000000000000001e-04  1.4274575000000000e-01  1.9891000000000000e-01  2.0866899999999999e-01  1.7082400000000000e-01  1.1513510000000000e-01  7.2516499999999998e-02  5.2933300000000003e-02  4.6357900000000000e-02  3.8104300000000001e-02  2.2665250000000001e-02  5.7062299999999996e-03 -3.9220000000000001e-03 -3.0105250000000000e-03  3.9716850000000000e-03  9.5172750000000004e-03  9.1545099999999994e-03  4.2188099999999999e-03  1.4480145000000000e-05  9.9371000000000008e-04  5.8123100000000002e-03  6.4274299999999996e-03 -8.0072349999999997e-03 -4.1427899999999997e-02 -8.4566150000000007e-02 -1.2017305000000000e-01 -1.4113220000000001e-01 -1.5857599999999999e-01 -1.8091950000000001e-01 -1.8360350000000000e-01 -1.2344005000000000e-01 -1.2517154999999999e-06  1.2343664999999999e-01  1.8360099999999999e-01  1.8091599999999999e-01  1.5857299999999999e-01  1.4112944999999999e-01  1.2017260000000000e-01  8.4566299999999997e-02  4.1445799999999998e-02  8.0102100000000002e-03 -6.4277500000000003e-03 -5.8119000000000001e-03 -1.0139310000000000e-03 -9.7368300000000001e-06 -4.2189400000000000e-03 -9.1529200000000002e-03 -9.5154850000000006e-03 -3.9723349999999996e-03  3.0080049999999998e-03  3.9202700000000000e-03 -5.7023650000000000e-03 -2.2664299999999998e-02 -3.8112399999999998e-02 -4.6349899999999999e-02 -5.2931100000000002e-02 -7.2512049999999995e-02 -1.1513420000000001e-01 -1.7082349999999999e-01 -2.0866250000000000e-01 -1.9893300000000000e-01 -1.4271840000000000e-01
   0.0000000000000000e+00  3.0131150000000001e-01  3.6872450000000001e-01  3.7745299999999998e-01  3.2521850000000002e-01  2.4404300000000001e-01  1.6985600000000001e-01  1.1924754999999999e-01  8.7366050000000001e-02  6.1771100000000002e-02  3.6208799999999999e-02  1.3896644999999999e-02  1.2575934999999999e-03  2.3014549999999999e-04  6.2223449999999998e-03  1.2025190000000000e-02  1.3160900000000000e-02  1.0360255000000001e-02  7.7874149999999998e-03  8.3432049999999994e-03  9.2345699999999992e-03  1.1948874999999999e-03 -2.7121200000000002e-02 -8.0647250000000004e-02 -1.5187880000000001e-01 -2.2521649999999999e-01 -2.8999049999999998e-01 -3.4433950000000002e-01 -3.7670799999999999e-01 -3.4817999999999999e-01 -2.1717349999999999e-01  1.3679459999999999e-10  2.1717349999999999e-01  3.4817999999999999e-01  3.7676450000000000e-01  3.4433950000000002e-01  2.8999049999999998e-01  2.2523950000000001e-01  1.5179880000000001e-01  8.0628549999999993e-02  2.7103450000000001e-02 -1.2021029999999999e-03 -9.2666350000000005e-03 -8.3430750000000001e-03 -7.8059350000000000e-03 -1.0362395000000000e-02 -1.3168750000000000e-02 -1.2024495000000000e-02 -6.2239100000000000e-03 -2.3065100000000001e-04 -1.2578585000000001e-03 -1.3896930000000000e-02 -3.6211000000000000e-02 -6.1771100000000002e-02 -8.7366349999999995e-02 -1.1924750000000001e-01 -1.6985600000000001e-01 -2.4404250000000000e-01 -3.2521850000000002e-01 -3.7744699999999998e-01 -3.6874849999999998e-01 -3.0133700000000002e-01
  -5.0000000000000001e-04  1.4274400000000001e-01  1.9894000000000001e-01  2.0866250000000000e-01  1.7082300000000000e-01  1.1513970000000000e-01  7.2510549999999993e-02  5.2936499999999997e-02  4.6351400000000001e-02  3.8103499999999998e-02  2.2665700000000000e-02  5.7032749999999998e-03 -3.9204799999999996e-03 -3.0062399999999999e-03  3.9709799999999998e-03  9.5163499999999998e-03  9.1541699999999997e-03  4.2168950000000000e-03  3.0375999999999999e-05  1.0139265000000000e-03  5.8138549999999997e-03  6.4284950000000002e-03 -8.0082350000000007e-03 -4.1427800000000001e-02 -8.4568350000000000e-02 -1.2017280000000000e-01 -1.4112900000000000e-01 -1.5857299999999999e-01 -1.8091599999999999e-01 -1.8360099999999999e-01 -1.2343595000000000e-01 -2.9734749999999999e-05  1.2343930000000000e-01  1.8354500000000001e-01  1.8091900000000000e-01  1.5857650000000001e-01  1.4113175000000000e-01  1.2017360000000001e-01  8.4567699999999996e-02  4.1446200000000002e-02  8.0732949999999994e-03 -6.4279250000000001e-03 -5.8111600000000001e-03 -1.0132780000000001e-03 -8.3812149999999997e-06 -4.2176549999999998e-03 -9.1471999999999994e-03 -9.5168400000000004e-03 -3.9721299999999999e-03  3.0088049999999998e-03  3.9220649999999998e-03 -5.7056399999999997e-03 -2.2665749999999998e-02 -3.8104899999999997e-02 -4.6358749999999997e-02 -5.2932149999999997e-02 -7.2516999999999998e-02 -1.1515380000000000e-01 -1.7082400000000000e-01 -2.0866250000000000e-01 -1.9890949999999999e-01 -1.4274600000000001e-01
  -1.0000000000000000e-03 -3.4023550000000002e-01 -3.1803399999999998e-01 -3.0395600000000000e-01 -2.9638599999999998e-01 -2.7236149999999998e-01 -2.1761900000000001e-01 -1.4253679999999999e-01 -7.2848499999999997e-02 -2.9656399999999999e-02 -1.5782800000000000e-02 -1.7647650000000001e-02 -1.8775300000000002e-02 -1.2197575000000000e-02 -2.2774250000000000e-03  2.4337199999999999e-03 -2.6782099999999999e-03 -1.4524985000000001e-02 -2.4167000000000001e-02 -2.2732050000000000e-02 -6.8351699999999998e-03  1.8702300000000002e-02  4.5149750000000002e-02  7.0827550000000003e-02  1.1076740000000000e-01  1.8784300000000001e-01  3.0101950000000000e-01  3.9965550000000000e-01  4.1264350000000000e-01  3.1765949999999998e-01  1.6236249999999999e-01  2.4642200000000002e-06 -1.6235749999999999e-01 -3.1765399999999999e-01 -4.1263749999999999e-01 -3.9962100000000000e-01 -3.0101299999999998e-01 -1.8783349999999999e-01 -1.1076800000000001e-01 -7.0821949999999995e-02 -4.5149849999999998e-02 -1.8708750000000000e-02  6.8275100000000002e-03  2.2687650000000000e-02  2.4202300000000000e-02  1.4506069999999999e-02  2.6811750000000001e-03 -2.4364650000000001e-03  2.2733300000000001e-03  1.2196729999999999e-02  1.8765799999999999e-02  1.7648450000000000e-02  1.5783479999999999e-02  2.9649499999999999e-02  7.2854150000000006e-02  1.4253014999999999e-01  2.1761900000000001e-01  2.7234849999999999e-01  2.9638249999999999e-01  3.0395299999999997e-01  3.1808850000000000e-01  3.4027299999999999e-01
  -1.5000000000000000e-03 -1.1697595000000001e+00 -1.2052455000000000e+00 -1.1796690000000001e+00 -1.0878720000000000e+00 -9.2045549999999998e-01 -6.9438449999999996e-01 -4.5623399999999997e-01 -2.5835300000000000e-01 -1.3163345000000001e-01 -7.2622750000000000e-02 -5.2611650000000003e-02 -4.1359149999999997e-02 -2.5806849999999999e-02 -1.0968880000000000e-02 -7.8818550000000001e-03 -2.1738100000000000e-02 -4.6588049999999999e-02 -6.7498600000000006e-02 -6.7645499999999997e-02 -3.5844899999999999e-02  2.8810700000000002e-02  1.2035870000000000e-01  2.4006150000000001e-01  4.1300850000000000e-01  6.7631649999999999e-01  1.0216350000000001e+00  1.3326460000000000e+00  1.4223935000000001e+00  1.1782604999999999e+00  6.5469400000000000e-01  3.6165250000000001e-06 -6.5468850000000001e-01 -1.1782524999999999e+00 -1.4223880000000000e+00 -1.3326315000000000e+00 -1.0216295000000000e+00 -6.7631300000000005e-01 -4.1293249999999998e-01 -2.4006949999999999e-01 -1.2035210000000000e-01 -2.8811900000000001e-02  3.5869650000000003e-02  6.7682750000000000e-02  6.7522100000000002e-02  4.6582699999999998e-02  2.1723900000000001e-02  7.8798849999999997e-03  1.0972505000000000e-02  2.5807650000000001e-02  4.1330150000000003e-02  5.2589100000000000e-02  7.2613949999999997e-02  1.3163330000000001e-01  2.5834800000000002e-01  4.5624850000000000e-01  6.9437199999999999e-01  9.2049000000000003e-01  1.0878645000000000e+00  1.1796845000000000e+00  1.2052449999999999e+00  1.1697895000000000e+00
  -2.0000000000000000e-03 -2.3855000000000000e+00 -2.5034749999999999e+00 -2.4517400000000000e+00 -2.2225899999999998e+00 -1.8310150000000001e+00 -1.3454880000000000e+00 -8.6813649999999998e-01 -4.8917549999999999e-01 -2.5085150000000001e-01 -1.3704885000000000e-01 -9.3646499999999994e-02 -6.8740250000000003e-02 -4.1420249999999999e-02 -1.9465550000000002e-02 -1.9023900000000000e-02 -4.6717799999999997e-02 -9.2943150000000002e-02 -1.3426150000000001e-01 -1.4207449999999999e-01 -9.3402349999999995e-02  2.1181499999999999e-02  1.9825899999999999e-01  4.3993199999999999e-01  7.8578250000000005e-01  1.3041039999999999e+00  1.9915149999999999e+00  2.6419700000000002e+00  2.8804750000000001e+00  2.4358399999999998e+00  1.3755010000000001e+00  4.6845150000000000e-06 -1.3754915000000001e+00 -2.4358949999999999e+00 -2.8804599999999998e+00 -2.6419649999999999e+00 -1.9914900000000000e+00 -1.3041145000000001e+00 -7.8574549999999999e-01 -4.4003650000000000e-01 -1.9826450000000001e-01 -2.1142049999999999e-02  9.3432749999999995e-02  1.4205975000000001e-01  1.3427349999999999e-01  9.2964950000000005e-02  4.6718999999999997e-02  1.9007150000000000e-02  1.9484049999999999e-02  4.1417049999999997e-02  6.8742300000000006e-02  9.3646250000000000e-02  1.3704990000000000e-01  2.5084050000000002e-01  4.8919350000000000e-01  8.6813649999999998e-01  1.3454885000000001e+00  1.8310200000000001e+00  2.2225999999999999e+00  2.4517850000000001e+00  2.5034749999999999e+00  2.3854750000000000e+00
  -2.5000000000000001e-03 -4.0494899999999996e+00 -4.2751650000000003e+00 -4.1690250000000004e+00 -3.7257799999999999e+00 -3.0028800000000002e+00 -2.1490499999999999e+00 -1.3465710000000000e+00 -7.3345600000000000e-01 -3.6253500000000000e-01 -1.9438250000000001e-01 -1.3410820000000001e-01 -9.7800200000000004e-02 -5.5922199999999998e-02 -2.3943900000000001e-02 -2.7164299999999999e-02 -7.5306849999999995e-02 -1.5453310000000001e-01 -2.3000599999999999e-01 -2.5735750000000002e-01 -1.9659550000000001e-01 -2.6026350000000000e-02  2.5227850000000002e-01  6.3450600000000001e-01  1.1761200000000001e+00  2.0045999999999999e+00  3.1583100000000002e+00  4.3230050000000002e+00  4.8305249999999997e+00  4.1460800000000004e+00  2.3544950000000000e+00  5.6573549999999996e-06 -2.3544800000000001e+00 -4.1460699999999999e+00 -4.8304950000000000e+00 -4.3229699999999998e+00 -3.1582599999999998e+00 -2.0046050000000002e+00 -1.1761425000000001e+00 -6.3454999999999995e-01 -2.5232599999999999e-01  2.6024249999999999e-02  1.9661999999999999e-01  2.5732600000000000e-01  2.3002049999999999e-01  1.5449884999999999e-01  7.5330999999999995e-02  2.7198300000000002e-02  2.3939800000000001e-02  5.5894850000000003e-02  9.7784300000000005e-02  1.3413340000000001e-01  1.9437699999999999e-01  3.6253600000000002e-01  7.3343550000000002e-01  1.3465294999999999e+00  2.1490250000000000e+00  3.0028899999999998e+00  3.7257750000000001e+00  4.1690149999999999e+00  4.2751150000000004e+00  4.0494800000000000e+00
  -3.0000000000000001e-03 -6.2542099999999996e+00 -6.6104300000000000e+00 -6.3977349999999999e+00 -5.6271350000000000e+00 -4.4268900000000002e+00 -3.0686149999999999e+00 -1.8437850000000000e+00 -9.4593300000000002e-01 -4.3312850000000003e-01 -2.2655100000000000e-01 -1.6755650000000000e-01 -1.2599655000000001e-01 -6.5623899999999999e-02 -1.9190900000000000e-02 -2.6974000000000001e-02 -1.0380125000000000e-01 -2.3146100000000000e-01 -3.6133799999999999e-01 -4.2805949999999998e-01 -3.6815199999999998e-01 -1.4105775000000001e-01  2.5003799999999998e-01  7.7969699999999997e-01  1.5124910000000000e+00  2.6777099999999998e+00  4.4324599999999998e+00  6.3578000000000001e+00  7.3332449999999998e+00  6.3766749999999996e+00  3.6196150000000000e+00  6.5876049999999998e-06 -3.6196000000000002e+00 -6.3766650000000000e+00 -7.3332750000000004e+00 -6.3577550000000000e+00 -4.4322900000000001e+00 -2.6777950000000001e+00 -1.5124810000000000e+00 -7.7969699999999997e-01 -2.5015349999999997e-01  1.4111925000000000e-01  3.6820799999999998e-01  4.2813800000000002e-01  3.6132950000000003e-01  2.3138900000000001e-01  1.0387745000000000e-01  2.6910850000000000e-02  1.9278449999999999e-02  6.5635600000000002e-02  1.2595575000000001e-01  1.6758899999999999e-01  2.2656050000000000e-01  4.3312250000000002e-01  9.4593150000000004e-01  1.8438950000000001e+00  3.0686300000000002e+00  4.4269049999999996e+00  5.6271500000000003e+00  6.3977700000000004e+00  6.6104750000000001e+00  6.2542200000000001e+00
  -3.5000000000000001e-03 -9.1378100000000000e+00 -9.6369749999999996e+00 -9.2231050000000003e+00 -7.9563850000000000e+00 -6.0778150000000002e+00 -4.0449900000000003e+00 -2.2917200000000002e+00 -1.0648044999999999e+00 -4.1916850000000000e-01 -2.1313350000000000e-01 -1.8983949999999999e-01 -1.5252494999999999e-01 -6.6350800000000001e-02  1.8274750000000001e-03 -1.0696890000000001e-02 -1.2620824999999999e-01 -3.2229200000000002e-01 -5.3472600000000003e-01 -6.7187649999999999e-01 -6.3710149999999999e-01 -3.6008099999999998e-01  1.5537894999999999e-01  8.2875350000000003e-01  1.7058150000000001e+00  3.1763650000000001e+00  5.6639999999999997e+00  8.7007150000000006e+00  1.0467115000000000e+01  9.2102149999999998e+00  5.1816849999999999e+00  7.6335299999999994e-06 -5.1816700000000004e+00 -9.2101799999999994e+00 -1.0467145000000000e+01 -8.7007600000000007e+00 -5.6639450000000000e+00 -3.1763200000000000e+00 -1.7057850000000001e+00 -8.2865449999999996e-01 -1.5541640000000001e-01  3.6009799999999997e-01  6.3711300000000004e-01  6.7188850000000000e-01  5.3476000000000001e-01  3.2233149999999999e-01  1.2623314999999999e-01  1.0624585000000001e-02 -1.8934850000000001e-03  6.6589949999999995e-02  1.5251380000000000e-01  1.8989449999999999e-01  2.1312550000000000e-01  4.1911700000000002e-01  1.0648614999999999e+00  2.2916949999999998e+00  4.0450799999999996e+00  6.0778150000000002e+00  7.9563050000000004e+00  9.2230799999999995e+00  9.6370000000000005e+00  9.1378149999999998e+00
  -4.0000000000000001e-03 -1.2910310000000001e+01 -1.3533564999999999e+01 -1.2747150000000000e+01 -1.0733720000000000e+01 -7.9008050000000001e+00 -4.9854649999999996e+00 -2.5947950000000000e+00 -1.0079525000000000e+00 -2.6593850000000002e-01 -1.3431570000000001e-01 -2.0305300000000001e-01 -1.8109449999999999e-01 -5.3797350000000001e-02  4.8271950000000001e-02  3.1990550000000000e-02 -1.3327110000000000e-01 -4.2275900000000000e-01 -7.5557050000000003e-01 -1.0091215000000000e+00 -1.0404960000000001e+00 -7.2900200000000004e-01 -7.0403750000000001e-02  7.4063000000000001e-01  1.6546799999999999e+00  3.2914349999999999e+00  6.6048299999999998e+00  1.1256570000000000e+01  1.4342314999999999e+01  1.2729775000000000e+01  6.9843500000000001e+00  9.1818049999999994e-06 -6.9843400000000004e+00 -1.2729765000000000e+01 -1.4342305000000000e+01 -1.1256629999999999e+01 -6.6048999999999998e+00 -3.2913000000000001e+00 -1.6548050000000001e+00 -7.4057649999999997e-01  7.0530800000000005e-02  7.2895650000000001e-01  1.0403670000000000e+00  1.0091140000000001e+00  7.5548349999999997e-01  4.2266700000000001e-01  1.3332705000000000e-01 -3.1925750000000003e-02 -4.8346100000000003e-02  5.3889899999999998e-02  1.8100150000000001e-01  2.0322250000000000e-01  1.3422704999999999e-01  2.6589249999999998e-01  1.0079060000000000e+00  2.5946950000000002e+00  4.9853800000000001e+00  7.9009150000000004e+00  1.0733660000000000e+01  1.2747225000000000e+01  1.3533524999999999e+01  1.2910285000000000e+01
  -4.4999999999999997e-03 -1.7905650000000001e+01 -1.8549299999999999e+01 -1.7078250000000001e+01 -1.3953960000000000e+01 -9.7893200000000000e+00 -5.7477850000000004e+00 -2.6252599999999999e+00 -6.6828299999999996e-01  9.4059000000000004e-02  2.6407500000000000e-02 -2.2167550000000000e-01 -2.2137499999999999e-01 -2.0881050000000002e-02  1.3259404999999999e-01  1.1458615000000000e-01 -1.1182135000000000e-01 -5.2344250000000003e-01 -1.0252764999999999e+00 -1.4615060000000000e+00 -1.6247950000000000e+00 -1.3098755000000000e+00 -4.6642899999999998e-01  4.9828850000000002e-01  1.2614780000000001e+00  2.7336250000000000e+00  6.8431499999999996e+00  1.3841675000000000e+01  1.9134750000000000e+01  1.7004149999999999e+01  8.7904750000000007e+00  1.4266315000000000e-05 -8.7905449999999998e+00 -1.7004149999999999e+01 -1.9134599999999999e+01 -1.3841585000000000e+01 -6.8429849999999997e+00 -2.7336100000000001e+00 -1.2615870000000000e+00 -4.9850299999999997e-01  4.6630549999999998e-01  1.3099645000000000e+00  1.6250300000000000e+00  1.4616264999999999e+00  1.0252114999999999e+00  5.2338700000000005e-01  1.1175345000000000e-01 -1.1464515000000000e-01 -1.3251560000000001e-01  2.0850649999999998e-02  2.2122849999999999e-01  2.2175349999999999e-01 -2.6321649999999999e-02 -9.4020049999999994e-02  6.6818449999999996e-01  2.6253799999999998e+00  5.7476000000000003e+00  9.7894600000000001e+00  1.3954000000000001e+01  1.7078199999999999e+01  1.8549350000000000e+01  1.7905700000000000e+01
  -5.0000000000000001e-03 -2.4689900000000002e+01 -2.5028050000000000e+01 -2.2293800000000001e+01 -1.7559149999999999e+01 -1.1551005000000000e+01 -6.1207349999999998e+00 -2.2215349999999998e+00  9.1945750000000007e-02  7.4377400000000005e-01  2.7453250000000001e-01 -2.8305700000000000e-01 -2.9262050000000001e-01  4.5312400000000003e-02  2.6987000000000000e-01  2.5393549999999998e-01 -4.3016050000000000e-02 -6.0846599999999995e-01 -1.3369960000000001e+00 -2.0520849999999999e+00 -2.4507650000000001e+00 -2.1945100000000002e+00 -1.0739325000000000e+00  1.3704910000000001e-01  4.6685749999999998e-01  1.1257390000000000e+00  5.6932099999999997e+00  1.6107299999999999e+01  2.5174900000000001e+01  2.2057050000000000e+01  9.8950350000000000e+00  1.8661550000000001e-05 -9.8950150000000008e+00 -2.2057050000000000e+01 -2.5175200000000000e+01 -1.6107099999999999e+01 -5.6929850000000002e+00 -1.1258150000000000e+00 -4.6694350000000001e-01 -1.3698284999999999e-01  1.0738265000000000e+00  2.1945850000000000e+00  2.4504500000000000e+00  2.0518850000000000e+00  1.3369930000000001e+00  6.0853650000000004e-01  4.3099999999999999e-02 -2.5406050000000002e-01 -2.6985999999999999e-01 -4.5190649999999999e-02  2.9251349999999998e-01  2.8315150000000000e-01 -2.7457050000000000e-01 -7.4379499999999998e-01 -9.2097999999999999e-02  2.2215600000000002e+00  6.1207549999999999e+00  1.1551135000000000e+01  1.7559149999999999e+01  2.2293749999999999e+01  2.5027999999999999e+01  2.4689850000000000e+01
# Vertical Kick [micro-rad]
START
                          -2.9999999999999999e-02 -2.9000000000000001e-02 -2.8000000000000001e-02 -2.7000000000000000e-02 -2.5999999999999999e-02 -2.5000000000000001e-02 -2.4000000000000000e-02 -2.3000000000000000e-02 -2.1999999999999999e-02 -2.1000000000000001e-02 -2.0000000000000000e-02 -1.9000000000000000e-02 -1.7999999999999999e-02 -1.7000000000000001e-02 -1.6000000000000000e-02 -1.4999999999999999e-02 -1.4000000000000000e-02 -1.2999999999999999e-02 -1.2000000000000000e-02 -1.0999999999999999e-02 -1.0000000000000000e-02 -8.9999999999999993e-03 -8.0000000000000002e-03 -7.0000000000000001e-03 -6.0000000000000001e-03 -5.0000000000000001e-03 -4.0000000000000001e-03 -3.0000000000000001e-03 -2.0000000000000000e-03 -1.0000000000000000e-03  0.0000000000000000e+00  1.0000000000000000e-03  2.0000000000000000e-03  3.0000000000000001e-03  4.0000000000000001e-03  5.0000000000000001e-03  6.0000000000000001e-03  7.0000000000000001e-03  8.0000000000000002e-03  8.9999999999999993e-03  1.0000000000000000e-02  1.0999999999999999e-02  1.2000000000000000e-02  1.2999999999999999e-02  1.4000000000000000e-02  1.4999999999999999e-02  1.6000000000000000e-02  1.7000000000000001e-02  1.7999999999999999e-02  1.9000000000000000e-02  2.0000000000000000e-02  2.1000000000000001e-02  2.1999999999999999e-02  2.3000000000000000e-02  2.4000000000000000e-02  2.5000000000000001e-02  2.5999999999999999e-02  2.7000000000000000e-02  2.8000000000000001e-02  2.9000000000000001e-02  2.9999999999999999e-02
   5.0000000000000001e-03 -4.2848100000000002e+01 -5.8574050000000000e+01 -7.1597899999999996e+01 -8.1076800000000006e+01 -8.6397750000000002e+01 -8.7925349999999995e+01 -8.7243799999999993e+01 -8.5457200000000000e+01 -8.3512550000000005e+01 -8.2381649999999993e+01 -8.2254850000000005e+01 -8.2516800000000003e+01 -8.2519049999999993e+01 -8.2238299999999995e+01 -8.1886399999999995e+01 -8.1593649999999997e+01 -8.1550200000000004e+01 -8.1927850000000007e+01 -8.2914400000000001e+01 -8.4566100000000006e+01 -8.6672100000000000e+01 -8.8557350000000000e+01 -8.9578749999999999e+01 -9.0771249999999995e+01 -9.4037700000000001e+01 -9.8998249999999999e+01 -9.9919950000000000e+01 -9.0629750000000001e+01 -7.7052899999999994e+01 -7.1683149999999998e+01 -7.2307550000000006e+01 -7.1683149999999998e+01 -7.7052850000000007e+01 -9.0629599999999996e+01 -9.9919849999999997e+01 -9.8998599999999996e+01 -9.4037999999999997e+01 -9.0771249999999995e+01 -8.9578800000000001e+01 -8.8557249999999996e+01 -8.6672250000000005e+01 -8.4566199999999995e+01 -8.2914450000000002e+01 -8.1927850000000007e+01 -8.1550399999999996e+01 -8.1593699999999998e+01 -8.1886449999999996e+01 -8.2238200000000006e+01 -8.2519099999999995e+01 -8.2516800000000003e+01 -8.2254700000000000e+01 -8.2381749999999997e+01 -8.3512749999999997e+01 -8.5457099999999997e+01 -8.7243849999999995e+01 -8.7925299999999993e+01 -8.6397850000000005e+01 -8.1076750000000004e+01 -7.1598200000000006e+01 -5.8574100000000001e+01 -4.2848050000000001e+01
   4.4999999999999997e-03 -3.5518500000000003e+01 -4.7185600000000001e+01 -5.7714500000000001e+01 -6.5969149999999999e+01 -7.1252250000000004e+01 -7.3640699999999995e+01 -7.4019149999999996e+01 -7.3270899999999997e+01 -7.2194149999999993e+01 -7.1483050000000006e+01 -7.1339100000000002e+01 -7.1456500000000005e+01 -7.1464799999999997e+01 -7.1299000000000007e+01 -7.1073549999999997e+01 -7.0911550000000005e+01 -7.0955449999999999e+01 -7.1335449999999994e+01 -7.2146600000000007e+01 -7.3374150000000000e+01 -7.4820700000000002e+01 -7.6061800000000005e+01 -7.6819249999999997e+01 -7.7641199999999998e+01 -7.9299199999999999e+01 -8.0943849999999998e+01 -7.9052499999999995e+01 -7.0874049999999997e+01 -6.0192450000000001e+01 -5.3919750000000001e+01 -5.2593249999999998e+01 -5.3919699999999999e+01 -6.0192500000000003e+01 -7.0873999999999995e+01 -7.9052549999999997e+01 -8.0943899999999999e+01 -7.9299599999999998e+01 -7.7641199999999998e+01 -7.6819400000000002e+01 -7.6061650000000000e+01 -7.4820650000000001e+01 -7.3374250000000004e+01 -7.2146699999999996e+01 -7.1335499999999996e+01 -7.0955449999999999e+01 -7.0911699999999996e+01 -7.1073549999999997e+01 -7.1299049999999994e+01 -7.1464799999999997e+01 -7.1456649999999996e+01 -7.1339250000000007e+01 -7.1483050000000006e+01 -7.2194249999999997e+01 -7.3270700000000005e+01 -7.4019049999999993e+01 -7.3640699999999995e+01 -7.1252250000000004e+01 -6.5969200000000001e+01 -5.7714599999999997e+01 -4.7185800000000000e+01 -3.5518549999999998e+01
   4.0000000000000001e-03 -2.9479250000000000e+01 -3.8328800000000001e+01 -4.6726750000000003e+01 -5.3695000000000000e+01 -5.8581750000000000e+01 -6.1293349999999997e+01 -6.2308250000000001e+01 -6.2267200000000003e+01 -6.1798800000000000e+01 -6.1420349999999999e+01 -6.1328049999999998e+01 -6.1391350000000003e+01 -6.1406050000000000e+01 -6.1315249999999999e+01 -6.1183900000000001e+01 -6.1109999999999999e+01 -6.1200200000000002e+01 -6.1544249999999998e+01 -6.2184150000000002e+01 -6.3074150000000003e+01 -6.4046999999999997e+01 -6.4830449999999999e+01 -6.5276550000000000e+01 -6.5623500000000007e+01 -6.6062650000000005e+01 -6.5746200000000002e+01 -6.2586950000000002e+01 -5.5456449999999997e+01 -4.6881549999999997e+01 -4.1046349999999997e+01 -3.9265050000000002e+01 -4.1046349999999997e+01 -4.6881650000000000e+01 -5.5456449999999997e+01 -6.2586700000000000e+01 -6.5746350000000007e+01 -6.6062749999999994e+01 -6.5623450000000005e+01 -6.5276550000000000e+01 -6.4830449999999999e+01 -6.4046999999999997e+01 -6.3074350000000003e+01 -6.2184100000000001e+01 -6.1544249999999998e+01 -6.1200350000000000e+01 -6.1110050000000001e+01 -6.1183999999999997e+01 -6.1315300000000001e+01 -6.1406250000000000e+01 -6.1391350000000003e+01 -6.1328099999999999e+01 -6.1420349999999999e+01 -6.1798999999999999e+01 -6.2267150000000001e+01 -6.2308149999999998e+01 -6.1293300000000002e+01 -5.8581699999999998e+01 -5.3695050000000002e+01 -4.6726849999999999e+01 -3.8328850000000003e+01 -2.9479250000000000e+01
   3.5000000000000001e-03 -2.4347200000000001e+01 -3.1138100000000001e+01 -3.7785150000000002e+01 -4.3539700000000003e+01 -4.7852849999999997e+01 -5.0555349999999997e+01 -5.1887500000000003e+01 -5.2286799999999999e+01 -5.2225549999999998e+01 -5.2093699999999998e+01 -5.2071599999999997e+01 -5.2124800000000000e+01 -5.2149349999999998e+01 -5.2108350000000002e+01 -5.2042600000000000e+01 -5.2024900000000002e+01 -5.2133000000000003e+01 -5.2424750000000003e+01 -5.2912550000000003e+01 -5.3540250000000000e+01 -5.4171550000000003e+01 -5.4620849999999997e+01 -5.4781799999999997e+01 -5.4707900000000002e+01 -5.4328800000000001e+01 -5.2955150000000003e+01 -4.9392099999999999e+01 -4.3285350000000001e+01 -3.6395949999999999e+01 -3.1432549999999999e+01 -2.9741050000000001e+01 -3.1432549999999999e+01 -3.6395949999999999e+01 -4.3285299999999999e+01 -4.9392049999999998e+01 -5.2955199999999998e+01 -5.4328949999999999e+01 -5.4707999999999998e+01 -5.4781849999999999e+01 -5.4620950000000001e+01 -5.4171500000000002e+01 -5.3540300000000002e+01 -5.2912599999999998e+01 -5.2424849999999999e+01 -5.2133099999999999e+01 -5.2024999999999999e+01 -5.2042600000000000e+01 -5.2108400000000003e+01 -5.2149299999999997e+01 -5.2124850000000002e+01 -5.2071700000000000e+01 -5.2093750000000000e+01 -5.2225499999999997e+01 -5.2286799999999999e+01 -5.1887450000000001e+01 -5.0555300000000003e+01 -4.7852800000000002e+01 -4.3539749999999998e+01 -3.7785200000000003e+01 -3.1138200000000001e+01 -2.4347300000000001e+01
   3.0000000000000001e-03 -1.9880800000000001e+01 -2.5103999999999999e+01 -3.0318600000000000e+01 -3.4977899999999998e+01 -3.8646999999999998e+01 -4.1139699999999998e+01 -4.2560000000000002e+01 -4.3193500000000000e+01 -4.3381749999999997e+01 -4.3417600000000000e+01 -4.3457999999999998e+01 -4.3517850000000003e+01 -4.3552599999999998e+01 -4.3544449999999998e+01 -4.3521450000000002e+01 -4.3536650000000002e+01 -4.3644500000000001e+01 -4.3880200000000002e+01 -4.4240200000000002e+01 -4.4668500000000002e+01 -4.5055750000000003e+01 -4.5266800000000003e+01 -4.5206249999999997e+01 -4.4831699999999998e+01 -4.3979050000000001e+01 -4.2142499999999998e+01 -3.8666649999999997e+01 -3.3554900000000004e+01 -2.8073200000000000e+01 -2.4051100000000002e+01 -2.2621350000000000e+01 -2.4051050000000000e+01 -2.8073200000000000e+01 -3.3554800000000000e+01 -3.8666699999999999e+01 -4.2142600000000002e+01 -4.3979149999999997e+01 -4.4831750000000000e+01 -4.5206400000000002e+01 -4.5266849999999998e+01 -4.5055850000000000e+01 -4.4668550000000003e+01 -4.4240250000000003e+01 -4.3880249999999997e+01 -4.3644500000000001e+01 -4.3536650000000002e+01 -4.3521500000000003e+01 -4.3544449999999998e+01 -4.3552700000000002e+01 -4.3517899999999997e+01 -4.3458050000000000e+01 -4.3417600000000000e+01 -4.3381749999999997e+01 -4.3193600000000004e+01 -4.2560099999999998e+01 -4.1139650000000003e+01 -3.8646999999999998e+01 -3.4977950000000000e+01 -3.0318700000000000e+01 -2.5104050000000001e+01 -1.9880749999999999e+01
   2.5000000000000001e-03 -1.5914000000000000e+01 -1.9899000000000001e+01 -2.3929099999999998e+01 -2.7615100000000002e+01 -3.0626700000000000e+01 -3.2792450000000002e+01 -3.4142650000000003e+01 -3.4855950000000000e+01 -3.5171650000000000e+01 -3.5305950000000003e+01 -3.5389099999999999e+01 -3.5457299999999996e+01 -3.5499350000000000e+01 -3.5511049999999997e+01 -3.5513649999999998e+01 -3.5544800000000002e+01 -3.5641599999999997e+01 -3.5824249999999999e+01 -3.6081150000000001e+01 -3.6362050000000004e+01 -3.6580100000000002e+01 -3.6631850000000000e+01 -3.6428500000000000e+01 -3.5887949999999996e+01 -3.4834600000000002e+01 -3.2921450000000000e+01 -2.9811350000000001e+01 -2.5654599999999999e+01 -2.1372650000000000e+01 -1.8226350000000000e+01 -1.7089700000000001e+01 -1.8226350000000000e+01 -2.1372650000000000e+01 -2.5654599999999999e+01 -2.9811399999999999e+01 -3.2921450000000000e+01 -3.4834650000000003e+01 -3.5887949999999996e+01 -3.6428600000000003e+01 -3.6631850000000000e+01 -3.6580100000000002e+01 -3.6362099999999998e+01 -3.6081200000000003e+01 -3.5824249999999999e+01 -3.5641649999999998e+01 -3.5544800000000002e+01 -3.5513649999999998e+01 -3.5511049999999997e+01 -3.5499400000000001e+01 -3.5457299999999996e+01 -3.5389150000000001e+01 -3.5305999999999997e+01 -3.5171700000000001e+01 -3.4855950000000000e+01 -3.4142699999999998e+01 -3.2792499999999997e+01 -3.0626750000000001e+01 -2.7615100000000002e+01 -2.3929099999999998e+01 -1.9899000000000001e+01 -1.5914050000000000e+01
   2.0000000000000000e-03 -1.2324260000000001e+01 -1.5296139999999999e+01 -1.8327400000000001e+01 -2.1147649999999999e+01 -2.3515599999999999e+01 -2.5289200000000001e+01 -2.6462800000000001e+01 -2.7143799999999999e+01 -2.7494299999999999e+01 -2.7669450000000001e+01 -2.7771699999999999e+01 -2.7842150000000000e+01 -2.7886250000000000e+01 -2.7907650000000000e+01 -2.7922999999999998e+01 -2.7958549999999999e+01 -2.8038699999999999e+01 -2.8173850000000002e+01 -2.8350349999999999e+01 -2.8525800000000000e+01 -2.8633050000000001e+01 -2.8591999999999999e+01 -2.8324200000000001e+01 -2.7740500000000001e+01 -2.6691050000000001e+01 -2.4950199999999999e+01 -2.2360250000000001e+01 -1.9111699999999999e+01 -1.5868399999999999e+01 -1.3497930000000000e+01 -1.2637130000000001e+01 -1.3497935000000000e+01 -1.5868399999999999e+01 -1.9111499999999999e+01 -2.2360250000000001e+01 -2.4950250000000000e+01 -2.6691050000000001e+01 -2.7740549999999999e+01 -2.8324349999999999e+01 -2.8591999999999999e+01 -2.8633150000000001e+01 -2.8525900000000000e+01 -2.8350349999999999e+01 -2.8173850000000002e+01 -2.8038750000000000e+01 -2.7958549999999999e+01 -2.7922999999999998e+01 -2.7907699999999998e+01 -2.7886299999999999e+01 -2.7842199999999998e+01 -2.7771750000000001e+01 -2.7669450000000001e+01 -2.7494399999999999e+01 -2.7143850000000000e+01 -2.6462850000000000e+01 -2.5289149999999999e+01 -2.3515599999999999e+01 -2.1147700000000000e+01 -1.8327449999999999e+01 -1.5296215000000000e+01 -1.2324265000000000e+01
   1.5000000000000000e-03 -9.0145300000000006e+00 -1.1127355000000000e+01 -1.3294589999999999e+01 -1.5335530000000000e+01 -1.7083100000000002e+01 -1.8430050000000001e+01 -1.9357949999999999e+01 -1.9928100000000001e+01 -2.0245300000000000e+01 -2.0415600000000001e+01 -2.0514450000000000e+01 -2.0578150000000001e+01 -2.0618250000000000e+01 -2.0641349999999999e+01 -2.0660150000000002e+01 -2.0692299999999999e+01 -2.0753150000000002e+01 -2.0847400000000000e+01 -2.0962399999999999e+01 -2.1065600000000000e+01 -2.1107150000000001e+01 -2.1027699999999999e+01 -2.0763649999999998e+01 -2.0238199999999999e+01 -1.9338999999999999e+01 -1.7927600000000002e+01 -1.5941500000000000e+01 -1.3553530000000000e+01 -1.1225199999999999e+01 -9.5353049999999993e+00 -8.9211100000000005e+00 -9.5353100000000008e+00 -1.1225210000000001e+01 -1.3553630000000000e+01 -1.5941500000000000e+01 -1.7927650000000000e+01 -1.9339050000000000e+01 -2.0238199999999999e+01 -2.0763649999999998e+01 -2.1027750000000001e+01 -2.1107199999999999e+01 -2.1065650000000002e+01 -2.0962399999999999e+01 -2.0847449999999998e+01 -2.0753200000000000e+01 -2.0692350000000001e+01 -2.0660200000000000e+01 -2.0641400000000001e+01 -2.0618300000000001e+01 -2.0578199999999999e+01 -2.0514450000000000e+01 -2.0415649999999999e+01 -2.0245349999999998e+01 -1.9928100000000001e+01 -1.9358000000000001e+01 -1.8430099999999999e+01 -1.7083150000000000e+01 -1.5335565000000001e+01 -1.3294610000000000e+01 -1.1127420000000001e+01 -9.0145599999999995e+00
   1.0000000000000000e-03 -5.9036299999999997e+00 -7.2602149999999996e+00 -8.6565750000000001e+00 -9.9823149999999998e+00 -1.1132580000000001e+01 -1.2036194999999999e+01 -1.2675150000000000e+01 -1.3081700000000000e+01 -1.3318030000000000e+01 -1.3449930000000000e+01 -1.3526730000000001e+01 -1.3574940000000000e+01 -1.3605295000000000e+01 -1.3624105000000000e+01 -1.3639970000000000e+01 -1.3663770000000000e+01 -1.3704425000000001e+01 -1.3763640000000001e+01 -1.3831915000000000e+01 -1.3887230000000001e+01 -1.3896500000000000e+01 -1.3820169999999999e+01 -1.3613560000000000e+01 -1.3221975000000000e+01 -1.2572170000000000e+01 -1.1586320000000001e+01 -1.0246530000000000e+01 -8.6790149999999997e+00 -7.1757600000000004e+00 -6.0909300000000002e+00 -5.6971400000000001e+00 -6.0911749999999998e+00 -7.1757700000000000e+00 -8.6789749999999994e+00 -1.0246525000000000e+01 -1.1586354999999999e+01 -1.2572205000000000e+01 -1.3222009999999999e+01 -1.3613590000000000e+01 -1.3820225000000001e+01 -1.3896540000000000e+01 -1.3887264999999999e+01 -1.3831960000000000e+01 -1.3763695000000000e+01 -1.3704445000000000e+01 -1.3663790000000001e+01 -1.3639995000000001e+01 -1.3624140000000001e+01 -1.3605335000000000e+01 -1.3574975000000000e+01 -1.3526764999999999e+01 -1.3449975000000000e+01 -1.3318070000000001e+01 -1.3081735000000000e+01 -1.2675179999999999e+01 -1.2036225000000000e+01 -1.1132605000000000e+01 -9.9823599999999999e+00 -8.6565999999999992e+00 -7.2602399999999996e+00 -5.9036249999999999e+00
   5.0000000000000001e-04 -2.9205350000000001e+00 -3.5838299999999998e+00 -4.2679000000000000e+00 -4.9204049999999997e+00 -5.4908700000000001e+00 -5.9439799999999998e+00 -6.2690900000000003e+00 -6.4799600000000002e+00 -6.6053649999999999e+00 -6.6767799999999999e+00 -6.7185199999999998e+00 -6.7444400000000000e+00 -6.7607699999999999e+00 -6.7712000000000003e+00 -6.7801049999999998e+00 -6.7926650000000004e+00 -6.8129400000000002e+00 -6.8414200000000003e+00 -6.8730300000000000e+00 -6.8966099999999999e+00 -6.8957899999999999e+00 -6.8504699999999996e+00 -6.7378999999999998e+00 -6.5300149999999997e+00 -6.1906100000000004e+00 -5.6852450000000001e+00 -5.0115650000000000e+00 -4.2355600000000004e+00 -3.4982300000000000e+00 -2.9684550000000001e+00 -2.7764050000000000e+00 -2.9684599999999999e+00 -3.4982400000000000e+00 -4.2355799999999997e+00 -5.0115900000000000e+00 -5.6852749999999999e+00 -6.1906200000000000e+00 -6.5300549999999999e+00 -6.7379350000000002e+00 -6.8505200000000004e+00 -6.8958300000000001e+00 -6.8966450000000004e+00 -6.8730700000000002e+00 -6.8414900000000003e+00 -6.8129850000000003e+00 -6.7927049999999998e+00 -6.7801450000000001e+00 -6.7712349999999999e+00 -6.7608050000000004e+00 -6.7444750000000004e+00 -6.7185600000000001e+00 -6.6768200000000002e+00 -6.6054050000000002e+00 -6.4799949999999997e+00 -6.2691200000000000e+00 -5.9440150000000003e+00 -5.4909049999999997e+00 -4.9204400000000001e+00 -4.2679549999999997e+00 -3.5838600000000000e+00 -2.9205350000000001e+00
   0.0000000000000000e+00  3.9151499999999999e-05  1.5310839999999999e-05  2.2209649999999998e-05  1.6173400000000000e-05  1.6131099999999999e-05 -2.4101649999999998e-07  1.6145149999999999e-05  1.6863599999999999e-05  1.7915050000000001e-05  1.8700300000000001e-05  1.9229299999999999e-05  1.9136150000000001e-05  1.8708850000000000e-05  1.8706200000000001e-05  1.8713149999999999e-05  1.9040749999999999e-05  1.9586650000000000e-05  1.9751699999999999e-05  1.9570549999999998e-05  1.9143700000000001e-05  1.8275600000000002e-05  1.7942600000000000e-05  1.8241350000000001e-05  1.8334549999999999e-05  1.7477400000000000e-05  1.5299015000000001e-05  1.2064260000000000e-05  8.5807450000000005e-06  3.4438199999999998e-05  2.5563049999999999e-06 -2.3736800000000001e-11 -2.5506300000000002e-06 -5.3340950000000000e-06 -8.5134149999999999e-06 -1.1950165000000000e-05 -1.5105929999999999e-05 -1.7202550000000000e-05 -1.8525350000000000e-05 -1.7821300000000002e-05 -1.7542350000000000e-05 -1.7756100000000001e-05 -1.8411550000000002e-05 -1.9115149999999999e-05 -1.9293850000000002e-05 -1.9025750000000000e-05 -1.8634000000000002e-05 -1.8315600000000001e-05 -1.8388200000000001e-05 -1.8471999999999999e-05 -1.8877550000000000e-05 -1.9294249999999999e-05 -1.8979099999999999e-05 -1.7923950000000000e-05 -1.7085550000000001e-05 -1.6390100000000001e-05 -1.6147999999999999e-05 -1.6510900000000001e-05 -1.6658099999999999e-05 -1.6463800000000000e-05  9.0307199999999995e-06 -7.5067100000000003e-06
  -5.0000000000000001e-04  2.9205350000000001e+00  3.5838450000000002e+00  4.2679299999999998e+00  4.9204350000000003e+00  5.4908999999999999e+00  5.9440200000000001e+00  6.2691249999999998e+00  6.4799949999999997e+00  6.6054050000000002e+00  6.6768200000000002e+00  6.7185600000000001e+00  6.7444750000000004e+00  6.7608100000000002e+00  6.7712349999999999e+00  6.7801349999999996e+00  6.7927049999999998e+00  6.8129749999999998e+00  6.8414599999999997e+00  6.8730700000000002e+00  6.8966500000000002e+00  6.8958300000000001e+00  6.8505050000000001e+00  6.7379350000000002e+00  6.5300549999999999e+00  6.1906200000000000e+00  5.6852749999999999e+00  5.0115900000000000e+00  4.2355799999999997e+00  3.4982400000000000e+00  2.9684599999999999e+00  2.7764050000000000e+00  2.9684550000000001e+00  3.4982300000000000e+00  4.2355600000000004e+00  5.0115650000000000e+00  5.6852450000000001e+00  6.1906100000000004e+00  6.5300200000000004e+00  6.7378999999999998e+00  6.8504699999999996e+00  6.8957949999999997e+00  6.8966050000000001e+00  6.8730300000000000e+00  6.8414500000000000e+00  6.8129450000000000e+00  6.7926750000000000e+00  6.7801049999999998e+00  6.7712000000000003e+00  6.7607699999999999e+00  6.7444400000000000e+00  6.7185199999999998e+00  6.6767799999999999e+00  6.6053649999999999e+00  6.4799600000000002e+00  6.2690900000000003e+00  5.9439849999999996e+00  5.4908700000000001e+00  4.9203999999999999e+00  4.2679150000000003e+00  3.5838299999999998e+00  2.9205350000000001e+00
  -1.0000000000000000e-03  5.9036450000000000e+00  7.2602149999999996e+00  8.6566150000000004e+00  9.9823450000000005e+00  1.1132580000000001e+01  1.2036220000000000e+01  1.2675179999999999e+01  1.3081740000000000e+01  1.3318070000000001e+01  1.3449970000000000e+01  1.3526770000000001e+01  1.3574975000000000e+01  1.3605335000000000e+01  1.3624140000000001e+01  1.3640000000000001e+01  1.3663800000000000e+01  1.3704454999999999e+01  1.3763695000000000e+01  1.3831950000000001e+01  1.3887264999999999e+01  1.3896540000000000e+01  1.3820190000000000e+01  1.3613605000000000e+01  1.3222035000000000e+01  1.2572205000000000e+01  1.1586354999999999e+01  1.0246525000000000e+01  8.6790850000000006e+00  7.1757700000000000e+00  6.0911700000000000e+00  5.6971400000000001e+00  6.0909300000000002e+00  7.1757600000000004e+00  8.6790199999999995e+00  1.0246530000000000e+01  1.1586295000000000e+01  1.2572175000000000e+01  1.3221975000000000e+01  1.3613545000000000e+01  1.3820175000000001e+01  1.3896500000000000e+01  1.3887235000000000e+01  1.3831915000000000e+01  1.3763660000000000e+01  1.3704409999999999e+01  1.3663765000000000e+01  1.3639970000000000e+01  1.3624100000000000e+01  1.3605295000000000e+01  1.3574930000000000e+01  1.3526730000000001e+01  1.3449930000000000e+01  1.3318030000000000e+01  1.3081700000000000e+01  1.2675155000000000e+01  1.2036199999999999e+01  1.1132574999999999e+01  9.9823149999999998e+00  8.6565650000000005e+00  7.2602149999999996e+00  5.9036049999999998e+00
  -1.5000000000000000e-03  9.0145649999999993e+00  1.1127420000000001e+01  1.3294625000000000e+01  1.5335550000000000e+01  1.7083150000000000e+01  1.8430099999999999e+01  1.9358000000000001e+01  1.9928100000000001e+01  2.0245349999999998e+01  2.0415649999999999e+01  2.0514450000000000e+01  2.0578199999999999e+01  2.0618300000000001e+01  2.0641400000000001e+01  2.0660200000000000e+01  2.0692299999999999e+01  2.0753200000000000e+01  2.0847449999999998e+01  2.0962450000000000e+01  2.1065650000000002e+01  2.1107199999999999e+01  2.1027750000000001e+01  2.0763649999999998e+01  2.0238399999999999e+01  1.9339099999999998e+01  1.7927650000000000e+01  1.5941500000000000e+01  1.3553630000000000e+01  1.1225210000000001e+01  9.5353100000000008e+00  8.9211100000000005e+00  9.5353049999999993e+00  1.1225199999999999e+01  1.3553500000000000e+01  1.5941500000000000e+01  1.7927600000000002e+01  1.9338999999999999e+01  2.0238150000000001e+01  2.0763649999999998e+01  2.1027750000000001e+01  2.1107199999999999e+01  2.1065600000000000e+01  2.0962399999999999e+01  2.0847400000000000e+01  2.0753150000000002e+01  2.0692299999999999e+01  2.0660150000000002e+01  2.0641349999999999e+01  2.0618250000000000e+01  2.0578150000000001e+01  2.0514450000000000e+01  2.0415600000000001e+01  2.0245300000000000e+01  1.9928049999999999e+01  1.9357949999999999e+01  1.8430050000000001e+01  1.7083100000000002e+01  1.5335530000000000e+01  1.3294570000000000e+01  1.1127380000000000e+01  9.0145350000000004e+00
  -2.0000000000000000e-03  1.2324280000000000e+01  1.5296189999999999e+01  1.8327449999999999e+01  2.1147700000000000e+01  2.3515599999999999e+01  2.5289200000000001e+01  2.6462850000000000e+01  2.7143899999999999e+01  2.7494399999999999e+01  2.7669450000000001e+01  2.7771750000000001e+01  2.7842150000000000e+01  2.7886299999999999e+01  2.7907699999999998e+01  2.7922999999999998e+01  2.7958549999999999e+01  2.8038699999999999e+01  2.8173900000000000e+01  2.8350349999999999e+01  2.8525849999999998e+01  2.8633150000000001e+01  2.8591999999999999e+01  2.8324300000000001e+01  2.7740549999999999e+01  2.6691050000000001e+01  2.4950199999999999e+01  2.2360250000000001e+01  1.9111499999999999e+01  1.5868399999999999e+01  1.3497935000000000e+01  1.2637130000000001e+01  1.3497930000000000e+01  1.5868399999999999e+01  1.9111699999999999e+01  2.2360250000000001e+01  2.4950199999999999e+01  2.6691050000000001e+01  2.7740500000000001e+01  2.8324200000000001e+01  2.8591999999999999e+01  2.8633099999999999e+01  2.8525849999999998e+01  2.8350300000000001e+01  2.8173850000000002e+01  2.8038699999999999e+01  2.7958500000000001e+01  2.7922999999999998e+01  2.7907650000000000e+01  2.7886250000000000e+01  2.7842150000000000e+01  2.7771699999999999e+01  2.7669400000000000e+01  2.7494350000000001e+01  2.7143850000000000e+01  2.6462800000000001e+01  2.5289149999999999e+01  2.3515599999999999e+01  2.1147649999999999e+01  1.8327400000000001e+01  1.5296144999999999e+01  1.2324230000000000e+01
  -2.5000000000000001e-03  1.5914050000000000e+01  1.9899049999999999e+01  2.3929099999999998e+01  2.7615100000000002e+01  3.0626750000000001e+01  3.2792499999999997e+01  3.4142699999999998e+01  3.4856000000000002e+01  3.5171650000000000e+01  3.5305999999999997e+01  3.5389200000000002e+01  3.5457299999999996e+01  3.5499400000000001e+01  3.5511049999999997e+01  3.5513700000000000e+01  3.5544849999999997e+01  3.5641700000000000e+01  3.5824249999999999e+01  3.6081200000000003e+01  3.6362050000000004e+01  3.6580100000000002e+01  3.6631850000000000e+01  3.6428600000000003e+01  3.5887949999999996e+01  3.4834650000000003e+01  3.2921450000000000e+01  2.9811350000000001e+01  2.5654599999999999e+01  2.1372650000000000e+01  1.8226350000000000e+01  1.7089700000000001e+01  1.8226350000000000e+01  2.1372650000000000e+01  2.5654599999999999e+01  2.9811350000000001e+01  3.2921450000000000e+01  3.4834600000000002e+01  3.5887900000000002e+01  3.6428500000000000e+01  3.6631850000000000e+01  3.6580100000000002e+01  3.6362050000000004e+01  3.6081150000000001e+01  3.5824199999999998e+01  3.5641649999999998e+01  3.5544800000000002e+01  3.5513649999999998e+01  3.5511049999999997e+01  3.5499350000000000e+01  3.5457299999999996e+01  3.5389099999999999e+01  3.5305900000000001e+01  3.5171650000000000e+01  3.4855950000000000e+01  3.4142699999999998e+01  3.2792450000000002e+01  3.0626700000000000e+01  2.7615050000000000e+01  2.3929099999999998e+01  1.9899000000000001e+01  1.5914000000000000e+01
  -3.0000000000000001e-03  1.9880800000000001e+01  2.5104050000000001e+01  3.0318650000000002e+01  3.4977950000000000e+01  3.8646999999999998e+01  4.1139749999999999e+01  4.2560049999999997e+01  4.3193600000000004e+01  4.3381749999999997e+01  4.3417600000000000e+01  4.3457999999999998e+01  4.3517899999999997e+01  4.3552700000000002e+01  4.3544550000000001e+01  4.3521500000000003e+01  4.3536600000000000e+01  4.3644550000000002e+01  4.3880299999999998e+01  4.4240250000000003e+01  4.4668599999999998e+01  4.5055850000000000e+01  4.5266900000000000e+01  4.5206400000000002e+01  4.4831750000000000e+01  4.3979100000000003e+01  4.2142600000000002e+01  3.8666899999999998e+01  3.3554800000000000e+01  2.8073200000000000e+01  2.4051050000000000e+01  2.2621350000000000e+01  2.4051100000000002e+01  2.8073200000000000e+01  3.3554900000000004e+01  3.8666649999999997e+01  4.2142600000000002e+01  4.3979050000000001e+01  4.4831750000000000e+01  4.5206249999999997e+01  4.5266800000000003e+01  4.5055750000000003e+01  4.4668599999999998e+01  4.4240200000000002e+01  4.3880150000000000e+01  4.3644449999999999e+01  4.3536650000000002e+01  4.3521450000000002e+01  4.3544449999999998e+01  4.3552599999999998e+01  4.3517850000000003e+01  4.3457999999999998e+01  4.3417600000000000e+01  4.3381749999999997e+01  4.3193449999999999e+01  4.2560000000000002e+01  4.1139600000000002e+01  3.8646999999999998e+01  3.4977899999999998e+01  3.0318650000000002e+01  2.5104099999999999e+01  1.9880749999999999e+01
  -3.5000000000000001e-03  2.4347200000000001e+01  3.1138200000000001e+01  3.7785249999999998e+01  4.3539700000000003e+01  4.7852800000000002e+01  5.0555300000000003e+01  5.1887549999999997e+01  5.2286850000000001e+01  5.2225499999999997e+01  5.2093750000000000e+01  5.2071800000000003e+01  5.2124850000000002e+01  5.2149349999999998e+01  5.2108350000000002e+01  5.2042700000000004e+01  5.2024999999999999e+01  5.2133099999999999e+01  5.2424799999999998e+01  5.2912599999999998e+01  5.3540300000000002e+01  5.4171550000000003e+01  5.4621000000000002e+01  5.4781849999999999e+01  5.4707999999999998e+01  5.4328949999999999e+01  5.2955199999999998e+01  4.9392049999999998e+01  4.3285299999999999e+01  3.6395949999999999e+01  3.1432549999999999e+01  2.9741050000000001e+01  3.1432549999999999e+01  3.6395899999999997e+01  4.3285350000000001e+01  4.9392099999999999e+01  5.2955150000000003e+01  5.4328850000000003e+01  5.4707949999999997e+01  5.4781799999999997e+01  5.4620899999999999e+01  5.4171500000000002e+01  5.3540300000000002e+01  5.2912550000000003e+01  5.2424750000000003e+01  5.2133000000000003e+01  5.2024900000000002e+01  5.2042600000000000e+01  5.2108350000000002e+01  5.2149299999999997e+01  5.2124800000000000e+01  5.2071550000000002e+01  5.2093850000000003e+01  5.2225499999999997e+01  5.2286749999999998e+01  5.1887500000000003e+01  5.0555349999999997e+01  4.7852800000000002e+01  4.3539700000000003e+01  3.7785150000000002e+01  3.1138150000000000e+01  2.4347149999999999e+01
  -4.0000000000000001e-03  2.9479250000000000e+01  3.8328850000000003e+01  4.6726799999999997e+01  5.3695050000000002e+01  5.8581699999999998e+01  6.1293349999999997e+01  6.2308100000000003e+01  6.2267150000000001e+01  6.1799100000000003e+01  6.1420450000000002e+01  6.1328099999999999e+01  6.1391350000000003e+01  6.1406149999999997e+01  6.1315300000000001e+01  6.1183999999999997e+01  6.1110050000000001e+01  6.1200299999999999e+01  6.1544400000000003e+01  6.2184100000000001e+01  6.3074350000000003e+01  6.4046949999999995e+01  6.4830449999999999e+01  6.5276550000000000e+01  6.5623549999999994e+01  6.6062799999999996e+01  6.5746350000000007e+01  6.2586750000000002e+01  5.5456449999999997e+01  4.6881650000000000e+01  4.1046349999999997e+01  3.9265050000000002e+01  4.1046349999999997e+01  4.6881549999999997e+01  5.5456499999999998e+01  6.2587000000000003e+01  6.5746200000000002e+01  6.6062650000000005e+01  6.5623500000000007e+01  6.5276550000000000e+01  6.4830449999999999e+01  6.4047049999999999e+01  6.3074249999999999e+01  6.2184100000000001e+01  6.1544300000000000e+01  6.1200200000000002e+01  6.1109999999999999e+01  6.1183999999999997e+01  6.1315249999999999e+01  6.1406050000000000e+01  6.1391350000000003e+01  6.1328150000000001e+01  6.1420349999999999e+01  6.1798800000000000e+01  6.2267150000000001e+01  6.2308300000000003e+01  6.1293300000000002e+01  5.8581600000000002e+01  5.3695099999999996e+01  4.6726849999999999e+01  3.8328850000000003e+01  2.9479250000000000e+01
  -4.4999999999999997e-03  3.5518500000000003e+01  4.7185800000000000e+01  5.7714599999999997e+01  6.5969250000000002e+01  7.1252300000000005e+01  7.3640699999999995e+01  7.4019149999999996e+01  7.3270799999999994e+01  7.2194249999999997e+01  7.1483000000000004e+01  7.1339200000000005e+01  7.1456500000000005e+01  7.1464849999999998e+01  7.1299000000000007e+01  7.1073599999999999e+01  7.0911649999999995e+01  7.0955449999999999e+01  7.1335449999999994e+01  7.2146749999999997e+01  7.3374250000000004e+01  7.4820650000000001e+01  7.6061650000000000e+01  7.6819350000000000e+01  7.7641149999999996e+01  7.9299400000000006e+01  8.0943899999999999e+01  7.9052599999999998e+01  7.0873999999999995e+01  6.0192500000000003e+01  5.3919750000000001e+01  5.2593249999999998e+01  5.3919750000000001e+01  6.0192450000000001e+01  7.0874049999999997e+01  7.9052499999999995e+01  8.0943899999999999e+01  7.9299300000000002e+01  7.7641149999999996e+01  7.6819299999999998e+01  7.6061700000000002e+01  7.4820700000000002e+01  7.3374150000000000e+01  7.2146649999999994e+01  7.1335499999999996e+01  7.0955550000000002e+01  7.0911550000000005e+01  7.1073549999999997e+01  7.1299000000000007e+01  7.1464900000000000e+01  7.1456549999999993e+01  7.1339100000000002e+01  7.1482900000000001e+01  7.2194149999999993e+01  7.3270849999999996e+01  7.4019049999999993e+01  7.3640699999999995e+01  7.1252200000000002e+01  6.5968999999999994e+01  5.7714500000000001e+01  4.7185600000000001e+01  3.5518450000000001e+01
  -5.0000000000000001e-03  4.2848100000000002e+01  5.8574150000000003e+01  7.1598150000000004e+01  8.1076750000000004e+01  8.6397850000000005e+01  8.7925349999999995e+01  8.7243849999999995e+01  8.5457149999999999e+01  8.3512699999999995e+01  8.2381749999999997e+01  8.2254800000000003e+01  8.2516800000000003e+01  8.2519099999999995e+01  8.2238200000000006e+01  8.1886449999999996e+01  8.1593649999999997e+01  8.1550399999999996e+01  8.1927899999999994e+01  8.2914450000000002e+01  8.4566299999999998e+01  8.6672150000000002e+01  8.8557149999999993e+01  8.9578850000000003e+01  9.0771150000000006e+01  9.4037999999999997e+01  9.8998599999999996e+01  9.9919950000000000e+01  9.0629599999999996e+01  7.7052850000000007e+01  7.1683149999999998e+01  7.2307550000000006e+01  7.1683199999999999e+01  7.7052850000000007e+01  9.0629750000000001e+01  9.9920000000000002e+01  9.8998249999999999e+01  9.4037649999999999e+01  9.0771249999999995e+01  8.9578800000000001e+01  8.8557350000000000e+01  8.6672200000000004e+01  8.4566100000000006e+01  8.2914349999999999e+01  8.1927800000000005e+01  8.1550250000000005e+01  8.1593800000000002e+01  8.1886300000000006e+01  8.2238249999999994e+01  8.2519049999999993e+01  8.2516900000000007e+01  8.2254800000000003e+01  8.2381649999999993e+01  8.3512550000000005e+01  8.5457149999999999e+01  8.7243849999999995e+01  8.7925500000000000e+01  8.6397750000000002e+01  8.1076800000000006e+01  7.1597999999999999e+01  5.8574050000000000e+01  4.2848149999999997e+01
# Longitudinally Integrated Squared Transverse Magnetic Field [T2m]
START
                          -2.9999999999999999e-02 -2.9000000000000001e-02 -2.8000000000000001e-02 -2.7000000000000000e-02 -2.5999999999999999e-02 -2.5000000000000001e-02 -2.4000000000000000e-02 -2.3000000000000000e-02 -2.1999999999999999e-02 -2.1000000000000001e-02 -2.0000000000000000e-02 -1.9000000000000000e-02 -1.7999999999999999e-02 -1.7000000000000001e-02 -1.6000000000000000e-02 -1.4999999999999999e-02 -1.4000000000000000e-02 -1.2999999999999999e-02 -1.2000000000000000e-02 -1.0999999999999999e-02 -1.0000000000000000e-02 -8.9999999999999993e-03 -8.0000000000000002e-03 -7.0000000000000001e-03 -6.0000000000000001e-03 -5.0000000000000001e-03 -4.0000000000000001e-03 -3.0000000000000001e-03 -2.0000000000000000e-03 -1.0000000000000000e-03  0.0000000000000000e+00  1.0000000000000000e-03  2.0000000000000000e-03  3.0000000000000001e-03  4.0000000000000001e-03  5.0000000000000001e-03  6.0000000000000001e-03  7.0000000000000001e-03  8.0000000000000002e-03  8.9999999999999993e-03  1.0000000000000000e-02  1.0999999999999999e-02  1.2000000000000000e-02  1.2999999999999999e-02  1.4000000000000000e-02  1.4999999999999999e-02  1.6000000000000000e-02  1.7000000000000001e-02  1.7999999999999999e-02  1.9000000000000000e-02  2.0000000000000000e-02  2.1000000000000001e-02  2.1999999999999999e-02  2.3000000000000000e-02  2.4000000000000000e-02  2.5000000000000001e-02  2.5999999999999999e-02  2.7000000000000000e-02  2.8000000000000001e-02  2.9000000000000001e-02  2.9999999999999999e-02
   5.0000000000000001e-03  3.7321300000000002e-01  4.2005700000000001e-01  4.4898900000000003e-01  4.6008300000000002e-01  4.5968900000000001e-01  4.5365499999999997e-01  4.4574249999999999e-01  4.3816250000000001e-01  4.3199949999999998e-01  4.2753249999999998e-01  4.2475249999999998e-01  4.2366450000000000e-01  4.2433050000000000e-01  4.2685099999999998e-01  4.3136600000000003e-01  4.3807299999999999e-01  4.4727650000000002e-01  4.5950049999999998e-01  4.7562450000000001e-01  4.9671799999999999e-01  5.2353000000000005e-01  5.5648600000000004e-01  5.9612900000000002e-01  6.4334449999999999e-01  6.9948849999999996e-01  7.6630699999999996e-01  8.4481050000000002e-01  9.3304799999999999e-01  1.0228345000000001e+00  1.0953675000000000e+00  1.1241675000000000e+00  1.0953675000000000e+00  1.0228345000000001e+00  9.3304799999999999e-01  8.4481050000000002e-01  7.6630699999999996e-01  6.9948849999999996e-01  6.4334449999999999e-01  5.9612900000000002e-01  5.5648600000000004e-01  5.2352949999999998e-01  4.9671799999999999e-01  4.7562450000000001e-01  4.5950049999999998e-01  4.4727650000000002e-01  4.3807299999999999e-01  4.3136600000000003e-01  4.2685099999999998e-01  4.2433050000000000e-01  4.2366450000000000e-01  4.2475200000000002e-01  4.2753249999999998e-01  4.3199949999999998e-01  4.3816250000000001e-01  4.4574249999999999e-01  4.5365499999999997e-01  4.5968900000000001e-01  4.6008300000000002e-01  4.4898900000000003e-01  4.2005700000000001e-01  3.7321300000000002e-01
   4.4999999999999997e-03  3.1181449999999999e-01  3.4335100000000002e-01  3.6288300000000001e-01  3.7025500000000000e-01  3.6914649999999999e-01  3.6354500000000001e-01  3.5634600000000000e-01  3.4935549999999999e-01  3.4353750000000000e-01  3.3927600000000002e-01  3.3669100000000002e-01  3.3584750000000002e-01  3.3682450000000003e-01  3.3973449999999999e-01  3.4473199999999998e-01  3.5203499999999999e-01  3.6196450000000002e-01  3.7500699999999998e-01  3.9186650000000001e-01  4.1336299999999998e-01  4.4019599999999998e-01  4.7290450000000001e-01  5.1203250000000000e-01  5.5824450000000003e-01  6.1232299999999995e-01  6.7491449999999997e-01  7.4561849999999996e-01  8.2133900000000004e-01  8.9412950000000002e-01  9.4964899999999997e-01  9.7087800000000002e-01  9.4964899999999997e-01  8.9412950000000002e-01  8.2133900000000004e-01  7.4561849999999996e-01  6.7491449999999997e-01  6.1232299999999995e-01  5.5824450000000003e-01  5.1203250000000000e-01  4.7290450000000001e-01  4.4019599999999998e-01  4.1336299999999998e-01  3.9186650000000001e-01  3.7500699999999998e-01  3.6196450000000002e-01  3.5203499999999999e-01  3.4473150000000002e-01  3.3973449999999999e-01  3.3682450000000003e-01  3.3584750000000002e-01  3.3669100000000002e-01  3.3927600000000002e-01  3.4353750000000000e-01  3.4935549999999999e-01  3.5634600000000000e-01  3.6354500000000001e-01  3.6914649999999999e-01  3.7025500000000000e-01  3.6288250000000000e-01  3.4335100000000002e-01  3.1181399999999998e-01
   4.0000000000000001e-03  2.6120300000000002e-01  2.8158699999999998e-01  2.9338399999999998e-01  2.9666500000000001e-01  2.9382100000000000e-01  2.8765849999999998e-01  2.8038400000000002e-01  2.7344800000000002e-01  2.6767350000000001e-01  2.6345150000000001e-01  2.6094950000000000e-01  2.6026100000000002e-01  2.6147450000000000e-01  2.6470650000000001e-01  2.7011800000000002e-01  2.7793649999999998e-01  2.8848049999999997e-01  3.0220100000000000e-01  3.1969399999999998e-01  3.4164400000000000e-01  3.6870300000000000e-01  4.0143200000000001e-01  4.4034200000000001e-01  4.8590149999999999e-01  5.3845350000000003e-01  5.9789650000000005e-01  6.6293899999999994e-01  7.2991200000000001e-01  7.9149049999999999e-01  8.3650150000000001e-01  8.5325399999999996e-01  8.3650150000000001e-01  7.9149049999999999e-01  7.2991200000000001e-01  6.6293899999999994e-01  5.9789650000000005e-01  5.3845350000000003e-01  4.8590149999999999e-01  4.4034200000000001e-01  4.0143200000000001e-01  3.6870249999999999e-01  3.4164400000000000e-01  3.1969399999999998e-01  3.0220100000000000e-01  2.8848049999999997e-01  2.7793600000000002e-01  2.7011800000000002e-01  2.6470600000000000e-01  2.6147450000000000e-01  2.6026100000000002e-01  2.6094950000000000e-01  2.6345150000000001e-01  2.6767350000000001e-01  2.7344800000000002e-01  2.8038400000000002e-01  2.8765849999999998e-01  2.9382100000000000e-01  2.9666500000000001e-01  2.9338350000000002e-01  2.8158699999999998e-01  2.6120300000000002e-01
   3.5000000000000001e-03  2.1956950000000000e-01  2.3163149999999999e-01  2.3718349999999999e-01  2.3657950000000000e-01  2.3159850000000001e-01  2.2433249999999999e-01  2.1649750000000001e-01  2.0925900000000000e-01  2.0330350000000000e-01  1.9898500000000000e-01  1.9647350000000000e-01  1.9586600000000001e-01  1.9725100000000001e-01  2.0074300000000000e-01  2.0650350000000001e-01  2.1476049999999999e-01  2.2582550000000001e-01  2.4012000000000000e-01  2.5817449999999997e-01  2.8059750000000000e-01  3.0799799999999999e-01  3.4092450000000002e-01  3.7983349999999999e-01  4.2503249999999998e-01  4.7653050000000002e-01  5.3371150000000001e-01  5.9472150000000001e-01  6.5563199999999999e-01  7.0976499999999998e-01  7.4811749999999999e-01  7.6211899999999999e-01  7.4811749999999999e-01  7.0976499999999998e-01  6.5563199999999999e-01  5.9472150000000001e-01  5.3371150000000001e-01  4.7653050000000002e-01  4.2503249999999998e-01  3.7983349999999999e-01  3.4092450000000002e-01  3.0799799999999999e-01  2.8059750000000000e-01  2.5817449999999997e-01  2.4011950000000001e-01  2.2582550000000001e-01  2.1476000000000001e-01  2.0650350000000001e-01  2.0074300000000000e-01  1.9725100000000001e-01  1.9586600000000001e-01  1.9647350000000000e-01  1.9898500000000000e-01  2.0330350000000000e-01  2.0925900000000000e-01  2.1649750000000001e-01  2.2433249999999999e-01  2.3159850000000001e-01  2.3657950000000000e-01  2.3718349999999999e-01  2.3163149999999999e-01  2.1956950000000000e-01
   3.0000000000000001e-03  1.8557250000000000e-01  1.9134699999999999e-01  1.9192000000000001e-01  1.8788400000000000e-01  1.8073049999999999e-01  1.7213600000000001e-01  1.6348699999999999e-01  1.5573690000000001e-01  1.4945639999999999e-01  1.4494665000000001e-01  1.4235680000000001e-01  1.4177310000000001e-01  1.4327565000000000e-01  1.4697275000000001e-01  1.5302175000000001e-01  1.6164600000000001e-01  1.7315100000000000e-01  1.8793399999999999e-01  2.0648900000000001e-01  2.2937700000000000e-01  2.5717250000000003e-01  2.9039900000000002e-01  3.2945500000000000e-01  3.7451400000000001e-01  4.2533599999999999e-01  4.8094749999999997e-01  5.3913400000000000e-01  5.9586850000000002e-01  6.4502400000000004e-01  6.7906999999999995e-01  6.9133049999999996e-01  6.7906999999999995e-01  6.4502400000000004e-01  5.9586850000000002e-01  5.3913400000000000e-01  4.8094749999999997e-01  4.2533599999999999e-01  3.7451400000000001e-01  3.2945500000000000e-01  2.9039900000000002e-01  2.5717250000000003e-01  2.2937700000000000e-01  2.0648900000000001e-01  1.8793399999999999e-01  1.7315100000000000e-01  1.6164600000000001e-01  1.5302170000000001e-01  1.4697270000000001e-01  1.4327565000000000e-01  1.4177300000000001e-01  1.4235675000000000e-01  1.4494660000000001e-01  1.4945634999999999e-01  1.5573685000000001e-01  1.6348699999999999e-01  1.7213600000000001e-01  1.8073049999999999e-01  1.8788400000000000e-01  1.9191949999999999e-01  1.9134699999999999e-01  1.8557250000000000e-01
   2.5000000000000001e-03  1.5820600000000001e-01  1.5922149999999999e-01  1.5588104999999999e-01  1.4895610000000001e-01  1.3980500000000001e-01  1.2986780000000001e-01  1.2032120000000000e-01  1.1197085000000000e-01  1.0529450000000000e-01  1.0054115000000000e-01  9.7830650000000005e-02  9.7230800000000006e-02  9.8808699999999999e-02  1.0266300000000000e-01  1.0894475000000001e-01  1.1787205000000001e-01  1.2974194999999999e-01  1.4493865000000000e-01  1.6393150000000001e-01  1.8725249999999999e-01  2.1545149999999999e-01  2.4902150000000001e-01  2.8830950000000000e-01  3.3337950000000000e-01  3.8380700000000001e-01  4.3836500000000000e-01  4.9460799999999999e-01  5.4848450000000004e-01  5.9430050000000001e-01  6.2552200000000002e-01  6.3665700000000003e-01  6.2552200000000002e-01  5.9430050000000001e-01  5.4848450000000004e-01  4.9460799999999999e-01  4.3836500000000000e-01  3.8380700000000001e-01  3.3337950000000000e-01  2.8830950000000000e-01  2.4902150000000001e-01  2.1545100000000000e-01  1.8725249999999999e-01  1.6393150000000001e-01  1.4493860000000000e-01  1.2974194999999999e-01  1.1787200000000000e-01  1.0894470000000001e-01  1.0266300000000000e-01  9.8808699999999999e-02  9.7230800000000006e-02  9.7830650000000005e-02  1.0054109999999999e-01  1.0529445000000000e-01  1.1197080000000000e-01  1.2032120000000000e-01  1.2986780000000001e-01  1.3980495000000001e-01  1.4895605000000001e-01  1.5588104999999999e-01  1.5922149999999999e-01  1.5820600000000001e-01
   2.0000000000000000e-03  1.3671320000000001e-01  1.3416629999999999e-01  1.2781775000000001e-01  1.1856380000000000e-01  1.0770455000000000e-01  9.6547900000000006e-02  8.6141949999999995e-02  7.7193750000000005e-02  7.0112800000000003e-02  6.5103149999999999e-02  6.2255100000000001e-02  6.1615850000000000e-02  6.3237749999999995e-02  6.7208950000000003e-02  7.3673150000000007e-02  8.2842750000000007e-02  9.5008700000000001e-02  1.1054570000000000e-01  1.2990874999999999e-01  1.5361259999999999e-01  1.8218599999999999e-01  2.1609750000000000e-01  2.5564799999999999e-01  3.0081750000000002e-01  3.5104299999999999e-01  4.0492000000000000e-01  4.5985150000000002e-01  5.1179350000000001e-01  5.5537449999999999e-01  5.8473350000000002e-01  5.9513349999999998e-01  5.8473350000000002e-01  5.5537449999999999e-01  5.1179350000000001e-01  4.5985150000000002e-01  4.0492000000000000e-01  3.5104299999999999e-01  3.0081750000000002e-01  2.5564799999999999e-01  2.1609750000000000e-01  1.8218599999999999e-01  1.5361259999999999e-01  1.2990874999999999e-01  1.1054565000000000e-01  9.5008650000000000e-02  8.2842700000000005e-02  7.3673100000000005e-02  6.7208900000000002e-02  6.3237699999999994e-02  6.1615799999999998e-02  6.2255100000000001e-02  6.5103149999999999e-02  7.0112750000000001e-02  7.7193700000000004e-02  8.6141949999999995e-02  9.6547900000000006e-02  1.0770455000000000e-01  1.1856375000000000e-01  1.2781775000000001e-01  1.3416624999999999e-01  1.3671315000000001e-01
   1.5000000000000000e-03  1.2052825000000000e-01  1.1539545000000000e-01  1.0682195000000000e-01  9.5787700000000003e-02  8.3569000000000004e-02  7.1401599999999996e-02  6.0257999999999999e-02  5.0782750000000002e-02  4.3338149999999999e-02  3.8093500000000002e-02  3.5113499999999999e-02  3.4426550000000000e-02  3.6071150000000003e-02  4.0125599999999997e-02  4.6726549999999999e-02  5.6081499999999999e-02  6.8476599999999999e-02  8.4280800000000003e-02  1.0394059999999999e-01  1.2795940000000000e-01  1.5685175000000001e-01  1.9106550000000000e-01  2.3086550000000000e-01  2.7616800000000002e-01  3.2631100000000002e-01  3.7976599999999999e-01  4.3383800000000000e-01  4.8449950000000003e-01  5.2660899999999999e-01  5.5475249999999998e-01  5.6467650000000003e-01  5.5475249999999998e-01  5.2660899999999999e-01  4.8449950000000003e-01  4.3383800000000000e-01  3.7976599999999999e-01  3.2631100000000002e-01  2.7616800000000002e-01  2.3086550000000000e-01  1.9106550000000000e-01  1.5685170000000001e-01  1.2795940000000000e-01  1.0394055000000001e-01  8.4280750000000001e-02  6.8476599999999999e-02  5.6081449999999998e-02  4.6726549999999999e-02  4.0125550000000003e-02  3.6071100000000002e-02  3.4426499999999999e-02  3.5113449999999997e-02  3.8093500000000002e-02  4.3338149999999999e-02  5.0782750000000002e-02  6.0257999999999999e-02  7.1401599999999996e-02  8.3569000000000004e-02  9.5787700000000003e-02  1.0682195000000000e-01  1.1539545000000000e-01  1.2052825000000000e-01
   1.0000000000000000e-03  1.0924220000000000e-01  1.0235335000000000e-01  9.2249499999999998e-02  7.9963350000000002e-02  6.6762450000000001e-02  5.3844850000000000e-02  4.2140749999999998e-02  3.2257649999999999e-02  2.4527700000000000e-02  1.9095950000000000e-02  1.6008100000000001e-02  1.5277650000000000e-02  1.6932099999999999e-02  2.1041750000000001e-02  2.7737700000000001e-02  3.7223350000000002e-02  4.9781899999999997e-02  6.5778600000000007e-02  8.5655300000000004e-02  1.0990860000000000e-01  1.3904330000000001e-01  1.7349249999999999e-01  2.1349499999999999e-01  2.5892250000000000e-01  3.0904549999999997e-01  3.6225499999999999e-01  4.1579300000000002e-01  4.6564949999999999e-01  5.0683500000000004e-01  5.3421949999999996e-01  5.4384750000000004e-01  5.3421949999999996e-01  5.0683500000000004e-01  4.6564949999999999e-01  4.1579300000000002e-01  3.6225499999999999e-01  3.0904549999999997e-01  2.5892250000000000e-01  2.1349499999999999e-01  1.7349249999999999e-01  1.3904330000000001e-01  1.0990860000000000e-01  8.5655300000000004e-02  6.5778600000000007e-02  4.9781850000000002e-02  3.7223350000000002e-02  2.7737649999999999e-02  2.1041750000000001e-02  1.6932099999999999e-02  1.5277640000000000e-02  1.6008049999999999e-02  1.9095950000000000e-02  2.4527650000000002e-02  3.2257649999999999e-02  4.2140700000000003e-02  5.3844850000000000e-02  6.6762450000000001e-02  7.9963350000000002e-02  9.2249499999999998e-02  1.0235335000000000e-01  1.0924220000000000e-01
   5.0000000000000001e-04  1.0257765000000001e-01  9.4669550000000005e-02  8.3670350000000004e-02  7.0641650000000000e-02  5.6848349999999999e-02  4.3470650000000000e-02  3.1417750000000001e-02  2.1277950000000000e-02  1.3366730000000000e-02  7.8151149999999992e-03  4.6569899999999997e-03  3.8966399999999998e-03  5.5544100000000001e-03  9.6954199999999997e-03  1.6447199999999999e-02  2.6010700000000001e-02  3.8667199999999999e-02  5.4780299999999997e-02  7.4789250000000002e-02  9.9186999999999997e-02  1.2847290000000000e-01  1.6307099999999999e-01  2.0320450000000001e-01  2.4871850000000001e-01  2.9884549999999999e-01  3.5192899999999999e-01  4.0517799999999998e-01  4.5459250000000001e-01  4.9526999999999999e-01  5.2223850000000005e-01  5.3170450000000002e-01  5.2223850000000005e-01  4.9526999999999999e-01  4.5459250000000001e-01  4.0517799999999998e-01  3.5192899999999999e-01  2.9884549999999999e-01  2.4871850000000001e-01  2.0320450000000001e-01  1.6307099999999999e-01  1.2847290000000000e-01  9.9186999999999997e-02  7.4789250000000002e-02  5.4780299999999997e-02  3.8667199999999999e-02  2.6010700000000001e-02  1.6447150000000001e-02  9.6954099999999998e-03  5.5544050000000001e-03  3.8966349999999999e-03  4.6569849999999998e-03  7.8151100000000001e-03  1.3366724999999999e-02  2.1277950000000000e-02  3.1417700000000000e-02  4.3470650000000000e-02  5.6848349999999999e-02  7.0641599999999999e-02  8.3670300000000003e-02  9.4669550000000005e-02  1.0257765000000001e-01
   0.0000000000000000e+00  1.0037370000000000e-01  9.2131400000000002e-02  8.0837450000000005e-02  6.7562700000000003e-02  5.3571599999999997e-02  4.0038999999999998e-02  2.7867850000000000e-02  1.7640550000000001e-02  9.6672600000000004e-03  4.0744049999999997e-03  8.9194049999999998e-04  1.2097010000000000e-04  1.7794000000000000e-03  5.9305699999999996e-03  1.2700760000000000e-02  2.2290150000000002e-02  3.4979299999999998e-02  5.1131299999999998e-02  7.1184700000000004e-02  9.5631250000000001e-02  1.2496844999999999e-01  1.5961750000000000e-01  1.9979600000000000e-01  2.4534149999999999e-01  2.9547200000000001e-01  3.4851700000000002e-01  4.0167449999999999e-01  4.5094849999999997e-01  4.9146400000000001e-01  5.1829999999999998e-01  5.2771400000000002e-01  5.1829999999999998e-01  4.9146400000000001e-01  4.5094849999999997e-01  4.0167449999999999e-01  3.4851700000000002e-01  2.9547200000000001e-01  2.4534149999999999e-01  1.9979600000000000e-01  1.5961750000000000e-01  1.2496844999999999e-01  9.5631250000000001e-02  7.1184700000000004e-02  5.1131299999999998e-02  3.4979299999999998e-02  2.2290150000000002e-02  1.2700760000000000e-02  5.9305699999999996e-03  1.7794000000000000e-03  1.2097000000000000e-04  8.9194100000000004e-04  4.0744049999999997e-03  9.6672600000000004e-03  1.7640550000000001e-02  2.7867850000000000e-02  4.0038999999999998e-02  5.3571599999999997e-02  6.7562700000000003e-02  8.0837450000000005e-02  9.2131400000000002e-02  1.0037370000000000e-01
  -5.0000000000000001e-04  1.0257765000000001e-01  9.4669550000000005e-02  8.3670300000000003e-02  7.0641599999999999e-02  5.6848349999999999e-02  4.3470650000000000e-02  3.1417700000000000e-02  2.1277950000000000e-02  1.3366724999999999e-02  7.8151100000000001e-03  4.6569849999999998e-03  3.8966349999999999e-03  5.5544050000000001e-03  9.6954150000000006e-03  1.6447199999999999e-02  2.6010700000000001e-02  3.8667199999999999e-02  5.4780299999999997e-02  7.4789250000000002e-02  9.9186999999999997e-02  1.2847290000000000e-01  1.6307099999999999e-01  2.0320450000000001e-01  2.4871850000000001e-01  2.9884549999999999e-01  3.5192899999999999e-01  4.0517799999999998e-01  4.5459250000000001e-01  4.9526999999999999e-01  5.2223850000000005e-01  5.3170450000000002e-01  5.2223850000000005e-01  4.9526999999999999e-01  4.5459250000000001e-01  4.0517799999999998e-01  3.5192899999999999e-01  2.9884549999999999e-01  2.4871850000000001e-01  2.0320450000000001e-01  1.6307099999999999e-01  1.2847290000000000e-01  9.9186999999999997e-02  7.4789250000000002e-02  5.4780299999999997e-02  3.8667250000000000e-02  2.6010700000000001e-02  1.6447199999999999e-02  9.6954150000000006e-03  5.5544100000000001e-03  3.8966399999999998e-03  4.6569899999999997e-03  7.8151149999999992e-03  1.3366730000000000e-02  2.1277950000000000e-02  3.1417750000000001e-02  4.3470650000000000e-02  5.6848349999999999e-02  7.0641650000000000e-02  8.3670300000000003e-02  9.4669550000000005e-02  1.0257765000000001e-01
  -1.0000000000000000e-03  1.0924220000000000e-01  1.0235335000000000e-01  9.2249499999999998e-02  7.9963350000000002e-02  6.6762450000000001e-02  5.3844850000000000e-02  4.2140700000000003e-02  3.2257649999999999e-02  2.4527650000000002e-02  1.9095950000000000e-02  1.6008049999999999e-02  1.5277640000000000e-02  1.6932099999999999e-02  2.1041750000000001e-02  2.7737649999999999e-02  3.7223350000000002e-02  4.9781850000000002e-02  6.5778600000000007e-02  8.5655300000000004e-02  1.0990860000000000e-01  1.3904330000000001e-01  1.7349249999999999e-01  2.1349499999999999e-01  2.5892250000000000e-01  3.0904549999999997e-01  3.6225499999999999e-01  4.1579300000000002e-01  4.6565000000000001e-01  5.0683500000000004e-01  5.3421949999999996e-01  5.4384750000000004e-01  5.3421949999999996e-01  5.0683500000000004e-01  4.6564949999999999e-01  4.1579300000000002e-01  3.6225499999999999e-01  3.0904549999999997e-01  2.5892250000000000e-01  2.1349499999999999e-01  1.7349249999999999e-01  1.3904330000000001e-01  1.0990860000000000e-01  8.5655300000000004e-02  6.5778600000000007e-02  4.9781899999999997e-02  3.7223350000000002e-02  2.7737700000000001e-02  2.1041750000000001e-02  1.6932099999999999e-02  1.5277650000000000e-02  1.6008100000000001e-02  1.9095950000000000e-02  2.4527700000000000e-02  3.2257649999999999e-02  4.2140749999999998e-02  5.3844850000000000e-02  6.6762450000000001e-02  7.9963350000000002e-02  9.2249499999999998e-02  1.0235335000000000e-01  1.0924220000000000e-01
  -1.5000000000000000e-03  1.2052825000000000e-01  1.1539545000000000e-01  1.0682195000000000e-01  9.5787700000000003e-02  8.3569000000000004e-02  7.1401599999999996e-02  6.0257999999999999e-02  5.0782750000000002e-02  4.3338149999999999e-02  3.8093500000000002e-02  3.5113499999999999e-02  3.4426499999999999e-02  3.6071100000000002e-02  4.0125550000000003e-02  4.6726549999999999e-02  5.6081449999999998e-02  6.8476599999999999e-02  8.4280750000000001e-02  1.0394055000000001e-01  1.2795940000000000e-01  1.5685170000000001e-01  1.9106550000000000e-01  2.3086550000000000e-01  2.7616800000000002e-01  3.2631100000000002e-01  3.7976599999999999e-01  4.3383800000000000e-01  4.8449950000000003e-01  5.2660899999999999e-01  5.5475249999999998e-01  5.6467650000000003e-01  5.5475249999999998e-01  5.2660899999999999e-01  4.8449950000000003e-01  4.3383800000000000e-01  3.7976599999999999e-01  3.2631100000000002e-01  2.7616800000000002e-01  2.3086550000000000e-01  1.9106550000000000e-01  1.5685175000000001e-01  1.2795940000000000e-01  1.0394059999999999e-01  8.4280800000000003e-02  6.8476599999999999e-02  5.6081499999999999e-02  4.6726549999999999e-02  4.0125599999999997e-02  3.6071150000000003e-02  3.4426550000000000e-02  3.5113499999999999e-02  3.8093500000000002e-02  4.3338149999999999e-02  5.0782750000000002e-02  6.0257999999999999e-02  7.1401599999999996e-02  8.3569000000000004e-02  9.5787700000000003e-02  1.0682195000000000e-01  1.1539545000000000e-01  1.2052825000000000e-01
  -2.0000000000000000e-03  1.3671315000000001e-01  1.3416629999999999e-01  1.2781775000000001e-01  1.1856375000000000e-01  1.0770455000000000e-01  9.6547900000000006e-02  8.6141949999999995e-02  7.7193700000000004e-02  7.0112750000000001e-02  6.5103149999999999e-02  6.2255100000000001e-02  6.1615799999999998e-02  6.3237699999999994e-02  6.7208900000000002e-02  7.3673100000000005e-02  8.2842700000000005e-02  9.5008650000000000e-02  1.1054570000000000e-01  1.2990874999999999e-01  1.5361259999999999e-01  1.8218599999999999e-01  2.1609750000000000e-01  2.5564799999999999e-01  3.0081750000000002e-01  3.5104299999999999e-01  4.0492000000000000e-01  4.5985150000000002e-01  5.1179350000000001e-01  5.5537449999999999e-01  5.8473350000000002e-01  5.9513349999999998e-01  5.8473350000000002e-01  5.5537449999999999e-01  5.1179350000000001e-01  4.5985150000000002e-01  4.0492000000000000e-01  3.5104299999999999e-01  3.0081750000000002e-01  2.5564799999999999e-01  2.1609750000000000e-01  1.8218599999999999e-01  1.5361259999999999e-01  1.2990874999999999e-01  1.1054570000000000e-01  9.5008700000000001e-02  8.2842750000000007e-02  7.3673100000000005e-02  6.7208950000000003e-02  6.3237749999999995e-02  6.1615850000000000e-02  6.2255100000000001e-02  6.5103149999999999e-02  7.0112750000000001e-02  7.7193750000000005e-02  8.6141949999999995e-02  9.6547900000000006e-02  1.0770455000000000e-01  1.1856380000000000e-01  1.2781775000000001e-01  1.3416629999999999e-01  1.3671320000000001e-01
  -2.5000000000000001e-03  1.5820600000000001e-01  1.5922149999999999e-01  1.5588104999999999e-01  1.4895610000000001e-01  1.3980495000000001e-01  1.2986780000000001e-01  1.2032120000000000e-01  1.1197080000000000e-01  1.0529445000000000e-01  1.0054109999999999e-01  9.7830650000000005e-02  9.7230800000000006e-02  9.8808699999999999e-02  1.0266300000000000e-01  1.0894475000000001e-01  1.1787200000000000e-01  1.2974194999999999e-01  1.4493860000000000e-01  1.6393150000000001e-01  1.8725249999999999e-01  2.1545100000000000e-01  2.4902150000000001e-01  2.8830950000000000e-01  3.3337950000000000e-01  3.8380700000000001e-01  4.3836500000000000e-01  4.9460799999999999e-01  5.4848450000000004e-01  5.9430050000000001e-01  6.2552200000000002e-01  6.3665700000000003e-01  6.2552200000000002e-01  5.9430050000000001e-01  5.4848450000000004e-01  4.9460799999999999e-01  4.3836500000000000e-01  3.8380700000000001e-01  3.3337950000000000e-01  2.8830950000000000e-01  2.4902150000000001e-01  2.1545149999999999e-01  1.8725249999999999e-01  1.6393150000000001e-01  1.4493865000000000e-01  1.2974194999999999e-01  1.1787205000000001e-01  1.0894475000000001e-01  1.0266305000000001e-01  9.8808699999999999e-02  9.7230800000000006e-02  9.7830650000000005e-02  1.0054115000000000e-01  1.0529450000000000e-01  1.1197085000000000e-01  1.2032120000000000e-01  1.2986780000000001e-01  1.3980500000000001e-01  1.4895610000000001e-01  1.5588104999999999e-01  1.5922149999999999e-01  1.5820600000000001e-01
  -3.0000000000000001e-03  1.8557250000000000e-01  1.9134699999999999e-01  1.9191949999999999e-01  1.8788400000000000e-01  1.8073049999999999e-01  1.7213600000000001e-01  1.6348699999999999e-01  1.5573685000000001e-01  1.4945629999999999e-01  1.4494660000000001e-01  1.4235680000000001e-01  1.4177305000000001e-01  1.4327565000000000e-01  1.4697270000000001e-01  1.5302170000000001e-01  1.6164600000000001e-01  1.7315100000000000e-01  1.8793399999999999e-01  2.0648900000000001e-01  2.2937700000000000e-01  2.5717250000000003e-01  2.9039900000000002e-01  3.2945500000000000e-01  3.7451400000000001e-01  4.2533599999999999e-01  4.8094749999999997e-01  5.3913400000000000e-01  5.9586850000000002e-01  6.4502400000000004e-01  6.7906999999999995e-01  6.9133049999999996e-01  6.7906999999999995e-01  6.4502400000000004e-01  5.9586850000000002e-01  5.3913400000000000e-01  4.8094749999999997e-01  4.2533599999999999e-01  3.7451400000000001e-01  3.2945500000000000e-01  2.9039900000000002e-01  2.5717250000000003e-01  2.2937700000000000e-01  2.0648900000000001e-01  1.8793399999999999e-01  1.7315100000000000e-01  1.6164600000000001e-01  1.5302175000000001e-01  1.4697275000000001e-01  1.4327565000000000e-01  1.4177305000000001e-01  1.4235680000000001e-01  1.4494665000000001e-01  1.4945639999999999e-01  1.5573690000000001e-01  1.6348699999999999e-01  1.7213600000000001e-01  1.8073049999999999e-01  1.8788400000000000e-01  1.9192000000000001e-01  1.9134699999999999e-01  1.8557250000000000e-01
  -3.5000000000000001e-03  2.1956950000000000e-01  2.3163149999999999e-01  2.3718349999999999e-01  2.3657950000000000e-01  2.3159850000000001e-01  2.2433249999999999e-01  2.1649750000000001e-01  2.0925900000000000e-01  2.0330350000000000e-01  1.9898500000000000e-01  1.9647350000000000e-01  1.9586600000000001e-01  1.9725100000000001e-01  2.0074300000000000e-01  2.0650350000000001e-01  2.1476000000000001e-01  2.2582550000000001e-01  2.4011950000000001e-01  2.5817449999999997e-01  2.8059750000000000e-01  3.0799799999999999e-01  3.4092450000000002e-01  3.7983349999999999e-01  4.2503249999999998e-01  4.7653050000000002e-01  5.3371150000000001e-01  5.9472150000000001e-01  6.5563199999999999e-01  7.0976499999999998e-01  7.4811749999999999e-01  7.6211899999999999e-01  7.4811749999999999e-01  7.0976499999999998e-01  6.5563199999999999e-01  5.9472150000000001e-01  5.3371150000000001e-01  4.7653050000000002e-01  4.2503249999999998e-01  3.7983349999999999e-01  3.4092450000000002e-01  3.0799799999999999e-01  2.8059750000000000e-01  2.5817449999999997e-01  2.4012000000000000e-01  2.2582550000000001e-01  2.1476049999999999e-01  2.0650350000000001e-01  2.0074300000000000e-01  1.9725100000000001e-01  1.9586600000000001e-01  1.9647350000000000e-01  1.9898500000000000e-01  2.0330350000000000e-01  2.0925900000000000e-01  2.1649750000000001e-01  2.2433249999999999e-01  2.3159850000000001e-01  2.3657950000000000e-01  2.3718349999999999e-01  2.3163149999999999e-01  2.1956950000000000e-01
  -4.0000000000000001e-03  2.6120300000000002e-01  2.8158699999999998e-01  2.9338399999999998e-01  2.9666500000000001e-01  2.9382100000000000e-01  2.8765849999999998e-01  2.8038400000000002e-01  2.7344800000000002e-01  2.6767350000000001e-01  2.6345150000000001e-01  2.6094950000000000e-01  2.6026100000000002e-01  2.6147450000000000e-01  2.6470650000000001e-01  2.7011800000000002e-01  2.7793600000000002e-01  2.8848049999999997e-01  3.0220100000000000e-01  3.1969399999999998e-01  3.4164400000000000e-01  3.6870249999999999e-01  4.0143200000000001e-01  4.4034200000000001e-01  4.8590149999999999e-01  5.3845350000000003e-01  5.9789650000000005e-01  6.6293899999999994e-01  7.2991200000000001e-01  7.9149049999999999e-01  8.3650150000000001e-01  8.5325399999999996e-01  8.3650150000000001e-01  7.9149049999999999e-01  7.2991200000000001e-01  6.6293899999999994e-01  5.9789650000000005e-01  5.3845350000000003e-01  4.8590149999999999e-01  4.4034200000000001e-01  4.0143200000000001e-01  3.6870300000000000e-01  3.4164400000000000e-01  3.1969399999999998e-01  3.0220100000000000e-01  2.8848049999999997e-01  2.7793649999999998e-01  2.7011800000000002e-01  2.6470650000000001e-01  2.6147450000000000e-01  2.6026100000000002e-01  2.6094950000000000e-01  2.6345150000000001e-01  2.6767350000000001e-01  2.7344800000000002e-01  2.8038400000000002e-01  2.8765849999999998e-01  2.9382100000000000e-01  2.9666500000000001e-01  2.9338399999999998e-01  2.8158699999999998e-01  2.6120300000000002e-01
  -4.4999999999999997e-03  3.1181399999999998e-01  3.4335100000000002e-01  3.6288250000000000e-01  3.7025500000000000e-01  3.6914649999999999e-01  3.6354500000000001e-01  3.5634600000000000e-01  3.4935549999999999e-01  3.4353750000000000e-01  3.3927600000000002e-01  3.3669100000000002e-01  3.3584750000000002e-01  3.3682450000000003e-01  3.3973449999999999e-01  3.4473150000000002e-01  3.5203499999999999e-01  3.6196450000000002e-01  3.7500699999999998e-01  3.9186650000000001e-01  4.1336299999999998e-01  4.4019599999999998e-01  4.7290450000000001e-01  5.1203250000000000e-01  5.5824450000000003e-01  6.1232350000000002e-01  6.7491449999999997e-01  7.4561849999999996e-01  8.2133900000000004e-01  8.9412950000000002e-01  9.4964899999999997e-01  9.7087800000000002e-01  9.4964899999999997e-01  8.9412950000000002e-01  8.2133900000000004e-01  7.4561849999999996e-01  6.7491449999999997e-01  6.1232350000000002e-01  5.5824450000000003e-01  5.1203250000000000e-01  4.7290450000000001e-01  4.4019599999999998e-01  4.1336299999999998e-01  3.9186650000000001e-01  3.7500699999999998e-01  3.6196450000000002e-01  3.5203499999999999e-01  3.4473199999999998e-01  3.3973449999999999e-01  3.3682450000000003e-01  3.3584750000000002e-01  3.3669100000000002e-01  3.3927600000000002e-01  3.4353750000000000e-01  3.4935549999999999e-01  3.5634600000000000e-01  3.6354500000000001e-01  3.6914649999999999e-01  3.7025500000000000e-01  3.6288300000000001e-01  3.4335100000000002e-01  3.1181449999999999e-01
  -5.0000000000000001e-03  3.7321300000000002e-01  4.2005700000000001e-01  4.4898900000000003e-01  4.6008300000000002e-01  4.5968900000000001e-01  4.5365499999999997e-01  4.4574249999999999e-01  4.3816250000000001e-01  4.3199949999999998e-01  4.2753249999999998e-01  4.2475200000000002e-01  4.2366450000000000e-01  4.2433050000000000e-01  4.2685099999999998e-01  4.3136600000000003e-01  4.3807299999999999e-01  4.4727650000000002e-01  4.5950049999999998e-01  4.7562450000000001e-01  4.9671799999999999e-01  5.2352949999999998e-01  5.5648600000000004e-01  5.9612900000000002e-01  6.4334449999999999e-01  6.9948849999999996e-01  7.6630699999999996e-01  8.4481050000000002e-01  9.3304799999999999e-01  1.0228345000000001e+00  1.0953675000000000e+00  1.1241675000000000e+00  1.0953675000000000e+00  1.0228345000000001e+00  9.3304799999999999e-01  8.4481050000000002e-01  7.6630699999999996e-01  6.9948849999999996e-01  6.4334449999999999e-01  5.9612900000000002e-01  5.5648600000000004e-01  5.2353000000000005e-01  4.9671799999999999e-01  4.7562450000000001e-01  4.5950049999999998e-01  4.4727650000000002e-01  4.3807299999999999e-01  4.3136600000000003e-01  4.2685099999999998e-01  4.2433050000000000e-01  4.2366450000000000e-01  4.2475249999999998e-01  4.2753249999999998e-01  4.3199949999999998e-01  4.3816250000000001e-01  4.4574249999999999e-01  4.5365499999999997e-01  4.5968900000000001e-01  4.6008300000000002e-01  4.4898900000000003e-01  4.2005700000000001e-01  3.7321300000000002e-01
