# Auto-generated by pyeletra.utils.kickmap.generate_Radia_kickmap_file()
# Undulator Length [m]
1.75
# Number of Horizontal Points
61
# Number of Vertical Points
21
# Horizontal Kick [micro-rad]
START
                          -2.9999999999999999e-02 -2.9000000000000001e-02 -2.8000000000000001e-02 -2.7000000000000000e-02 -2.5999999999999999e-02 -2.5000000000000001e-02 -2.4000000000000000e-02 -2.3000000000000000e-02 -2.1999999999999999e-02 -2.1000000000000001e-02 -2.0000000000000000e-02 -1.9000000000000000e-02 -1.7999999999999999e-02 -1.7000000000000001e-02 -1.6000000000000000e-02 -1.4999999999999999e-02 -1.4000000000000000e-02 -1.2999999999999999e-02 -1.2000000000000000e-02 -1.0999999999999999e-02 -1.0000000000000000e-02 -8.9999999999999993e-03 -8.0000000000000002e-03 -7.0000000000000001e-03 -6.0000000000000001e-03 -5.0000000000000001e-03 -4.0000000000000001e-03 -3.0000000000000001e-03 -2.0000000000000000e-03 -1.0000000000000000e-03  0.0000000000000000e+00  1.0000000000000000e-03  2.0000000000000000e-03  3.0000000000000001e-03  4.0000000000000001e-03  5.0000000000000001e-03  6.0000000000000001e-03  7.0000000000000001e-03  8.0000000000000002e-03  8.9999999999999993e-03  1.0000000000000000e-02  1.0999999999999999e-02  1.2000000000000000e-02  1.2999999999999999e-02  1.4000000000000000e-02  1.4999999999999999e-02  1.6000000000000000e-02  1.7000000000000001e-02  1.7999999999999999e-02  1.9000000000000000e-02  2.0000000000000000e-02  2.1000000000000001e-02  2.1999999999999999e-02  2.3000000000000000e-02  2.4000000000000000e-02  2.5000000000000001e-02  2.5999999999999999e-02  2.7000000000000000e-02  2.8000000000000001e-02  2.9000000000000001e-02  2.9999999999999999e-02
   5.0000000000000001e-03 -1.2344875000000000e+01 -1.2514049999999999e+01 -1.1146875000000000e+01 -8.7795500000000004e+00 -5.7756224999999999e+00 -3.0603674999999999e+00 -1.1106650000000000e+00  4.6045750000000003e-02  3.7189400000000000e-01  1.3728525000000000e-01 -1.4157624999999999e-01 -1.4627075000000000e-01  2.2646875000000000e-02  1.3491624999999999e-01  1.2704325000000000e-01 -2.1485424999999999e-02 -3.0425625000000001e-01 -6.6852849999999997e-01 -1.0260075000000000e+00 -1.2252725000000000e+00 -1.0973050000000000e+00 -5.3690050000000000e-01  6.8492049999999999e-02  2.3347175000000001e-01  5.6294999999999995e-01  2.8465075000000000e+00  8.0535499999999995e+00  1.2587600000000000e+01  1.1028525000000000e+01  4.9475524999999996e+00 -9.6072250000000002e-06 -4.9475199999999999e+00 -1.1028525000000000e+01 -1.2587475000000000e+01 -8.0536999999999992e+00 -2.8466049999999998e+00 -5.6292100000000000e-01 -2.3342874999999999e-01 -6.8524525000000003e-02  5.3697574999999997e-01  1.0972424999999999e+00  1.2253799999999999e+00  1.0260400000000001e+00  6.6849375000000000e-01  3.0422674999999999e-01  2.1504700000000002e-02 -1.2702200000000000e-01 -1.3493649999999999e-01 -2.2617925000000001e-02  1.4624350000000000e-01  1.4152799999999999e-01 -1.3726525000000001e-01 -3.7188850000000001e-01 -4.5960674999999999e-02  1.1107300000000000e+00  3.0603650000000000e+00  5.7755274999999999e+00  8.7795749999999995e+00  1.1146900000000000e+01  1.2514025000000000e+01  1.2344925000000000e+01
   4.4999999999999997e-03 -8.9528750000000006e+00 -9.2746999999999993e+00 -8.5391250000000003e+00 -6.9770300000000001e+00 -4.8947300000000000e+00 -2.8737875000000002e+00 -1.3126825000000000e+00 -3.3409549999999999e-01  4.7057225000000001e-02  1.3150600000000000e-02 -1.1087625000000000e-01 -1.1064975000000001e-01 -1.0426425000000000e-02  6.6224925000000004e-02  5.7241525000000001e-02 -5.5904975000000003e-02 -2.6173275000000001e-01 -5.1256950000000001e-01 -7.3080774999999998e-01 -8.1250999999999995e-01 -6.5501500000000001e-01 -2.3317525000000000e-01  2.4929150000000000e-01  6.3075325000000004e-01  1.3668000000000000e+00  3.4215575000000000e+00  6.9208024999999997e+00  9.5672750000000004e+00  8.5020749999999996e+00  4.3952749999999998e+00 -6.2561600000000001e-06 -4.3952375000000004e+00 -8.5020749999999996e+00 -9.5673250000000003e+00 -6.9208375000000002e+00 -3.4215849999999999e+00 -1.3668125000000000e+00 -6.3077324999999995e-01 -2.4918325000000000e-01  2.3317125000000000e-01  6.5498975000000004e-01  8.1244249999999996e-01  7.3075025000000005e-01  5.1263150000000002e-01  2.6172150000000000e-01  5.5898175000000001e-02 -5.7287925000000003e-02 -6.6296024999999995e-02  1.0441100000000000e-02  1.1068699999999999e-01  1.1089675000000000e-01 -1.3201974999999999e-02 -4.6995925000000001e-02  3.3415699999999998e-01  1.3126400000000000e+00  2.8738600000000001e+00  4.8946575000000001e+00  6.9770149999999997e+00  8.5391499999999994e+00  9.2746750000000002e+00  8.9528499999999998e+00
   4.0000000000000001e-03 -6.4551425000000000e+00 -6.7667549999999999e+00 -6.3736100000000002e+00 -5.3668199999999997e+00 -3.9504475000000001e+00 -2.4926800000000000e+00 -1.2973075000000001e+00 -5.0391549999999996e-01 -1.3290674999999999e-01 -6.7114325000000002e-02 -1.0155975000000000e-01 -9.0563500000000005e-02 -2.6893074999999999e-02  2.4185350000000001e-02  1.5960225000000001e-02 -6.6660750000000005e-02 -2.1129700000000001e-01 -3.7768974999999999e-01 -5.0455399999999995e-01 -5.2012824999999996e-01 -3.6447825000000000e-01 -3.5227074999999997e-02  3.7033549999999998e-01  8.2732249999999996e-01  1.6456649999999999e+00  3.3024900000000001e+00  5.6283149999999997e+00  7.1711524999999998e+00  6.3648449999999999e+00  3.4921725000000001e+00 -4.7329975000000001e-06 -3.4921774999999999e+00 -6.3648949999999997e+00 -7.1711574999999996e+00 -5.6282899999999998e+00 -3.3024049999999998e+00 -1.6457275000000000e+00 -8.2730499999999996e-01 -3.7031550000000002e-01  3.5210274999999999e-02  3.6447449999999998e-01  5.2025149999999998e-01  5.0452474999999997e-01  3.7779574999999999e-01  2.1138124999999999e-01  6.6643225000000000e-02 -1.5990750000000001e-02 -2.4135050000000002e-02  2.6898800000000000e-02  9.0587749999999995e-02  1.0151600000000000e-01  6.7138724999999996e-02  1.3299775000000000e-01  5.0396600000000003e-01  1.2973800000000000e+00  2.4927424999999999e+00  3.9504424999999999e+00  5.3668449999999996e+00  6.3735600000000003e+00  6.7667725000000001e+00  6.4551575000000003e+00
   3.5000000000000001e-03 -4.5689099999999998e+00 -4.8185025000000001e+00 -4.6115250000000003e+00 -3.9781499999999999e+00 -3.0389474999999999e+00 -2.0225300000000002e+00 -1.1458400000000000e+00 -5.3242875000000001e-01 -2.0952450000000000e-01 -1.0656350000000001e-01 -9.4947500000000004e-02 -7.6275574999999998e-02 -3.3268899999999997e-02  9.4586750000000004e-04 -5.3110650000000002e-03 -6.3119800000000004e-02 -1.6117575000000001e-01 -2.6737125000000000e-01 -3.3593624999999999e-01 -3.1854050000000000e-01 -1.8004899999999999e-01  7.7699950000000004e-02  4.1433750000000003e-01  8.5288750000000002e-01  1.5881900000000000e+00  2.8319575000000001e+00  4.3503800000000004e+00  5.2335725000000002e+00  4.6051275000000000e+00  2.5908350000000002e+00 -3.8996525000000002e-06 -2.5908424999999999e+00 -4.6051050000000000e+00 -5.2335599999999998e+00 -4.3503575000000003e+00 -2.8319350000000001e+00 -1.5882025000000000e+00 -8.5290750000000004e-01 -4.1433900000000001e-01 -7.7672124999999995e-02  1.8004075000000000e-01  3.1856849999999998e-01  3.3594350000000001e-01  2.6737450000000001e-01  1.6113649999999999e-01  6.3103174999999997e-02  5.3483599999999999e-03 -9.1445250000000001e-04  3.3246350000000001e-02  7.6271800000000001e-02  9.4910999999999995e-02  1.0660175000000000e-01  2.0955475000000001e-01  5.3236925000000002e-01  1.1458524999999999e+00  2.0225050000000002e+00  3.0389225000000000e+00  3.9782050000000000e+00  4.6115225000000004e+00  4.8184825000000000e+00  4.5689025000000001e+00
   3.0000000000000001e-03 -3.1271049999999998e+00 -3.3052074999999999e+00 -3.1988500000000002e+00 -2.8135574999999999e+00 -2.2134450000000001e+00 -1.5343400000000000e+00 -9.2191500000000004e-01 -4.7292925000000002e-01 -2.1655900000000000e-01 -1.1327225000000000e-01 -8.3794999999999994e-02 -6.2947850000000000e-02 -3.2810125000000002e-02 -9.6390499999999997e-03 -1.3485900000000000e-02 -5.1935349999999998e-02 -1.1570324999999999e-01 -1.8065575000000000e-01 -2.1405450000000001e-01 -1.8410075000000001e-01 -7.0548100000000002e-02  1.2507725000000000e-01  3.8984200000000002e-01  7.5623375000000004e-01  1.3388825000000000e+00  2.2161675000000001e+00  3.1788875000000001e+00  3.6666050000000001e+00  3.1883325000000000e+00  1.8098000000000001e+00 -3.3557325000000001e-06 -1.8098075000000000e+00 -3.1883374999999998e+00 -3.6666224999999999e+00 -3.1789000000000001e+00 -2.2162275000000000e+00 -1.3389025000000001e+00 -7.5625224999999996e-01 -3.8984849999999999e-01 -1.2509524999999999e-01  7.0554950000000005e-02  1.8407175000000001e-01  2.1401550000000000e-01  1.8066650000000001e-01  1.1572675000000000e-01  5.1899349999999997e-02  1.3493900000000000e-02  9.5697500000000001e-03  3.2819275000000002e-02  6.2963350000000001e-02  8.3786500000000000e-02  1.1328275000000000e-01  2.1654424999999999e-01  4.7297850000000002e-01  9.2189500000000002e-01  1.5342750000000001e+00  2.2134499999999999e+00  2.8135724999999998e+00  3.1988625000000002e+00  3.3052549999999998e+00  3.1271100000000001e+00
   2.5000000000000001e-03 -2.0247375000000001e+00 -2.1375575000000002e+00 -2.0845025000000001e+00 -1.8628849999999999e+00 -1.5014300000000000e+00 -1.0745275000000001e+00 -6.7326925000000004e-01 -3.6672800000000000e-01 -1.8126800000000001e-01 -9.7189250000000005e-02 -6.7066975000000001e-02 -4.8892249999999998e-02 -2.7943775000000001e-02 -1.1971775000000000e-02 -1.3594350000000000e-02 -3.7659625000000002e-02 -7.7257925000000005e-02 -1.1499550000000000e-01 -1.2864800000000001e-01 -9.8310250000000002e-02 -1.3012124999999999e-02  1.2615150000000000e-01  3.1727800000000000e-01  5.8807125000000005e-01  1.0023025000000001e+00  1.5791299999999999e+00  2.1615400000000000e+00  2.4152524999999998e+00  2.0730350000000000e+00  1.1772425000000000e+00 -2.8789500000000002e-06 -1.1772475000000000e+00 -2.0730400000000002e+00 -2.4152650000000002e+00 -2.1615025000000001e+00 -1.5791550000000001e+00 -1.0022949999999999e+00 -5.8804124999999996e-01 -3.1727349999999999e-01 -1.2618124999999999e-01  1.3009475000000000e-02  9.8303249999999995e-02  1.2864900000000001e-01  1.1500950000000000e-01  7.7254699999999996e-02  3.7667300000000001e-02  1.3600075000000000e-02  1.1970649999999999e-02  2.7970849999999998e-02  4.8903349999999998e-02  6.7054174999999994e-02  9.7190250000000006e-02  1.8127075000000001e-01  3.6672474999999999e-01  6.7326125000000003e-01  1.0745199999999999e+00  1.5014425000000000e+00  1.8628650000000000e+00  2.0845125000000002e+00  2.1375825000000002e+00  2.0247449999999998e+00
   2.0000000000000000e-03 -1.1927399999999999e+00 -1.2517324999999999e+00 -1.2258899999999999e+00 -1.1113025000000001e+00 -9.1552000000000000e-01 -6.7274875000000001e-01 -4.3407075000000001e-01 -2.4458625000000001e-01 -1.2542550000000000e-01 -6.8523025000000001e-02 -4.6823024999999997e-02 -3.4371300000000000e-02 -2.0708600000000001e-02 -9.7429000000000005e-03 -9.5012250000000003e-03 -2.3354975000000000e-02 -4.6473374999999997e-02 -6.7127925000000005e-02 -7.1029800000000004e-02 -4.6710525000000003e-02  1.0577100000000001e-02  9.9134749999999994e-02  2.2001599999999999e-01  3.9288325000000002e-01  6.5205025000000005e-01  9.9574499999999999e-01  1.3209800000000000e+00  1.4402299999999999e+00  1.2179475000000000e+00  6.8774575000000004e-01 -2.3734875000000002e-06 -6.8775100000000000e-01 -1.2179199999999999e+00 -1.4402375000000001e+00 -1.3209850000000001e+00 -9.9575749999999996e-01 -6.5205199999999996e-01 -3.9289350000000001e-01 -2.1996599999999999e-01 -9.9129250000000002e-02 -1.0590700000000000e-02  4.6703624999999999e-02  7.1036699999999994e-02  6.7137349999999998e-02  4.6471625000000003e-02  2.3356525000000000e-02  9.5117250000000004e-03  9.7315749999999993e-03  2.0710050000000001e-02  3.4369974999999997e-02  4.6823324999999999e-02  6.8513699999999997e-02  1.2542575000000000e-01  2.4460000000000001e-01  4.3407075000000001e-01  6.7273200000000000e-01  9.1552000000000000e-01  1.1112949999999999e+00  1.2258700000000000e+00  1.2517350000000000e+00  1.1927500000000000e+00
   1.5000000000000000e-03 -5.8488150000000005e-01 -6.0262075000000004e-01 -5.8982725000000003e-01 -5.4392300000000005e-01 -4.6023399999999998e-01 -3.4718425000000003e-01 -2.2811624999999999e-01 -1.2918125000000000e-01 -6.5816700000000006e-02 -3.6311574999999999e-02 -2.6302050000000000e-02 -2.0670674999999999e-02 -1.2904074999999999e-02 -5.4867950000000000e-03 -3.9383774999999996e-03 -1.0863100000000001e-02 -2.3289725000000001e-02 -3.3754525000000001e-02 -3.3829800000000000e-02 -1.7921500000000000e-02  1.4408249999999999e-02  6.0179450000000002e-02  1.2004475000000001e-01  2.0651174999999999e-01  3.3815725000000002e-01  5.1081200000000004e-01  6.6631574999999998e-01  7.1119200000000005e-01  5.8912600000000004e-01  3.2734400000000002e-01 -1.8256525000000000e-06 -3.2734750000000001e-01 -5.8913000000000004e-01 -7.1119675000000004e-01 -6.6632300000000000e-01 -5.1081699999999997e-01 -3.3815750000000000e-01 -2.0650499999999999e-01 -1.2004325000000000e-01 -6.0177525000000003e-02 -1.4404100000000000e-02  1.7928125000000000e-02  3.3826324999999997e-02  3.3773675000000003e-02  2.3295699999999999e-02  1.0865500000000000e-02  3.9363050000000002e-03  5.4850550000000000e-03  1.2900950000000000e-02  2.0671999999999999e-02  2.6296449999999999e-02  3.6309399999999999e-02  6.5812750000000003e-02  1.2917824999999999e-01  2.2810900000000001e-01  3.4718525000000000e-01  4.6024100000000001e-01  5.4393849999999999e-01  5.8984024999999995e-01  6.0261874999999998e-01  5.8489999999999998e-01
   1.0000000000000000e-03 -1.7012250000000001e-01 -1.5902975000000000e-01 -1.5198075000000000e-01 -1.4819075000000001e-01 -1.3617150000000000e-01 -1.0880950000000000e-01 -7.1265574999999998e-02 -3.6425800000000001e-02 -1.4824900000000000e-02 -7.8923050000000005e-03 -8.8264499999999996e-03 -9.3824000000000008e-03 -6.0958100000000001e-03 -1.1348224999999999e-03  1.2176274999999999e-03 -1.3461450000000000e-03 -7.2652525000000004e-03 -1.2085874999999999e-02 -1.1357700000000000e-02 -3.4190175000000001e-03  9.3646000000000007e-03  2.2574100000000000e-02  3.5412150000000003e-02  5.5383975000000002e-02  9.3919249999999996e-02  1.5050749999999999e-01  1.9981075000000001e-01  2.0631875000000000e-01  1.5882674999999999e-01  8.1178749999999994e-02 -1.2385775000000000e-06 -8.1181249999999996e-02 -1.5882950000000001e-01 -2.0632125000000001e-01 -1.9982649999999999e-01 -1.5050975000000000e-01 -9.3921500000000005e-02 -5.5384250000000003e-02 -3.5412625000000003e-02 -2.2578950000000000e-02 -9.3516499999999995e-03  3.4166324999999999e-03  1.1344500000000000e-02  1.2103675000000000e-02  7.2547000000000002e-03  1.3402250000000000e-03 -1.2168700000000001e-03  1.1360649999999999e-03  6.0993074999999997e-03  9.3850500000000007e-03  8.8243750000000006e-03  7.8922950000000006e-03  1.4828075000000000e-02  3.6426100000000003e-02  7.1266650000000001e-02  1.0880950000000000e-01  1.3618150000000001e-01  1.4819225000000000e-01  1.5198675000000000e-01  1.5902100000000000e-01  1.7013075000000000e-01
   5.0000000000000001e-04  7.1372875000000002e-02  9.9455000000000002e-02  1.0433450000000000e-01  8.5412000000000002e-02  5.7567550000000002e-02  3.6258249999999999e-02  2.6466650000000001e-02  2.3178950000000000e-02  1.9052150000000000e-02  1.1332625000000001e-02  2.8531149999999998e-03 -1.9610000000000001e-03 -1.5052625000000000e-03  1.9858425000000000e-03  4.7586375000000002e-03  4.5772549999999997e-03  2.1094050000000000e-03  7.2400725000000001e-06  4.9685500000000004e-04  2.9061550000000001e-03  3.2137149999999998e-03 -4.0036174999999999e-03 -2.0713949999999998e-02 -4.2283075000000003e-02 -6.0086525000000002e-02 -7.0566100000000007e-02 -7.9287999999999997e-02 -9.0459750000000005e-02 -9.1801750000000001e-02 -6.1720024999999998e-02 -6.2585774999999996e-07  6.1718324999999997e-02  9.1800499999999993e-02  9.0457999999999997e-02  7.9286499999999996e-02  7.0564724999999995e-02  6.0086300000000002e-02  4.2283149999999999e-02  2.0722899999999999e-02  4.0051050000000001e-03 -3.2138750000000002e-03 -2.9059500000000000e-03 -5.0696550000000002e-04 -4.8684150000000000e-06 -2.1094700000000000e-03 -4.5764600000000001e-03 -4.7577425000000003e-03 -1.9861674999999998e-03  1.5040024999999999e-03  1.9601350000000000e-03 -2.8511825000000000e-03 -1.1332149999999999e-02 -1.9056199999999999e-02 -2.3174950000000000e-02 -2.6465550000000001e-02 -3.6256024999999997e-02 -5.7567100000000003e-02 -8.5411749999999995e-02 -1.0433125000000000e-01 -9.9466499999999999e-02 -7.1359199999999998e-02
   0.0000000000000000e+00  1.5065575000000000e-01  1.8436225000000001e-01  1.8872649999999999e-01  1.6260925000000001e-01  1.2202150000000000e-01  8.4928000000000003e-02  5.9623774999999997e-02  4.3683025000000000e-02  3.0885550000000001e-02  1.8104400000000000e-02  6.9483224999999996e-03  6.2879674999999997e-04  1.1507275000000000e-04  3.1111724999999999e-03  6.0125949999999999e-03  6.5804499999999998e-03  5.1801275000000003e-03  3.8937074999999999e-03  4.1716024999999997e-03  4.6172849999999996e-03  5.9744374999999995e-04 -1.3560600000000001e-02 -4.0323625000000002e-02 -7.5939400000000004e-02 -1.1260824999999999e-01 -1.4499524999999999e-01 -1.7216975000000001e-01 -1.8835399999999999e-01 -1.7408999999999999e-01 -1.0858675000000000e-01  6.8397299999999997e-11  1.0858675000000000e-01  1.7408999999999999e-01  1.8838225000000000e-01  1.7216975000000001e-01  1.4499524999999999e-01  1.1261975000000000e-01  7.5899400000000006e-02  4.0314274999999997e-02  1.3551725000000001e-02 -6.0105149999999997e-04 -4.6333175000000002e-03 -4.1715375000000001e-03 -3.9029675000000000e-03 -5.1811975000000000e-03 -6.5843750000000000e-03 -6.0122474999999998e-03 -3.1119550000000000e-03 -1.1532550000000001e-04 -6.2892925000000005e-04 -6.9484650000000000e-03 -1.8105500000000000e-02 -3.0885550000000001e-02 -4.3683174999999998e-02 -5.9623750000000003e-02 -8.4928000000000003e-02 -1.2202125000000000e-01 -1.6260925000000001e-01 -1.8872349999999999e-01 -1.8437424999999999e-01 -1.5066850000000001e-01
  -5.0000000000000001e-04  7.1372000000000005e-02  9.9470000000000003e-02  1.0433125000000000e-01  8.5411500000000001e-02  5.7569849999999999e-02  3.6255274999999997e-02  2.6468249999999999e-02  2.3175700000000000e-02  1.9051749999999999e-02  1.1332850000000000e-02  2.8516374999999999e-03 -1.9602399999999998e-03 -1.5031199999999999e-03  1.9854899999999999e-03  4.7581749999999999e-03  4.5770849999999998e-03  2.1084475000000000e-03  1.5187999999999999e-05  5.0696325000000001e-04  2.9069274999999999e-03  3.2142475000000001e-03 -4.0041175000000004e-03 -2.0713900000000000e-02 -4.2284175000000000e-02 -6.0086399999999998e-02 -7.0564500000000002e-02 -7.9286499999999996e-02 -9.0457999999999997e-02 -9.1800499999999993e-02 -6.1717975000000001e-02 -1.4867374999999999e-05  6.1719650000000001e-02  9.1772500000000007e-02  9.0459499999999998e-02  7.9288250000000005e-02  7.0565875000000000e-02  6.0086800000000003e-02  4.2283849999999998e-02  2.0723100000000001e-02  4.0366474999999997e-03 -3.2139625000000001e-03 -2.9055800000000001e-03 -5.0663900000000003e-04 -4.1906074999999998e-06 -2.1088274999999999e-03 -4.5735999999999997e-03 -4.7584200000000002e-03 -1.9860650000000000e-03  1.5044024999999999e-03  1.9610324999999999e-03 -2.8528199999999998e-03 -1.1332874999999999e-02 -1.9052449999999999e-02 -2.3179374999999999e-02 -2.6466074999999999e-02 -3.6258499999999999e-02 -5.7576900000000000e-02 -8.5412000000000002e-02 -1.0433125000000000e-01 -9.9454749999999995e-02 -7.1373000000000006e-02
  -1.0000000000000000e-03 -1.7011775000000001e-01 -1.5901699999999999e-01 -1.5197800000000000e-01 -1.4819299999999999e-01 -1.3618074999999999e-01 -1.0880950000000000e-01 -7.1268399999999996e-02 -3.6424249999999998e-02 -1.4828200000000000e-02 -7.8913999999999998e-03 -8.8238250000000004e-03 -9.3876500000000009e-03 -6.0987875000000002e-03 -1.1387125000000000e-03  1.2168599999999999e-03 -1.3391049999999999e-03 -7.2624925000000003e-03 -1.2083500000000000e-02 -1.1366025000000000e-02 -3.4175849999999999e-03  9.3511500000000008e-03  2.2574875000000001e-02  3.5413775000000002e-02  5.5383700000000001e-02  9.3921500000000005e-02  1.5050975000000000e-01  1.9982775000000000e-01  2.0632175000000000e-01  1.5882974999999999e-01  8.1181249999999996e-02  1.2321100000000001e-06 -8.1178749999999994e-02 -1.5882700000000000e-01 -2.0631875000000000e-01 -1.9981050000000000e-01 -1.5050649999999999e-01 -9.3916749999999993e-02 -5.5384000000000003e-02 -3.5410974999999997e-02 -2.2574924999999999e-02 -9.3543749999999998e-03  3.4137550000000001e-03  1.1343825000000000e-02  1.2101150000000000e-02  7.2530349999999997e-03  1.3405875000000000e-03 -1.2182325000000000e-03  1.1366650000000000e-03  6.0983649999999997e-03  9.3828999999999996e-03  8.8242249999999998e-03  7.8917399999999995e-03  1.4824749999999999e-02  3.6427075000000003e-02  7.1265074999999997e-02  1.0880950000000000e-01  1.3617425000000000e-01  1.4819125000000000e-01  1.5197649999999999e-01  1.5904425000000000e-01  1.7013650000000000e-01
  -1.5000000000000000e-03 -5.8487975000000003e-01 -6.0262274999999998e-01 -5.8983450000000004e-01 -5.4393599999999998e-01 -4.6022774999999999e-01 -3.4719224999999998e-01 -2.2811699999999999e-01 -1.2917650000000000e-01 -6.5816725000000006e-02 -3.6311375000000000e-02 -2.6305825000000001e-02 -2.0679574999999999e-02 -1.2903425000000000e-02 -5.4844400000000001e-03 -3.9409275000000001e-03 -1.0869050000000000e-02 -2.3294024999999999e-02 -3.3749300000000003e-02 -3.3822749999999999e-02 -1.7922449999999999e-02  1.4405350000000001e-02  6.0179350000000000e-02  1.2003075000000001e-01  2.0650425000000000e-01  3.3815824999999999e-01  5.1081750000000004e-01  6.6632300000000000e-01  7.1119675000000004e-01  5.8913024999999997e-01  3.2734700000000000e-01  1.8082625000000000e-06 -3.2734425000000000e-01 -5.8912624999999996e-01 -7.1119399999999999e-01 -6.6631574999999998e-01 -5.1081474999999998e-01 -3.3815650000000003e-01 -2.0646624999999999e-01 -1.2003475000000000e-01 -6.0176050000000002e-02 -1.4405950000000001e-02  1.7934825000000001e-02  3.3841375000000000e-02  3.3761050000000001e-02  2.3291349999999999e-02  1.0861950000000000e-02  3.9399424999999998e-03  5.4862525000000002e-03  1.2903825000000001e-02  2.0665075000000001e-02  2.6294550000000000e-02  3.6306974999999998e-02  6.5816650000000004e-02  1.2917400000000001e-01  2.2812425000000000e-01  3.4718599999999999e-01  4.6024500000000002e-01  5.4393225000000001e-01  5.8984225000000001e-01  6.0262249999999995e-01  5.8489475000000002e-01
  -2.0000000000000000e-03 -1.1927500000000000e+00 -1.2517374999999999e+00 -1.2258700000000000e+00 -1.1112949999999999e+00 -9.1550750000000003e-01 -6.7274400000000001e-01 -4.3406824999999999e-01 -2.4458774999999999e-01 -1.2542575000000000e-01 -6.8524425000000000e-02 -4.6823249999999997e-02 -3.4370125000000001e-02 -2.0710124999999999e-02 -9.7327750000000008e-03 -9.5119499999999999e-03 -2.3358899999999998e-02 -4.6471575000000001e-02 -6.7130750000000003e-02 -7.1037249999999996e-02 -4.6701174999999998e-02  1.0590749999999999e-02  9.9129499999999995e-02  2.1996599999999999e-01  3.9289125000000003e-01  6.5205199999999996e-01  9.9575749999999996e-01  1.3209850000000001e+00  1.4402375000000001e+00  1.2179199999999999e+00  6.8775050000000004e-01  2.3422575000000000e-06 -6.8774575000000004e-01 -1.2179475000000000e+00 -1.4402299999999999e+00 -1.3209824999999999e+00 -9.9574499999999999e-01 -6.5205725000000003e-01 -3.9287274999999999e-01 -2.2001825000000000e-01 -9.9132250000000005e-02 -1.0571025000000000e-02  4.6716374999999997e-02  7.1029875000000006e-02  6.7136749999999995e-02  4.6482475000000002e-02  2.3359499999999998e-02  9.5035750000000002e-03  9.7420249999999996e-03  2.0708524999999998e-02  3.4371150000000003e-02  4.6823125000000000e-02  6.8524950000000001e-02  1.2542025000000001e-01  2.4459675000000000e-01  4.3406824999999999e-01  6.7274425000000004e-01  9.1551000000000005e-01  1.1113000000000000e+00  1.2258925000000001e+00  1.2517374999999999e+00  1.1927375000000000e+00
  -2.5000000000000001e-03 -2.0247449999999998e+00 -2.1375825000000002e+00 -2.0845125000000002e+00 -1.8628899999999999e+00 -1.5014400000000001e+00 -1.0745250000000000e+00 -6.7328549999999998e-01 -3.6672800000000000e-01 -1.8126750000000000e-01 -9.7191250000000007e-02 -6.7054100000000005e-02 -4.8900100000000002e-02 -2.7961099999999999e-02 -1.1971950000000000e-02 -1.3582149999999999e-02 -3.7653424999999997e-02 -7.7266550000000003e-02 -1.1500299999999999e-01 -1.2867875000000001e-01 -9.8297750000000003e-02 -1.3013175000000000e-02  1.2613925000000001e-01  3.1725300000000001e-01  5.8806000000000003e-01  1.0023000000000000e+00  1.5791550000000001e+00  2.1615025000000001e+00  2.4152624999999999e+00  2.0730400000000002e+00  1.1772475000000000e+00  2.8286774999999998e-06 -1.1772400000000001e+00 -2.0730350000000000e+00 -2.4152475000000000e+00 -2.1614849999999999e+00 -1.5791299999999999e+00 -1.0023025000000001e+00 -5.8807125000000005e-01 -3.1727499999999997e-01 -1.2616300000000000e-01  1.3012124999999999e-02  9.8309999999999995e-02  1.2866300000000000e-01  1.1501024999999999e-01  7.7249424999999997e-02  3.7665499999999998e-02  1.3599150000000001e-02  1.1969900000000000e-02  2.7947425000000001e-02  4.8892150000000002e-02  6.7066700000000007e-02  9.7188499999999997e-02  1.8126800000000001e-01  3.6671775000000001e-01  6.7326474999999997e-01  1.0745125000000000e+00  1.5014449999999999e+00  1.8628875000000000e+00  2.0845075000000000e+00  2.1375575000000002e+00  2.0247400000000000e+00
  -3.0000000000000001e-03 -3.1271049999999998e+00 -3.3052150000000000e+00 -3.1988675000000000e+00 -2.8135675000000000e+00 -2.2134450000000001e+00 -1.5343074999999999e+00 -9.2189250000000000e-01 -4.7296650000000001e-01 -2.1656425000000001e-01 -1.1327550000000000e-01 -8.3778249999999999e-02 -6.2998275000000006e-02 -3.2811949999999999e-02 -9.5954500000000002e-03 -1.3487000000000001e-02 -5.1900624999999999e-02 -1.1573050000000000e-01 -1.8066900000000000e-01 -2.1402974999999999e-01 -1.8407599999999999e-01 -7.0528875000000005e-02  1.2501899999999999e-01  3.8984849999999999e-01  7.5624550000000001e-01  1.3388549999999999e+00  2.2162299999999999e+00  3.1789000000000001e+00  3.6666224999999999e+00  3.1883374999999998e+00  1.8098075000000000e+00  3.2938024999999999e-06 -1.8098000000000001e+00 -3.1883325000000000e+00 -3.6666375000000002e+00 -3.1788775000000000e+00 -2.2161450000000000e+00 -1.3388975000000001e+00 -7.5624049999999998e-01 -3.8984849999999999e-01 -1.2507674999999999e-01  7.0559625000000001e-02  1.8410399999999999e-01  2.1406900000000001e-01  1.8066475000000001e-01  1.1569450000000001e-01  5.1938724999999998e-02  1.3455425000000000e-02  9.6392249999999995e-03  3.2817800000000001e-02  6.2977875000000003e-02  8.3794499999999994e-02  1.1328025000000000e-01  2.1656125000000001e-01  4.7296575000000002e-01  9.2194750000000003e-01  1.5343150000000001e+00  2.2134524999999998e+00  2.8135750000000002e+00  3.1988850000000002e+00  3.3052375000000001e+00  3.1271100000000001e+00
  -3.5000000000000001e-03 -4.5689050000000000e+00 -4.8184874999999998e+00 -4.6115525000000002e+00 -3.9781925000000000e+00 -3.0389075000000001e+00 -2.0224950000000002e+00 -1.1458600000000001e+00 -5.3240224999999997e-01 -2.0958425000000000e-01 -1.0656675000000000e-01 -9.4919749999999997e-02 -7.6262474999999996e-02 -3.3175400000000001e-02  9.1373750000000003e-04 -5.3484450000000003e-03 -6.3104124999999997e-02 -1.6114600000000001e-01 -2.6736300000000002e-01 -3.3593824999999999e-01 -3.1855074999999999e-01 -1.8004049999999999e-01  7.7689474999999994e-02  4.1437675000000002e-01  8.5290750000000004e-01  1.5881825000000001e+00  2.8319999999999999e+00  4.3503575000000003e+00  5.2335574999999999e+00  4.6051074999999999e+00  2.5908424999999999e+00  3.8167649999999997e-06 -2.5908350000000002e+00 -4.6050899999999997e+00 -5.2335725000000002e+00 -4.3503800000000004e+00 -2.8319725000000000e+00 -1.5881600000000000e+00 -8.5289250000000005e-01 -4.1432724999999998e-01 -7.7708200000000005e-02  1.8004899999999999e-01  3.1855650000000002e-01  3.3594425000000000e-01  2.6738000000000001e-01  1.6116575000000000e-01  6.3116574999999994e-02  5.3122925000000003e-03 -9.4674250000000004e-04  3.3294974999999997e-02  7.6256900000000002e-02  9.4947249999999997e-02  1.0656275000000000e-01  2.0955850000000001e-01  5.3243074999999995e-01  1.1458474999999999e+00  2.0225399999999998e+00  3.0389075000000001e+00  3.9781525000000002e+00  4.6115399999999998e+00  4.8185000000000002e+00  4.5689074999999999e+00
  -4.0000000000000001e-03 -6.4551550000000004e+00 -6.7667824999999997e+00 -6.3735749999999998e+00 -5.3668600000000000e+00 -3.9504025000000000e+00 -2.4927324999999998e+00 -1.2973975000000000e+00 -5.0397625000000001e-01 -1.3296925000000001e-01 -6.7157850000000005e-02 -1.0152650000000001e-01 -9.0547249999999996e-02 -2.6898675000000000e-02  2.4135975000000000e-02  1.5995275000000000e-02 -6.6635550000000002e-02 -2.1137950000000000e-01 -3.7778525000000002e-01 -5.0456075000000000e-01 -5.2024800000000004e-01 -3.6450100000000002e-01 -3.5201875000000001e-02  3.7031500000000001e-01  8.2733999999999996e-01  1.6457174999999999e+00  3.3024149999999999e+00  5.6282850000000000e+00  7.1711574999999996e+00  6.3648875000000000e+00  3.4921750000000000e+00  4.5909024999999997e-06 -3.4921700000000002e+00 -6.3648825000000002e+00 -7.1711524999999998e+00 -5.6283149999999997e+00 -3.3024499999999999e+00 -1.6456500000000001e+00 -8.2740250000000004e-01 -3.7028824999999999e-01  3.5265400000000002e-02  3.6447825000000000e-01  5.2018350000000002e-01  5.0455700000000003e-01  3.7774174999999999e-01  2.1133350000000001e-01  6.6663525000000001e-02 -1.5962875000000001e-02 -2.4173050000000001e-02  2.6944949999999999e-02  9.0500750000000005e-02  1.0161125000000000e-01  6.7113524999999993e-02  1.3294624999999999e-01  5.0395299999999998e-01  1.2973475000000001e+00  2.4926900000000001e+00  3.9504575000000002e+00  5.3668300000000002e+00  6.3736125000000001e+00  6.7667624999999996e+00  6.4551425000000000e+00
  -4.4999999999999997e-03 -8.9528250000000007e+00 -9.2746499999999994e+00 -8.5391250000000003e+00 -6.9769800000000002e+00 -4.8946600000000000e+00 -2.8738925000000002e+00 -1.3126300000000000e+00 -3.3414149999999998e-01  4.7029500000000002e-02  1.3203750000000000e-02 -1.1083775000000000e-01 -1.1068749999999999e-01 -1.0440525000000001e-02  6.6297024999999996e-02  5.7293074999999999e-02 -5.5910675000000000e-02 -2.6172125000000002e-01 -5.1263824999999996e-01 -7.3075299999999999e-01 -8.1239749999999999e-01 -6.5493774999999999e-01 -2.3321449999999999e-01  2.4914425000000001e-01  6.3073900000000005e-01  1.3668125000000000e+00  3.4215749999999998e+00  6.9208375000000002e+00  9.5673750000000002e+00  8.5020749999999996e+00  4.3952375000000004e+00  7.1331575000000002e-06 -4.3952724999999999e+00 -8.5020749999999996e+00 -9.5672999999999995e+00 -6.9207925000000001e+00 -3.4214924999999998e+00 -1.3668050000000000e+00 -6.3079350000000001e-01 -2.4925149999999999e-01  2.3315274999999999e-01  6.5498224999999999e-01  8.1251499999999999e-01  7.3081324999999997e-01  5.1260574999999997e-01  2.6169350000000002e-01  5.5876725000000002e-02 -5.7322575000000001e-02 -6.6257800000000006e-02  1.0425324999999999e-02  1.1061425000000000e-01  1.1087675000000000e-01 -1.3160824999999999e-02 -4.7010024999999997e-02  3.3409224999999998e-01  1.3126899999999999e+00  2.8738000000000001e+00  4.8947300000000000e+00  6.9770000000000003e+00  8.5390999999999995e+00  9.2746750000000002e+00  8.9528499999999998e+00
  -5.0000000000000001e-03 -1.2344950000000001e+01 -1.2514025000000000e+01 -1.1146900000000000e+01 -8.7795749999999995e+00 -5.7755025000000000e+00 -3.0603674999999999e+00 -1.1107674999999999e+00  4.5972875000000003e-02  3.7188700000000002e-01  1.3726625000000001e-01 -1.4152850000000000e-01 -1.4631025000000000e-01  2.2656200000000001e-02  1.3493500000000000e-01  1.2696774999999999e-01 -2.1508025000000000e-02 -3.0423299999999998e-01 -6.6849800000000004e-01 -1.0260425000000000e+00 -1.2253825000000000e+00 -1.0972550000000001e+00 -5.3696624999999998e-01  6.8524550000000004e-02  2.3342874999999999e-01  5.6286950000000002e-01  2.8466049999999998e+00  8.0536499999999993e+00  1.2587450000000000e+01  1.1028525000000000e+01  4.9475175000000000e+00  9.3307750000000005e-06 -4.9475075000000004e+00 -1.1028525000000000e+01 -1.2587600000000000e+01 -8.0535499999999995e+00 -2.8464925000000001e+00 -5.6290750000000001e-01 -2.3347175000000001e-01 -6.8491424999999995e-02  5.3691325000000001e-01  1.0972925000000000e+00  1.2252250000000000e+00  1.0259425000000000e+00  6.6849650000000005e-01  3.0426825000000002e-01  2.1550000000000000e-02 -1.2703025000000001e-01 -1.3492999999999999e-01 -2.2595324999999999e-02  1.4625674999999999e-01  1.4157575000000000e-01 -1.3728525000000000e-01 -3.7189749999999999e-01 -4.6049000000000000e-02  1.1107800000000001e+00  3.0603775000000000e+00  5.7755675000000002e+00  8.7795749999999995e+00  1.1146875000000000e+01  1.2513999999999999e+01  1.2344925000000000e+01
# Vertical Kick [micro-rad]
START
                          -2.9999999999999999e-02 -2.9000000000000001e-02 -2.8000000000000001e-02 -2.7000000000000000e-02 -2.5999999999999999e-02 -2.5000000000000001e-02 -2.4000000000000000e-02 -2.3000000000000000e-02 -2.1999999999999999e-02 -2.1000000000000001e-02 -2.0000000000000000e-02 -1.9000000000000000e-02 -1.7999999999999999e-02 -1.7000000000000001e-02 -1.6000000000000000e-02 -1.4999999999999999e-02 -1.4000000000000000e-02 -1.2999999999999999e-02 -1.2000000000000000e-02 -1.0999999999999999e-02 -1.0000000000000000e-02 -8.9999999999999993e-03 -8.0000000000000002e-03 -7.0000000000000001e-03 -6.0000000000000001e-03 -5.0000000000000001e-03 -4.0000000000000001e-03 -3.0000000000000001e-03 -2.0000000000000000e-03 -1.0000000000000000e-03  0.0000000000000000e+00  1.0000000000000000e-03  2.0000000000000000e-03  3.0000000000000001e-03  4.0000000000000001e-03  5.0000000000000001e-03  6.0000000000000001e-03  7.0000000000000001e-03  8.0000000000000002e-03  8.9999999999999993e-03  1.0000000000000000e-02  1.0999999999999999e-02  1.2000000000000000e-02  1.2999999999999999e-02  1.4000000000000000e-02  1.4999999999999999e-02  1.6000000000000000e-02  1.7000000000000001e-02  1.7999999999999999e-02  1.9000000000000000e-02  2.0000000000000000e-02  2.1000000000000001e-02  2.1999999999999999e-02  2.3000000000000000e-02  2.4000000000000000e-02  2.5000000000000001e-02  2.5999999999999999e-02  2.7000000000000000e-02  2.8000000000000001e-02  2.9000000000000001e-02  2.9999999999999999e-02
   5.0000000000000001e-03 -2.1424050000000001e+01 -2.9287025000000000e+01 -3.5798949999999998e+01 -4.0538400000000003e+01 -4.3198875000000001e+01 -4.3962674999999997e+01 -4.3621899999999997e+01 -4.2728600000000000e+01 -4.1756275000000002e+01 -4.1190824999999997e+01 -4.1127425000000002e+01 -4.1258400000000002e+01 -4.1259524999999996e+01 -4.1119149999999998e+01 -4.0943199999999997e+01 -4.0796824999999998e+01 -4.0775100000000002e+01 -4.0963925000000003e+01 -4.1457200000000000e+01 -4.2283050000000003e+01 -4.3336050000000000e+01 -4.4278675000000000e+01 -4.4789375000000000e+01 -4.5385624999999997e+01 -4.7018850000000000e+01 -4.9499124999999999e+01 -4.9959975000000000e+01 -4.5314875000000001e+01 -3.8526449999999997e+01 -3.5841574999999999e+01 -3.6153775000000003e+01 -3.5841574999999999e+01 -3.8526425000000003e+01 -4.5314799999999998e+01 -4.9959924999999998e+01 -4.9499299999999998e+01 -4.7018999999999998e+01 -4.5385624999999997e+01 -4.4789400000000001e+01 -4.4278624999999998e+01 -4.3336125000000003e+01 -4.2283099999999997e+01 -4.1457225000000001e+01 -4.0963925000000003e+01 -4.0775199999999998e+01 -4.0796849999999999e+01 -4.0943224999999998e+01 -4.1119100000000003e+01 -4.1259549999999997e+01 -4.1258400000000002e+01 -4.1127350000000000e+01 -4.1190874999999998e+01 -4.1756374999999998e+01 -4.2728549999999998e+01 -4.3621924999999997e+01 -4.3962649999999996e+01 -4.3198925000000003e+01 -4.0538375000000002e+01 -3.5799100000000003e+01 -2.9287050000000001e+01 -2.1424025000000000e+01
   4.4999999999999997e-03 -1.7759250000000002e+01 -2.3592800000000000e+01 -2.8857250000000001e+01 -3.2984575000000000e+01 -3.5626125000000002e+01 -3.6820349999999998e+01 -3.7009574999999998e+01 -3.6635449999999999e+01 -3.6097074999999997e+01 -3.5741525000000003e+01 -3.5669550000000001e+01 -3.5728250000000003e+01 -3.5732399999999998e+01 -3.5649500000000003e+01 -3.5536774999999999e+01 -3.5455775000000003e+01 -3.5477725000000000e+01 -3.5667724999999997e+01 -3.6073300000000003e+01 -3.6687075000000000e+01 -3.7410350000000001e+01 -3.8030900000000003e+01 -3.8409624999999998e+01 -3.8820599999999999e+01 -3.9649600000000000e+01 -4.0471924999999999e+01 -3.9526249999999997e+01 -3.5437024999999998e+01 -3.0096225000000000e+01 -2.6959875000000000e+01 -2.6296624999999999e+01 -2.6959849999999999e+01 -3.0096250000000001e+01 -3.5436999999999998e+01 -3.9526274999999998e+01 -4.0471950000000000e+01 -3.9649799999999999e+01 -3.8820599999999999e+01 -3.8409700000000001e+01 -3.8030825000000000e+01 -3.7410325000000000e+01 -3.6687125000000002e+01 -3.6073349999999998e+01 -3.5667749999999998e+01 -3.5477725000000000e+01 -3.5455849999999998e+01 -3.5536774999999999e+01 -3.5649524999999997e+01 -3.5732399999999998e+01 -3.5728324999999998e+01 -3.5669625000000003e+01 -3.5741525000000003e+01 -3.6097124999999998e+01 -3.6635350000000003e+01 -3.7009524999999996e+01 -3.6820349999999998e+01 -3.5626125000000002e+01 -3.2984600000000000e+01 -2.8857299999999999e+01 -2.3592900000000000e+01 -1.7759274999999999e+01
   4.0000000000000001e-03 -1.4739625000000000e+01 -1.9164400000000001e+01 -2.3363375000000001e+01 -2.6847500000000000e+01 -2.9290875000000000e+01 -3.0646674999999998e+01 -3.1154125000000001e+01 -3.1133600000000001e+01 -3.0899400000000000e+01 -3.0710175000000000e+01 -3.0664024999999999e+01 -3.0695675000000001e+01 -3.0703025000000000e+01 -3.0657624999999999e+01 -3.0591950000000001e+01 -3.0555000000000000e+01 -3.0600100000000001e+01 -3.0772124999999999e+01 -3.1092075000000001e+01 -3.1537075000000002e+01 -3.2023499999999999e+01 -3.2415225000000000e+01 -3.2638275000000000e+01 -3.2811750000000004e+01 -3.3031325000000002e+01 -3.2873100000000001e+01 -3.1293475000000001e+01 -2.7728224999999998e+01 -2.3440774999999999e+01 -2.0523174999999998e+01 -1.9632525000000001e+01 -2.0523174999999998e+01 -2.3440825000000000e+01 -2.7728224999999998e+01 -3.1293350000000000e+01 -3.2873175000000003e+01 -3.3031374999999997e+01 -3.2811725000000003e+01 -3.2638275000000000e+01 -3.2415225000000000e+01 -3.2023499999999999e+01 -3.1537175000000001e+01 -3.1092050000000000e+01 -3.0772124999999999e+01 -3.0600175000000000e+01 -3.0555025000000001e+01 -3.0591999999999999e+01 -3.0657650000000000e+01 -3.0703125000000000e+01 -3.0695675000000001e+01 -3.0664050000000000e+01 -3.0710175000000000e+01 -3.0899500000000000e+01 -3.1133575000000000e+01 -3.1154074999999999e+01 -3.0646650000000001e+01 -2.9290849999999999e+01 -2.6847525000000001e+01 -2.3363424999999999e+01 -1.9164425000000001e+01 -1.4739625000000000e+01
   3.5000000000000001e-03 -1.2173600000000000e+01 -1.5569050000000001e+01 -1.8892575000000001e+01 -2.1769850000000002e+01 -2.3926424999999998e+01 -2.5277674999999999e+01 -2.5943750000000001e+01 -2.6143400000000000e+01 -2.6112774999999999e+01 -2.6046849999999999e+01 -2.6035799999999998e+01 -2.6062400000000000e+01 -2.6074674999999999e+01 -2.6054175000000001e+01 -2.6021300000000000e+01 -2.6012450000000001e+01 -2.6066500000000001e+01 -2.6212375000000002e+01 -2.6456275000000002e+01 -2.6770125000000000e+01 -2.7085775000000002e+01 -2.7310424999999999e+01 -2.7390899999999998e+01 -2.7353950000000001e+01 -2.7164400000000001e+01 -2.6477575000000002e+01 -2.4696050000000000e+01 -2.1642675000000001e+01 -1.8197975000000000e+01 -1.5716275000000000e+01 -1.4870525000000001e+01 -1.5716275000000000e+01 -1.8197975000000000e+01 -2.1642650000000000e+01 -2.4696024999999999e+01 -2.6477599999999999e+01 -2.7164474999999999e+01 -2.7353999999999999e+01 -2.7390924999999999e+01 -2.7310475000000000e+01 -2.7085750000000001e+01 -2.6770150000000001e+01 -2.6456299999999999e+01 -2.6212425000000000e+01 -2.6066549999999999e+01 -2.6012499999999999e+01 -2.6021300000000000e+01 -2.6054200000000002e+01 -2.6074649999999998e+01 -2.6062425000000001e+01 -2.6035850000000000e+01 -2.6046875000000000e+01 -2.6112749999999998e+01 -2.6143400000000000e+01 -2.5943725000000001e+01 -2.5277650000000001e+01 -2.3926400000000001e+01 -2.1769874999999999e+01 -1.8892600000000002e+01 -1.5569100000000001e+01 -1.2173650000000000e+01
   3.0000000000000001e-03 -9.9404000000000003e+00 -1.2552000000000000e+01 -1.5159300000000000e+01 -1.7488949999999999e+01 -1.9323499999999999e+01 -2.0569849999999999e+01 -2.1280000000000001e+01 -2.1596750000000000e+01 -2.1690874999999998e+01 -2.1708800000000000e+01 -2.1728999999999999e+01 -2.1758925000000001e+01 -2.1776299999999999e+01 -2.1772224999999999e+01 -2.1760725000000001e+01 -2.1768325000000001e+01 -2.1822250000000000e+01 -2.1940100000000001e+01 -2.2120100000000001e+01 -2.2334250000000001e+01 -2.2527875000000002e+01 -2.2633400000000002e+01 -2.2603124999999999e+01 -2.2415849999999999e+01 -2.1989525000000000e+01 -2.1071249999999999e+01 -1.9333324999999999e+01 -1.6777450000000002e+01 -1.4036600000000000e+01 -1.2025550000000001e+01 -1.1310675000000000e+01 -1.2025525000000000e+01 -1.4036600000000000e+01 -1.6777400000000000e+01 -1.9333349999999999e+01 -2.1071300000000001e+01 -2.1989574999999999e+01 -2.2415875000000000e+01 -2.2603200000000001e+01 -2.2633424999999999e+01 -2.2527925000000000e+01 -2.2334275000000002e+01 -2.2120125000000002e+01 -2.1940124999999998e+01 -2.1822250000000000e+01 -2.1768325000000001e+01 -2.1760750000000002e+01 -2.1772224999999999e+01 -2.1776350000000001e+01 -2.1758949999999999e+01 -2.1729025000000000e+01 -2.1708800000000000e+01 -2.1690874999999998e+01 -2.1596800000000002e+01 -2.1280049999999999e+01 -2.0569825000000002e+01 -1.9323499999999999e+01 -1.7488975000000000e+01 -1.5159350000000000e+01 -1.2552025000000000e+01 -9.9403749999999995e+00
   2.5000000000000001e-03 -7.9569999999999999e+00 -9.9495000000000005e+00 -1.1964549999999999e+01 -1.3807550000000001e+01 -1.5313350000000000e+01 -1.6396225000000001e+01 -1.7071325000000002e+01 -1.7427975000000000e+01 -1.7585825000000000e+01 -1.7652975000000001e+01 -1.7694550000000000e+01 -1.7728649999999998e+01 -1.7749675000000000e+01 -1.7755524999999999e+01 -1.7756824999999999e+01 -1.7772400000000001e+01 -1.7820799999999998e+01 -1.7912125000000000e+01 -1.8040575000000000e+01 -1.8181025000000002e+01 -1.8290050000000001e+01 -1.8315925000000000e+01 -1.8214250000000000e+01 -1.7943974999999998e+01 -1.7417300000000001e+01 -1.6460725000000000e+01 -1.4905675000000000e+01 -1.2827299999999999e+01 -1.0686325000000000e+01 -9.1131750000000000e+00 -8.5448500000000003e+00 -9.1131750000000000e+00 -1.0686325000000000e+01 -1.2827299999999999e+01 -1.4905700000000000e+01 -1.6460725000000000e+01 -1.7417325000000002e+01 -1.7943974999999998e+01 -1.8214300000000001e+01 -1.8315925000000000e+01 -1.8290050000000001e+01 -1.8181049999999999e+01 -1.8040600000000001e+01 -1.7912125000000000e+01 -1.7820824999999999e+01 -1.7772400000000001e+01 -1.7756824999999999e+01 -1.7755524999999999e+01 -1.7749700000000001e+01 -1.7728649999999998e+01 -1.7694575000000000e+01 -1.7652999999999999e+01 -1.7585850000000001e+01 -1.7427975000000000e+01 -1.7071349999999999e+01 -1.6396249999999998e+01 -1.5313375000000001e+01 -1.3807550000000001e+01 -1.1964549999999999e+01 -9.9495000000000005e+00 -7.9570249999999998e+00
   2.0000000000000000e-03 -6.1621300000000003e+00 -7.6480699999999997e+00 -9.1637000000000004e+00 -1.0573824999999999e+01 -1.1757800000000000e+01 -1.2644600000000001e+01 -1.3231400000000001e+01 -1.3571899999999999e+01 -1.3747150000000000e+01 -1.3834725000000001e+01 -1.3885850000000000e+01 -1.3921075000000000e+01 -1.3943125000000000e+01 -1.3953825000000000e+01 -1.3961499999999999e+01 -1.3979274999999999e+01 -1.4019349999999999e+01 -1.4086925000000001e+01 -1.4175174999999999e+01 -1.4262900000000000e+01 -1.4316525000000000e+01 -1.4295999999999999e+01 -1.4162100000000001e+01 -1.3870250000000000e+01 -1.3345525000000000e+01 -1.2475099999999999e+01 -1.1180125000000000e+01 -9.5558499999999995e+00 -7.9341999999999997e+00 -6.7489650000000001e+00 -6.3185650000000004e+00 -6.7489675000000000e+00 -7.9341999999999997e+00 -9.5557499999999997e+00 -1.1180125000000000e+01 -1.2475125000000000e+01 -1.3345525000000000e+01 -1.3870274999999999e+01 -1.4162175000000000e+01 -1.4295999999999999e+01 -1.4316575000000000e+01 -1.4262950000000000e+01 -1.4175174999999999e+01 -1.4086925000000001e+01 -1.4019375000000000e+01 -1.3979274999999999e+01 -1.3961499999999999e+01 -1.3953849999999999e+01 -1.3943149999999999e+01 -1.3921099999999999e+01 -1.3885875000000000e+01 -1.3834725000000001e+01 -1.3747199999999999e+01 -1.3571925000000000e+01 -1.3231425000000000e+01 -1.2644575000000000e+01 -1.1757800000000000e+01 -1.0573850000000000e+01 -9.1637249999999995e+00 -7.6481075000000001e+00 -6.1621325000000002e+00
   1.5000000000000000e-03 -4.5072650000000003e+00 -5.5636774999999998e+00 -6.6472949999999997e+00 -7.6677650000000002e+00 -8.5415500000000009e+00 -9.2150250000000007e+00 -9.6789749999999994e+00 -9.9640500000000003e+00 -1.0122650000000000e+01 -1.0207800000000001e+01 -1.0257225000000000e+01 -1.0289075000000000e+01 -1.0309125000000000e+01 -1.0320675000000000e+01 -1.0330075000000001e+01 -1.0346150000000000e+01 -1.0376575000000001e+01 -1.0423700000000000e+01 -1.0481199999999999e+01 -1.0532800000000000e+01 -1.0553575000000000e+01 -1.0513850000000000e+01 -1.0381824999999999e+01 -1.0119100000000000e+01 -9.6694999999999993e+00 -8.9638000000000009e+00 -7.9707499999999998e+00 -6.7767650000000001e+00 -5.6125999999999996e+00 -4.7676524999999996e+00 -4.4605550000000003e+00 -4.7676550000000004e+00 -5.6126050000000003e+00 -6.7768150000000000e+00 -7.9707499999999998e+00 -8.9638249999999999e+00 -9.6695250000000001e+00 -1.0119100000000000e+01 -1.0381824999999999e+01 -1.0513875000000001e+01 -1.0553599999999999e+01 -1.0532825000000001e+01 -1.0481199999999999e+01 -1.0423724999999999e+01 -1.0376600000000000e+01 -1.0346175000000001e+01 -1.0330100000000000e+01 -1.0320700000000000e+01 -1.0309150000000001e+01 -1.0289099999999999e+01 -1.0257225000000000e+01 -1.0207825000000000e+01 -1.0122674999999999e+01 -9.9640500000000003e+00 -9.6790000000000003e+00 -9.2150499999999997e+00 -8.5415749999999999e+00 -7.6677825000000004e+00 -6.6473050000000002e+00 -5.5637100000000004e+00 -4.5072799999999997e+00
   1.0000000000000000e-03 -2.9518149999999999e+00 -3.6301074999999998e+00 -4.3282875000000001e+00 -4.9911574999999999e+00 -5.5662900000000004e+00 -6.0180974999999997e+00 -6.3375750000000002e+00 -6.5408499999999998e+00 -6.6590150000000001e+00 -6.7249650000000001e+00 -6.7633650000000003e+00 -6.7874699999999999e+00 -6.8026475000000000e+00 -6.8120525000000001e+00 -6.8199850000000000e+00 -6.8318849999999998e+00 -6.8522125000000003e+00 -6.8818200000000003e+00 -6.9159575000000002e+00 -6.9436150000000003e+00 -6.9482499999999998e+00 -6.9100849999999996e+00 -6.8067799999999998e+00 -6.6109875000000002e+00 -6.2860849999999999e+00 -5.7931600000000003e+00 -5.1232650000000000e+00 -4.3395074999999999e+00 -3.5878800000000002e+00 -3.0454650000000001e+00 -2.8485700000000000e+00 -3.0455874999999999e+00 -3.5878850000000000e+00 -4.3394874999999997e+00 -5.1232625000000001e+00 -5.7931774999999996e+00 -6.2861025000000001e+00 -6.6110049999999996e+00 -6.8067950000000002e+00 -6.9101125000000003e+00 -6.9482699999999999e+00 -6.9436324999999997e+00 -6.9159800000000002e+00 -6.8818475000000001e+00 -6.8522224999999999e+00 -6.8318950000000003e+00 -6.8199975000000004e+00 -6.8120700000000003e+00 -6.8026675000000001e+00 -6.7874875000000001e+00 -6.7633824999999996e+00 -6.7249875000000001e+00 -6.6590350000000003e+00 -6.5408675000000001e+00 -6.3375899999999996e+00 -6.0181125000000000e+00 -5.5663024999999999e+00 -4.9911799999999999e+00 -4.3282999999999996e+00 -3.6301199999999998e+00 -2.9518125000000000e+00
   5.0000000000000001e-04 -1.4602675000000001e+00 -1.7919149999999999e+00 -2.1339500000000000e+00 -2.4602024999999998e+00 -2.7454350000000001e+00 -2.9719899999999999e+00 -3.1345450000000001e+00 -3.2399800000000001e+00 -3.3026825000000000e+00 -3.3383900000000000e+00 -3.3592599999999999e+00 -3.3722200000000000e+00 -3.3803850000000000e+00 -3.3856000000000002e+00 -3.3900524999999999e+00 -3.3963325000000002e+00 -3.4064700000000001e+00 -3.4207100000000001e+00 -3.4365150000000000e+00 -3.4483050000000000e+00 -3.4478949999999999e+00 -3.4252349999999998e+00 -3.3689499999999999e+00 -3.2650074999999998e+00 -3.0953050000000002e+00 -2.8426225000000001e+00 -2.5057825000000000e+00 -2.1177800000000002e+00 -1.7491150000000000e+00 -1.4842275000000000e+00 -1.3882025000000000e+00 -1.4842299999999999e+00 -1.7491200000000000e+00 -2.1177899999999998e+00 -2.5057950000000000e+00 -2.8426374999999999e+00 -3.0953100000000000e+00 -3.2650275000000000e+00 -3.3689675000000001e+00 -3.4252600000000002e+00 -3.4479150000000001e+00 -3.4483225000000002e+00 -3.4365350000000001e+00 -3.4207450000000001e+00 -3.4064925000000001e+00 -3.3963524999999999e+00 -3.3900725000000000e+00 -3.3856174999999999e+00 -3.3804025000000002e+00 -3.3722375000000002e+00 -3.3592800000000000e+00 -3.3384100000000001e+00 -3.3027025000000001e+00 -3.2399974999999999e+00 -3.1345600000000000e+00 -2.9720075000000001e+00 -2.7454524999999999e+00 -2.4602200000000001e+00 -2.1339774999999999e+00 -1.7919300000000000e+00 -1.4602675000000001e+00
   0.0000000000000000e+00  1.9575750000000000e-05  7.6554199999999993e-06  1.1104824999999999e-05  8.0867000000000000e-06  8.0655499999999994e-06 -1.2050824999999999e-07  8.0725749999999995e-06  8.4317999999999995e-06  8.9575250000000003e-06  9.3501500000000006e-06  9.6146499999999995e-06  9.5680750000000007e-06  9.3544249999999998e-06  9.3531000000000003e-06  9.3565749999999994e-06  9.5203749999999995e-06  9.7933250000000000e-06  9.8758499999999996e-06  9.7852749999999992e-06  9.5718500000000005e-06  9.1378000000000008e-06  8.9713000000000000e-06  9.1206750000000006e-06  9.1672749999999994e-06  8.7386999999999999e-06  7.6495075000000007e-06  6.0321299999999998e-06  4.2903725000000002e-06  1.7219099999999999e-05  1.2781525000000000e-06 -1.1868400000000001e-11 -1.2753150000000001e-06 -2.6670475000000000e-06 -4.2567074999999999e-06 -5.9750825000000002e-06 -7.5529649999999996e-06 -8.6012750000000001e-06 -9.2626750000000002e-06 -8.9106500000000008e-06 -8.7711749999999999e-06 -8.8780500000000005e-06 -9.2057750000000008e-06 -9.5575749999999997e-06 -9.6469250000000008e-06 -9.5128750000000000e-06 -9.3170000000000008e-06 -9.1578000000000006e-06 -9.1941000000000006e-06 -9.2359999999999993e-06 -9.4387750000000001e-06 -9.6471249999999996e-06 -9.4895499999999996e-06 -8.9619749999999999e-06 -8.5427750000000006e-06 -8.1950500000000004e-06 -8.0739999999999993e-06 -8.2554500000000007e-06 -8.3290499999999995e-06 -8.2318999999999999e-06  4.5153599999999997e-06 -3.7533550000000002e-06
  -5.0000000000000001e-04  1.4602675000000001e+00  1.7919225000000001e+00  2.1339649999999999e+00  2.4602175000000002e+00  2.7454499999999999e+00  2.9720100000000000e+00  3.1345624999999999e+00  3.2399974999999999e+00  3.3027025000000001e+00  3.3384100000000001e+00  3.3592800000000000e+00  3.3722375000000002e+00  3.3804050000000001e+00  3.3856174999999999e+00  3.3900674999999998e+00  3.3963524999999999e+00  3.4064874999999999e+00  3.4207299999999998e+00  3.4365350000000001e+00  3.4483250000000001e+00  3.4479150000000001e+00  3.4252525000000000e+00  3.3689675000000001e+00  3.2650275000000000e+00  3.0953100000000000e+00  2.8426374999999999e+00  2.5057950000000000e+00  2.1177899999999998e+00  1.7491200000000000e+00  1.4842299999999999e+00  1.3882025000000000e+00  1.4842275000000000e+00  1.7491150000000000e+00  2.1177800000000002e+00  2.5057825000000000e+00  2.8426225000000001e+00  3.0953050000000002e+00  3.2650100000000002e+00  3.3689499999999999e+00  3.4252349999999998e+00  3.4478974999999998e+00  3.4483025000000000e+00  3.4365150000000000e+00  3.4207250000000000e+00  3.4064725000000000e+00  3.3963375000000000e+00  3.3900524999999999e+00  3.3856000000000002e+00  3.3803850000000000e+00  3.3722200000000000e+00  3.3592599999999999e+00  3.3383900000000000e+00  3.3026825000000000e+00  3.2399800000000001e+00  3.1345450000000001e+00  2.9719924999999998e+00  2.7454350000000001e+00  2.4601999999999999e+00  2.1339575000000002e+00  1.7919149999999999e+00  1.4602675000000001e+00
  -1.0000000000000000e-03  2.9518225000000000e+00  3.6301074999999998e+00  4.3283075000000002e+00  4.9911725000000002e+00  5.5662900000000004e+00  6.0181100000000001e+00  6.3375899999999996e+00  6.5408700000000000e+00  6.6590350000000003e+00  6.7249850000000002e+00  6.7633850000000004e+00  6.7874875000000001e+00  6.8026675000000001e+00  6.8120700000000003e+00  6.8200000000000003e+00  6.8319000000000001e+00  6.8522274999999997e+00  6.8818475000000001e+00  6.9159750000000004e+00  6.9436324999999997e+00  6.9482699999999999e+00  6.9100950000000001e+00  6.8068024999999999e+00  6.6110175000000000e+00  6.2861025000000001e+00  5.7931774999999996e+00  5.1232625000000001e+00  4.3395425000000003e+00  3.5878850000000000e+00  3.0455850000000000e+00  2.8485700000000000e+00  3.0454650000000001e+00  3.5878800000000002e+00  4.3395099999999998e+00  5.1232650000000000e+00  5.7931474999999999e+00  6.2860874999999998e+00  6.6109875000000002e+00  6.8067725000000001e+00  6.9100875000000004e+00  6.9482499999999998e+00  6.9436175000000002e+00  6.9159575000000002e+00  6.8818299999999999e+00  6.8522049999999997e+00  6.8318824999999999e+00  6.8199850000000000e+00  6.8120500000000002e+00  6.8026475000000000e+00  6.7874650000000001e+00  6.7633650000000003e+00  6.7249650000000001e+00  6.6590150000000001e+00  6.5408499999999998e+00  6.3375775000000001e+00  6.0180999999999996e+00  5.5662874999999996e+00  4.9911574999999999e+00  4.3282825000000003e+00  3.6301074999999998e+00  2.9518024999999999e+00
  -1.5000000000000000e-03  4.5072824999999996e+00  5.5637100000000004e+00  6.6473125000000000e+00  7.6677749999999998e+00  8.5415749999999999e+00  9.2150499999999997e+00  9.6790000000000003e+00  9.9640500000000003e+00  1.0122674999999999e+01  1.0207825000000000e+01  1.0257225000000000e+01  1.0289099999999999e+01  1.0309150000000001e+01  1.0320700000000000e+01  1.0330100000000000e+01  1.0346150000000000e+01  1.0376600000000000e+01  1.0423724999999999e+01  1.0481225000000000e+01  1.0532825000000001e+01  1.0553599999999999e+01  1.0513875000000001e+01  1.0381824999999999e+01  1.0119199999999999e+01  9.6695499999999992e+00  8.9638249999999999e+00  7.9707499999999998e+00  6.7768150000000000e+00  5.6126050000000003e+00  4.7676550000000004e+00  4.4605550000000003e+00  4.7676524999999996e+00  5.6125999999999996e+00  6.7767499999999998e+00  7.9707499999999998e+00  8.9638000000000009e+00  9.6694999999999993e+00  1.0119075000000000e+01  1.0381824999999999e+01  1.0513875000000001e+01  1.0553599999999999e+01  1.0532800000000000e+01  1.0481199999999999e+01  1.0423700000000000e+01  1.0376575000000001e+01  1.0346150000000000e+01  1.0330075000000001e+01  1.0320675000000000e+01  1.0309125000000000e+01  1.0289075000000000e+01  1.0257225000000000e+01  1.0207800000000001e+01  1.0122650000000000e+01  9.9640249999999995e+00  9.6789749999999994e+00  9.2150250000000007e+00  8.5415500000000009e+00  7.6677650000000002e+00  6.6472850000000001e+00  5.5636900000000002e+00  4.5072675000000002e+00
  -2.0000000000000000e-03  6.1621400000000000e+00  7.6480949999999996e+00  9.1637249999999995e+00  1.0573850000000000e+01  1.1757800000000000e+01  1.2644600000000001e+01  1.3231425000000000e+01  1.3571949999999999e+01  1.3747199999999999e+01  1.3834725000000001e+01  1.3885875000000000e+01  1.3921075000000000e+01  1.3943149999999999e+01  1.3953849999999999e+01  1.3961499999999999e+01  1.3979274999999999e+01  1.4019349999999999e+01  1.4086950000000000e+01  1.4175174999999999e+01  1.4262924999999999e+01  1.4316575000000000e+01  1.4295999999999999e+01  1.4162150000000000e+01  1.3870274999999999e+01  1.3345525000000000e+01  1.2475099999999999e+01  1.1180125000000000e+01  9.5557499999999997e+00  7.9341999999999997e+00  6.7489675000000000e+00  6.3185650000000004e+00  6.7489650000000001e+00  7.9341999999999997e+00  9.5558499999999995e+00  1.1180125000000000e+01  1.2475099999999999e+01  1.3345525000000000e+01  1.3870250000000000e+01  1.4162100000000001e+01  1.4295999999999999e+01  1.4316549999999999e+01  1.4262924999999999e+01  1.4175150000000000e+01  1.4086925000000001e+01  1.4019349999999999e+01  1.3979250000000000e+01  1.3961499999999999e+01  1.3953825000000000e+01  1.3943125000000000e+01  1.3921075000000000e+01  1.3885850000000000e+01  1.3834700000000000e+01  1.3747175000000000e+01  1.3571925000000000e+01  1.3231400000000001e+01  1.2644575000000000e+01  1.1757800000000000e+01  1.0573824999999999e+01  9.1637000000000004e+00  7.6480724999999996e+00  6.1621150000000000e+00
  -2.5000000000000001e-03  7.9570249999999998e+00  9.9495249999999995e+00  1.1964549999999999e+01  1.3807550000000001e+01  1.5313375000000001e+01  1.6396249999999998e+01  1.7071349999999999e+01  1.7428000000000001e+01  1.7585825000000000e+01  1.7652999999999999e+01  1.7694600000000001e+01  1.7728649999999998e+01  1.7749700000000001e+01  1.7755524999999999e+01  1.7756850000000000e+01  1.7772424999999998e+01  1.7820850000000000e+01  1.7912125000000000e+01  1.8040600000000001e+01  1.8181025000000002e+01  1.8290050000000001e+01  1.8315925000000000e+01  1.8214300000000001e+01  1.7943974999999998e+01  1.7417325000000002e+01  1.6460725000000000e+01  1.4905675000000000e+01  1.2827299999999999e+01  1.0686325000000000e+01  9.1131750000000000e+00  8.5448500000000003e+00  9.1131750000000000e+00  1.0686325000000000e+01  1.2827299999999999e+01  1.4905675000000000e+01  1.6460725000000000e+01  1.7417300000000001e+01  1.7943950000000001e+01  1.8214250000000000e+01  1.8315925000000000e+01  1.8290050000000001e+01  1.8181025000000002e+01  1.8040575000000000e+01  1.7912099999999999e+01  1.7820824999999999e+01  1.7772400000000001e+01  1.7756824999999999e+01  1.7755524999999999e+01  1.7749675000000000e+01  1.7728649999999998e+01  1.7694550000000000e+01  1.7652950000000001e+01  1.7585825000000000e+01  1.7427975000000000e+01  1.7071349999999999e+01  1.6396225000000001e+01  1.5313350000000000e+01  1.3807525000000000e+01  1.1964549999999999e+01  9.9495000000000005e+00  7.9569999999999999e+00
  -3.0000000000000001e-03  9.9404000000000003e+00  1.2552025000000000e+01  1.5159325000000001e+01  1.7488975000000000e+01  1.9323499999999999e+01  2.0569875000000000e+01  2.1280024999999998e+01  2.1596800000000002e+01  2.1690874999999998e+01  2.1708800000000000e+01  2.1728999999999999e+01  2.1758949999999999e+01  2.1776350000000001e+01  2.1772275000000000e+01  2.1760750000000002e+01  2.1768300000000000e+01  2.1822275000000001e+01  2.1940149999999999e+01  2.2120125000000002e+01  2.2334299999999999e+01  2.2527925000000000e+01  2.2633450000000000e+01  2.2603200000000001e+01  2.2415875000000000e+01  2.1989550000000001e+01  2.1071300000000001e+01  1.9333449999999999e+01  1.6777400000000000e+01  1.4036600000000000e+01  1.2025525000000000e+01  1.1310675000000000e+01  1.2025550000000001e+01  1.4036600000000000e+01  1.6777450000000002e+01  1.9333324999999999e+01  2.1071300000000001e+01  2.1989525000000000e+01  2.2415875000000000e+01  2.2603124999999999e+01  2.2633400000000002e+01  2.2527875000000002e+01  2.2334299999999999e+01  2.2120100000000001e+01  2.1940075000000000e+01  2.1822225000000000e+01  2.1768325000000001e+01  2.1760725000000001e+01  2.1772224999999999e+01  2.1776299999999999e+01  2.1758925000000001e+01  2.1728999999999999e+01  2.1708800000000000e+01  2.1690874999999998e+01  2.1596724999999999e+01  2.1280000000000001e+01  2.0569800000000001e+01  1.9323499999999999e+01  1.7488949999999999e+01  1.5159325000000001e+01  1.2552049999999999e+01  9.9403749999999995e+00
  -3.5000000000000001e-03  1.2173600000000000e+01  1.5569100000000001e+01  1.8892624999999999e+01  2.1769850000000002e+01  2.3926400000000001e+01  2.5277650000000001e+01  2.5943774999999999e+01  2.6143425000000001e+01  2.6112749999999998e+01  2.6046875000000000e+01  2.6035900000000002e+01  2.6062425000000001e+01  2.6074674999999999e+01  2.6054175000000001e+01  2.6021350000000002e+01  2.6012499999999999e+01  2.6066549999999999e+01  2.6212399999999999e+01  2.6456299999999999e+01  2.6770150000000001e+01  2.7085775000000002e+01  2.7310500000000001e+01  2.7390924999999999e+01  2.7353999999999999e+01  2.7164474999999999e+01  2.6477599999999999e+01  2.4696024999999999e+01  2.1642650000000000e+01  1.8197975000000000e+01  1.5716275000000000e+01  1.4870525000000001e+01  1.5716275000000000e+01  1.8197949999999999e+01  2.1642675000000001e+01  2.4696050000000000e+01  2.6477575000000002e+01  2.7164425000000001e+01  2.7353974999999998e+01  2.7390899999999998e+01  2.7310449999999999e+01  2.7085750000000001e+01  2.6770150000000001e+01  2.6456275000000002e+01  2.6212375000000002e+01  2.6066500000000001e+01  2.6012450000000001e+01  2.6021300000000000e+01  2.6054175000000001e+01  2.6074649999999998e+01  2.6062400000000000e+01  2.6035775000000001e+01  2.6046925000000002e+01  2.6112749999999998e+01  2.6143374999999999e+01  2.5943750000000001e+01  2.5277674999999999e+01  2.3926400000000001e+01  2.1769850000000002e+01  1.8892575000000001e+01  1.5569075000000000e+01  1.2173575000000000e+01
  -4.0000000000000001e-03  1.4739625000000000e+01  1.9164425000000001e+01  2.3363399999999999e+01  2.6847525000000001e+01  2.9290849999999999e+01  3.0646674999999998e+01  3.1154050000000002e+01  3.1133575000000000e+01  3.0899550000000001e+01  3.0710225000000001e+01  3.0664050000000000e+01  3.0695675000000001e+01  3.0703074999999998e+01  3.0657650000000000e+01  3.0591999999999999e+01  3.0555025000000001e+01  3.0600149999999999e+01  3.0772200000000002e+01  3.1092050000000000e+01  3.1537175000000001e+01  3.2023474999999998e+01  3.2415225000000000e+01  3.2638275000000000e+01  3.2811774999999997e+01  3.3031399999999998e+01  3.2873175000000003e+01  3.1293375000000001e+01  2.7728224999999998e+01  2.3440825000000000e+01  2.0523174999999998e+01  1.9632525000000001e+01  2.0523174999999998e+01  2.3440774999999999e+01  2.7728249999999999e+01  3.1293500000000002e+01  3.2873100000000001e+01  3.3031325000000002e+01  3.2811750000000004e+01  3.2638275000000000e+01  3.2415225000000000e+01  3.2023524999999999e+01  3.1537125000000000e+01  3.1092050000000000e+01  3.0772150000000000e+01  3.0600100000000001e+01  3.0555000000000000e+01  3.0591999999999999e+01  3.0657624999999999e+01  3.0703025000000000e+01  3.0695675000000001e+01  3.0664075000000000e+01  3.0710175000000000e+01  3.0899400000000000e+01  3.1133575000000000e+01  3.1154150000000001e+01  3.0646650000000001e+01  2.9290800000000001e+01  2.6847549999999998e+01  2.3363424999999999e+01  1.9164425000000001e+01  1.4739625000000000e+01
  -4.4999999999999997e-03  1.7759250000000002e+01  2.3592900000000000e+01  2.8857299999999999e+01  3.2984625000000001e+01  3.5626150000000003e+01  3.6820349999999998e+01  3.7009574999999998e+01  3.6635399999999997e+01  3.6097124999999998e+01  3.5741500000000002e+01  3.5669600000000003e+01  3.5728250000000003e+01  3.5732424999999999e+01  3.5649500000000003e+01  3.5536799999999999e+01  3.5455824999999997e+01  3.5477725000000000e+01  3.5667724999999997e+01  3.6073374999999999e+01  3.6687125000000002e+01  3.7410325000000000e+01  3.8030825000000000e+01  3.8409675000000000e+01  3.8820574999999998e+01  3.9649700000000003e+01  4.0471950000000000e+01  3.9526299999999999e+01  3.5436999999999998e+01  3.0096250000000001e+01  2.6959875000000000e+01  2.6296624999999999e+01  2.6959875000000000e+01  3.0096225000000000e+01  3.5437024999999998e+01  3.9526249999999997e+01  4.0471950000000000e+01  3.9649650000000001e+01  3.8820574999999998e+01  3.8409649999999999e+01  3.8030850000000001e+01  3.7410350000000001e+01  3.6687075000000000e+01  3.6073324999999997e+01  3.5667749999999998e+01  3.5477775000000001e+01  3.5455775000000003e+01  3.5536774999999999e+01  3.5649500000000003e+01  3.5732450000000000e+01  3.5728274999999996e+01  3.5669550000000001e+01  3.5741450000000000e+01  3.6097074999999997e+01  3.6635424999999998e+01  3.7009524999999996e+01  3.6820349999999998e+01  3.5626100000000001e+01  3.2984499999999997e+01  2.8857250000000001e+01  2.3592800000000000e+01  1.7759225000000001e+01
  -5.0000000000000001e-03  2.1424050000000001e+01  2.9287075000000002e+01  3.5799075000000002e+01  4.0538375000000002e+01  4.3198925000000003e+01  4.3962674999999997e+01  4.3621924999999997e+01  4.2728574999999999e+01  4.1756349999999998e+01  4.1190874999999998e+01  4.1127400000000002e+01  4.1258400000000002e+01  4.1259549999999997e+01  4.1119100000000003e+01  4.0943224999999998e+01  4.0796824999999998e+01  4.0775199999999998e+01  4.0963949999999997e+01  4.1457225000000001e+01  4.2283149999999999e+01  4.3336075000000001e+01  4.4278574999999996e+01  4.4789425000000001e+01  4.5385575000000003e+01  4.7018999999999998e+01  4.9499299999999998e+01  4.9959975000000000e+01  4.5314799999999998e+01  3.8526425000000003e+01  3.5841574999999999e+01  3.6153775000000003e+01  3.5841600000000000e+01  3.8526425000000003e+01  4.5314875000000001e+01  4.9960000000000001e+01  4.9499124999999999e+01  4.7018825000000000e+01  4.5385624999999997e+01  4.4789400000000001e+01  4.4278675000000000e+01  4.3336100000000002e+01  4.2283050000000003e+01  4.1457174999999999e+01  4.0963900000000002e+01  4.0775125000000003e+01  4.0796900000000001e+01  4.0943150000000003e+01  4.1119124999999997e+01  4.1259524999999996e+01  4.1258450000000003e+01  4.1127400000000002e+01  4.1190824999999997e+01  4.1756275000000002e+01  4.2728574999999999e+01  4.3621924999999997e+01  4.3962750000000000e+01  4.3198875000000001e+01  4.0538400000000003e+01  3.5798999999999999e+01  2.9287025000000000e+01  2.1424074999999998e+01
# Longitudinally Integrated Squared Transverse Magnetic Field [T2m]
START
                          -2.9999999999999999e-02 -2.9000000000000001e-02 -2.8000000000000001e-02 -2.7000000000000000e-02 -2.5999999999999999e-02 -2.5000000000000001e-02 -2.4000000000000000e-02 -2.3000000000000000e-02 -2.1999999999999999e-02 -2.1000000000000001e-02 -2.0000000000000000e-02 -1.9000000000000000e-02 -1.7999999999999999e-02 -1.7000000000000001e-02 -1.6000000000000000e-02 -1.4999999999999999e-02 -1.4000000000000000e-02 -1.2999999999999999e-02 -1.2000000000000000e-02 -1.0999999999999999e-02 -1.0000000000000000e-02 -8.9999999999999993e-03 -8.0000000000000002e-03 -7.0000000000000001e-03 -6.0000000000000001e-03 -5.0000000000000001e-03 -4.0000000000000001e-03 -3.0000000000000001e-03 -2.0000000000000000e-03 -1.0000000000000000e-03  0.0000000000000000e+00  1.0000000000000000e-03  2.0000000000000000e-03  3.0000000000000001e-03  4.0000000000000001e-03  5.0000000000000001e-03  6.0000000000000001e-03  7.0000000000000001e-03  8.0000000000000002e-03  8.9999999999999993e-03  1.0000000000000000e-02  1.0999999999999999e-02  1.2000000000000000e-02  1.2999999999999999e-02  1.4000000000000000e-02  1.4999999999999999e-02  1.6000000000000000e-02  1.7000000000000001e-02  1.7999999999999999e-02  1.9000000000000000e-02  2.0000000000000000e-02  2.1000000000000001e-02  2.1999999999999999e-02  2.3000000000000000e-02  2.4000000000000000e-02  2.5000000000000001e-02  2.5999999999999999e-02  2.7000000000000000e-02  2.8000000000000001e-02  2.9000000000000001e-02  2.9999999999999999e-02
   5.0000000000000001e-03  1.8660650000000001e-01  2.1002850000000001e-01  2.2449450000000001e-01  2.3004150000000001e-01  2.2984450000000001e-01  2.2682749999999999e-01  2.2287124999999999e-01  2.1908125000000001e-01  2.1599974999999999e-01  2.1376624999999999e-01  2.1237624999999999e-01  2.1183225000000000e-01  2.1216525000000000e-01  2.1342549999999999e-01  2.1568300000000001e-01  2.1903650000000000e-01  2.2363825000000001e-01  2.2975024999999999e-01  2.3781225000000000e-01  2.4835900000000000e-01  2.6176500000000003e-01  2.7824300000000002e-01  2.9806450000000001e-01  3.2167224999999999e-01  3.4974424999999998e-01  3.8315349999999998e-01  4.2240525000000001e-01  4.6652399999999999e-01  5.1141725000000005e-01  5.4768375000000002e-01  5.6208374999999999e-01  5.4768375000000002e-01  5.1141725000000005e-01  4.6652399999999999e-01  4.2240525000000001e-01  3.8315349999999998e-01  3.4974424999999998e-01  3.2167224999999999e-01  2.9806450000000001e-01  2.7824300000000002e-01  2.6176474999999999e-01  2.4835900000000000e-01  2.3781225000000000e-01  2.2975024999999999e-01  2.2363825000000001e-01  2.1903650000000000e-01  2.1568300000000001e-01  2.1342549999999999e-01  2.1216525000000000e-01  2.1183225000000000e-01  2.1237600000000001e-01  2.1376624999999999e-01  2.1599974999999999e-01  2.1908125000000001e-01  2.2287124999999999e-01  2.2682749999999999e-01  2.2984450000000001e-01  2.3004150000000001e-01  2.2449450000000001e-01  2.1002850000000001e-01  1.8660650000000001e-01
   4.4999999999999997e-03  1.5590725000000000e-01  1.7167550000000001e-01  1.8144150000000001e-01  1.8512750000000000e-01  1.8457324999999999e-01  1.8177250000000000e-01  1.7817300000000000e-01  1.7467774999999999e-01  1.7176875000000000e-01  1.6963800000000001e-01  1.6834550000000001e-01  1.6792375000000001e-01  1.6841225000000001e-01  1.6986725000000000e-01  1.7236599999999999e-01  1.7601749999999999e-01  1.8098225000000001e-01  1.8750349999999999e-01  1.9593325000000000e-01  2.0668149999999999e-01  2.2009799999999999e-01  2.3645225000000000e-01  2.5601625000000000e-01  2.7912225000000002e-01  3.0616149999999998e-01  3.3745724999999999e-01  3.7280924999999998e-01  4.1066950000000002e-01  4.4706475000000001e-01  4.7482449999999998e-01  4.8543900000000001e-01  4.7482449999999998e-01  4.4706475000000001e-01  4.1066950000000002e-01  3.7280924999999998e-01  3.3745724999999999e-01  3.0616149999999998e-01  2.7912225000000002e-01  2.5601625000000000e-01  2.3645225000000000e-01  2.2009799999999999e-01  2.0668149999999999e-01  1.9593325000000000e-01  1.8750349999999999e-01  1.8098225000000001e-01  1.7601749999999999e-01  1.7236575000000001e-01  1.6986725000000000e-01  1.6841225000000001e-01  1.6792375000000001e-01  1.6834550000000001e-01  1.6963800000000001e-01  1.7176875000000000e-01  1.7467774999999999e-01  1.7817300000000000e-01  1.8177250000000000e-01  1.8457324999999999e-01  1.8512750000000000e-01  1.8144125000000000e-01  1.7167550000000001e-01  1.5590699999999999e-01
   4.0000000000000001e-03  1.3060150000000001e-01  1.4079349999999999e-01  1.4669199999999999e-01  1.4833250000000001e-01  1.4691050000000000e-01  1.4382924999999999e-01  1.4019200000000001e-01  1.3672400000000001e-01  1.3383675000000000e-01  1.3172575000000000e-01  1.3047475000000000e-01  1.3013050000000001e-01  1.3073725000000000e-01  1.3235325000000001e-01  1.3505900000000001e-01  1.3896824999999999e-01  1.4424024999999999e-01  1.5110050000000000e-01  1.5984699999999999e-01  1.7082200000000000e-01  1.8435150000000000e-01  2.0071600000000001e-01  2.2017100000000001e-01  2.4295074999999999e-01  2.6922675000000001e-01  2.9894825000000003e-01  3.3146949999999997e-01  3.6495600000000000e-01  3.9574524999999999e-01  4.1825075000000000e-01  4.2662699999999998e-01  4.1825075000000000e-01  3.9574524999999999e-01  3.6495600000000000e-01  3.3146949999999997e-01  2.9894825000000003e-01  2.6922675000000001e-01  2.4295074999999999e-01  2.2017100000000001e-01  2.0071600000000001e-01  1.8435124999999999e-01  1.7082200000000000e-01  1.5984699999999999e-01  1.5110050000000000e-01  1.4424024999999999e-01  1.3896800000000001e-01  1.3505900000000001e-01  1.3235300000000000e-01  1.3073725000000000e-01  1.3013050000000001e-01  1.3047475000000000e-01  1.3172575000000000e-01  1.3383675000000000e-01  1.3672400000000001e-01  1.4019200000000001e-01  1.4382924999999999e-01  1.4691050000000000e-01  1.4833250000000001e-01  1.4669175000000001e-01  1.4079349999999999e-01  1.3060150000000001e-01
   3.5000000000000001e-03  1.0978475000000000e-01  1.1581575000000000e-01  1.1859175000000000e-01  1.1828975000000000e-01  1.1579925000000001e-01  1.1216625000000000e-01  1.0824875000000000e-01  1.0462950000000000e-01  1.0165175000000000e-01  9.9492499999999998e-02  9.8236749999999998e-02  9.7933000000000006e-02  9.8625500000000005e-02  1.0037150000000000e-01  1.0325175000000000e-01  1.0738025000000000e-01  1.1291275000000001e-01  1.2006000000000000e-01  1.2908724999999999e-01  1.4029875000000000e-01  1.5399900000000000e-01  1.7046225000000001e-01  1.8991675000000000e-01  2.1251624999999999e-01  2.3826525000000001e-01  2.6685575000000000e-01  2.9736075000000001e-01  3.2781600000000000e-01  3.5488249999999999e-01  3.7405875000000000e-01  3.8105950000000000e-01  3.7405875000000000e-01  3.5488249999999999e-01  3.2781600000000000e-01  2.9736075000000001e-01  2.6685575000000000e-01  2.3826525000000001e-01  2.1251624999999999e-01  1.8991675000000000e-01  1.7046225000000001e-01  1.5399900000000000e-01  1.4029875000000000e-01  1.2908724999999999e-01  1.2005975000000001e-01  1.1291275000000001e-01  1.0738000000000000e-01  1.0325175000000000e-01  1.0037150000000000e-01  9.8625500000000005e-02  9.7933000000000006e-02  9.8236749999999998e-02  9.9492499999999998e-02  1.0165175000000000e-01  1.0462950000000000e-01  1.0824875000000000e-01  1.1216625000000000e-01  1.1579925000000001e-01  1.1828975000000000e-01  1.1859175000000000e-01  1.1581575000000000e-01  1.0978475000000000e-01
   3.0000000000000001e-03  9.2786250000000001e-02  9.5673499999999995e-02  9.5960000000000004e-02  9.3941999999999998e-02  9.0365249999999994e-02  8.6068000000000006e-02  8.1743499999999997e-02  7.7868450000000006e-02  7.4728199999999995e-02  7.2473325000000005e-02  7.1178400000000003e-02  7.0886550000000006e-02  7.1637825000000002e-02  7.3486375000000007e-02  7.6510875000000006e-02  8.0823000000000006e-02  8.6575500000000000e-02  9.3966999999999995e-02  1.0324450000000000e-01  1.1468850000000000e-01  1.2858625000000001e-01  1.4519950000000001e-01  1.6472750000000000e-01  1.8725700000000001e-01  2.1266800000000000e-01  2.4047374999999999e-01  2.6956700000000000e-01  2.9793425000000001e-01  3.2251200000000002e-01  3.3953499999999998e-01  3.4566524999999998e-01  3.3953499999999998e-01  3.2251200000000002e-01  2.9793425000000001e-01  2.6956700000000000e-01  2.4047374999999999e-01  2.1266800000000000e-01  1.8725700000000001e-01  1.6472750000000000e-01  1.4519950000000001e-01  1.2858625000000001e-01  1.1468850000000000e-01  1.0324450000000000e-01  9.3966999999999995e-02  8.6575500000000000e-02  8.0823000000000006e-02  7.6510850000000005e-02  7.3486350000000006e-02  7.1637825000000002e-02  7.0886500000000005e-02  7.1178375000000002e-02  7.2473300000000004e-02  7.4728174999999994e-02  7.7868425000000005e-02  8.1743499999999997e-02  8.6068000000000006e-02  9.0365249999999994e-02  9.3941999999999998e-02  9.5959749999999996e-02  9.5673499999999995e-02  9.2786250000000001e-02
   2.5000000000000001e-03  7.9103000000000007e-02  7.9610749999999994e-02  7.7940524999999997e-02  7.4478050000000004e-02  6.9902500000000006e-02  6.4933900000000003e-02  6.0160600000000002e-02  5.5985424999999998e-02  5.2647250000000000e-02  5.0270574999999998e-02  4.8915325000000003e-02  4.8615400000000003e-02  4.9404350000000000e-02  5.1331500000000002e-02  5.4472375000000003e-02  5.8936025000000003e-02  6.4870974999999997e-02  7.2469325000000001e-02  8.1965750000000004e-02  9.3626249999999994e-02  1.0772575000000000e-01  1.2451075000000000e-01  1.4415475000000000e-01  1.6668975000000000e-01  1.9190350000000000e-01  2.1918250000000000e-01  2.4730400000000000e-01  2.7424225000000002e-01  2.9715025000000000e-01  3.1276100000000001e-01  3.1832850000000001e-01  3.1276100000000001e-01  2.9715025000000000e-01  2.7424225000000002e-01  2.4730400000000000e-01  2.1918250000000000e-01  1.9190350000000000e-01  1.6668975000000000e-01  1.4415475000000000e-01  1.2451075000000000e-01  1.0772550000000000e-01  9.3626249999999994e-02  8.1965750000000004e-02  7.2469300000000000e-02  6.4870974999999997e-02  5.8936000000000002e-02  5.4472350000000003e-02  5.1331500000000002e-02  4.9404350000000000e-02  4.8615400000000003e-02  4.8915325000000003e-02  5.0270549999999997e-02  5.2647224999999999e-02  5.5985399999999998e-02  6.0160600000000002e-02  6.4933900000000003e-02  6.9902475000000006e-02  7.4478025000000003e-02  7.7940524999999997e-02  7.9610749999999994e-02  7.9103000000000007e-02
   2.0000000000000000e-03  6.8356600000000003e-02  6.7083149999999994e-02  6.3908875000000004e-02  5.9281899999999998e-02  5.3852274999999998e-02  4.8273950000000003e-02  4.3070974999999997e-02  3.8596875000000003e-02  3.5056400000000001e-02  3.2551574999999999e-02  3.1127550000000000e-02  3.0807925000000000e-02  3.1618874999999998e-02  3.3604475000000002e-02  3.6836575000000003e-02  4.1421375000000003e-02  4.7504350000000001e-02  5.5272849999999998e-02  6.4954374999999995e-02  7.6806299999999994e-02  9.1092999999999993e-02  1.0804875000000000e-01  1.2782399999999999e-01  1.5040875000000001e-01  1.7552150000000000e-01  2.0246000000000000e-01  2.2992575000000001e-01  2.5589675000000001e-01  2.7768725000000000e-01  2.9236675000000001e-01  2.9756674999999999e-01  2.9236675000000001e-01  2.7768725000000000e-01  2.5589675000000001e-01  2.2992575000000001e-01  2.0246000000000000e-01  1.7552150000000000e-01  1.5040875000000001e-01  1.2782399999999999e-01  1.0804875000000000e-01  9.1092999999999993e-02  7.6806299999999994e-02  6.4954374999999995e-02  5.5272824999999998e-02  4.7504325000000000e-02  4.1421350000000003e-02  3.6836550000000003e-02  3.3604450000000001e-02  3.1618849999999997e-02  3.0807899999999999e-02  3.1127550000000000e-02  3.2551574999999999e-02  3.5056375000000001e-02  3.8596850000000002e-02  4.3070974999999997e-02  4.8273950000000003e-02  5.3852274999999998e-02  5.9281874999999998e-02  6.3908875000000004e-02  6.7083124999999993e-02  6.8356575000000003e-02
   1.5000000000000000e-03  6.0264125000000002e-02  5.7697724999999998e-02  5.3410974999999999e-02  4.7893850000000002e-02  4.1784500000000002e-02  3.5700799999999998e-02  3.0129000000000000e-02  2.5391375000000001e-02  2.1669074999999999e-02  1.9046750000000001e-02  1.7556749999999999e-02  1.7213275000000000e-02  1.8035575000000002e-02  2.0062799999999999e-02  2.3363274999999999e-02  2.8040750000000000e-02  3.4238299999999999e-02  4.2140400000000001e-02  5.1970299999999997e-02  6.3979700000000000e-02  7.8425875000000006e-02  9.5532750000000000e-02  1.1543275000000000e-01  1.3808400000000001e-01  1.6315550000000001e-01  1.8988300000000000e-01  2.1691900000000000e-01  2.4224975000000001e-01  2.6330450000000000e-01  2.7737624999999999e-01  2.8233825000000001e-01  2.7737624999999999e-01  2.6330450000000000e-01  2.4224975000000001e-01  2.1691900000000000e-01  1.8988300000000000e-01  1.6315550000000001e-01  1.3808400000000001e-01  1.1543275000000000e-01  9.5532750000000000e-02  7.8425850000000005e-02  6.3979700000000000e-02  5.1970275000000003e-02  4.2140375000000001e-02  3.4238299999999999e-02  2.8040724999999999e-02  2.3363274999999999e-02  2.0062775000000001e-02  1.8035550000000001e-02  1.7213249999999999e-02  1.7556724999999999e-02  1.9046750000000001e-02  2.1669074999999999e-02  2.5391375000000001e-02  3.0129000000000000e-02  3.5700799999999998e-02  4.1784500000000002e-02  4.7893850000000002e-02  5.3410974999999999e-02  5.7697724999999998e-02  6.0264125000000002e-02
   1.0000000000000000e-03  5.4621099999999999e-02  5.1176674999999998e-02  4.6124749999999999e-02  3.9981675000000001e-02  3.3381225000000000e-02  2.6922425000000000e-02  2.1070374999999999e-02  1.6128824999999999e-02  1.2263850000000000e-02  9.5479750000000002e-03  8.0040500000000004e-03  7.6388250000000001e-03  8.4660499999999993e-03  1.0520875000000001e-02  1.3868850000000000e-02  1.8611675000000001e-02  2.4890949999999998e-02  3.2889300000000003e-02  4.2827650000000002e-02  5.4954299999999998e-02  6.9521650000000004e-02  8.6746249999999997e-02  1.0674750000000000e-01  1.2946125000000000e-01  1.5452274999999999e-01  1.8112750000000000e-01  2.0789650000000001e-01  2.3282475000000000e-01  2.5341750000000002e-01  2.6710974999999998e-01  2.7192375000000002e-01  2.6710974999999998e-01  2.5341750000000002e-01  2.3282475000000000e-01  2.0789650000000001e-01  1.8112750000000000e-01  1.5452274999999999e-01  1.2946125000000000e-01  1.0674750000000000e-01  8.6746249999999997e-02  6.9521650000000004e-02  5.4954299999999998e-02  4.2827650000000002e-02  3.2889300000000003e-02  2.4890925000000001e-02  1.8611675000000001e-02  1.3868825000000000e-02  1.0520875000000001e-02  8.4660499999999993e-03  7.6388200000000002e-03  8.0040249999999997e-03  9.5479750000000002e-03  1.2263825000000001e-02  1.6128824999999999e-02  2.1070350000000002e-02  2.6922425000000000e-02  3.3381225000000000e-02  3.9981675000000001e-02  4.6124749999999999e-02  5.1176674999999998e-02  5.4621099999999999e-02
   5.0000000000000001e-04  5.1288825000000003e-02  4.7334775000000003e-02  4.1835175000000002e-02  3.5320825000000000e-02  2.8424174999999999e-02  2.1735325000000000e-02  1.5708875000000001e-02  1.0638975000000000e-02  6.6833650000000001e-03  3.9075574999999996e-03  2.3284949999999999e-03  1.9483199999999999e-03  2.7772050000000000e-03  4.8477099999999999e-03  8.2235999999999993e-03  1.3005350000000001e-02  1.9333599999999999e-02  2.7390149999999999e-02  3.7394625000000001e-02  4.9593499999999999e-02  6.4236450000000000e-02  8.1535499999999997e-02  1.0160225000000001e-01  1.2435925000000000e-01  1.4942274999999999e-01  1.7596450000000000e-01  2.0258899999999999e-01  2.2729625000000001e-01  2.4763499999999999e-01  2.6111925000000002e-01  2.6585225000000001e-01  2.6111925000000002e-01  2.4763499999999999e-01  2.2729625000000001e-01  2.0258899999999999e-01  1.7596450000000000e-01  1.4942274999999999e-01  1.2435925000000000e-01  1.0160225000000001e-01  8.1535499999999997e-02  6.4236450000000000e-02  4.9593499999999999e-02  3.7394625000000001e-02  2.7390149999999999e-02  1.9333599999999999e-02  1.3005350000000001e-02  8.2235750000000003e-03  4.8477049999999999e-03  2.7772025000000001e-03  1.9483174999999999e-03  2.3284924999999999e-03  3.9075550000000001e-03  6.6833624999999997e-03  1.0638975000000000e-02  1.5708850000000000e-02  2.1735325000000000e-02  2.8424174999999999e-02  3.5320799999999999e-02  4.1835150000000002e-02  4.7334775000000003e-02  5.1288825000000003e-02
   0.0000000000000000e+00  5.0186849999999998e-02  4.6065700000000001e-02  4.0418725000000003e-02  3.3781350000000002e-02  2.6785799999999998e-02  2.0019499999999999e-02  1.3933925000000000e-02  8.8202750000000007e-03  4.8336300000000002e-03  2.0372024999999998e-03  4.4597024999999999e-04  6.0485049999999998e-05  8.8970000000000000e-04  2.9652849999999998e-03  6.3503800000000001e-03  1.1145075000000001e-02  1.7489649999999999e-02  2.5565649999999999e-02  3.5592350000000002e-02  4.7815625000000000e-02  6.2484224999999997e-02  7.9808749999999998e-02  9.9898000000000001e-02  1.2267075000000000e-01  1.4773600000000001e-01  1.7425850000000001e-01  2.0083724999999999e-01  2.2547424999999999e-01  2.4573200000000001e-01  2.5914999999999999e-01  2.6385700000000001e-01  2.5914999999999999e-01  2.4573200000000001e-01  2.2547424999999999e-01  2.0083724999999999e-01  1.7425850000000001e-01  1.4773600000000001e-01  1.2267075000000000e-01  9.9898000000000001e-02  7.9808749999999998e-02  6.2484224999999997e-02  4.7815625000000000e-02  3.5592350000000002e-02  2.5565649999999999e-02  1.7489649999999999e-02  1.1145075000000001e-02  6.3503800000000001e-03  2.9652849999999998e-03  8.8970000000000000e-04  6.0485000000000001e-05  4.4597050000000002e-04  2.0372024999999998e-03  4.8336300000000002e-03  8.8202750000000007e-03  1.3933925000000000e-02  2.0019499999999999e-02  2.6785799999999998e-02  3.3781350000000002e-02  4.0418725000000003e-02  4.6065700000000001e-02  5.0186849999999998e-02
  -5.0000000000000001e-04  5.1288825000000003e-02  4.7334775000000003e-02  4.1835150000000002e-02  3.5320799999999999e-02  2.8424174999999999e-02  2.1735325000000000e-02  1.5708850000000000e-02  1.0638975000000000e-02  6.6833624999999997e-03  3.9075550000000001e-03  2.3284924999999999e-03  1.9483174999999999e-03  2.7772025000000001e-03  4.8477075000000003e-03  8.2235999999999993e-03  1.3005350000000001e-02  1.9333599999999999e-02  2.7390149999999999e-02  3.7394625000000001e-02  4.9593499999999999e-02  6.4236450000000000e-02  8.1535499999999997e-02  1.0160225000000001e-01  1.2435925000000000e-01  1.4942274999999999e-01  1.7596450000000000e-01  2.0258899999999999e-01  2.2729625000000001e-01  2.4763499999999999e-01  2.6111925000000002e-01  2.6585225000000001e-01  2.6111925000000002e-01  2.4763499999999999e-01  2.2729625000000001e-01  2.0258899999999999e-01  1.7596450000000000e-01  1.4942274999999999e-01  1.2435925000000000e-01  1.0160225000000001e-01  8.1535499999999997e-02  6.4236450000000000e-02  4.9593499999999999e-02  3.7394625000000001e-02  2.7390149999999999e-02  1.9333625000000000e-02  1.3005350000000001e-02  8.2235999999999993e-03  4.8477075000000003e-03  2.7772050000000000e-03  1.9483199999999999e-03  2.3284949999999999e-03  3.9075574999999996e-03  6.6833650000000001e-03  1.0638975000000000e-02  1.5708875000000001e-02  2.1735325000000000e-02  2.8424174999999999e-02  3.5320825000000000e-02  4.1835150000000002e-02  4.7334775000000003e-02  5.1288825000000003e-02
  -1.0000000000000000e-03  5.4621099999999999e-02  5.1176674999999998e-02  4.6124749999999999e-02  3.9981675000000001e-02  3.3381225000000000e-02  2.6922425000000000e-02  2.1070350000000002e-02  1.6128824999999999e-02  1.2263825000000001e-02  9.5479750000000002e-03  8.0040249999999997e-03  7.6388200000000002e-03  8.4660499999999993e-03  1.0520875000000001e-02  1.3868825000000000e-02  1.8611675000000001e-02  2.4890925000000001e-02  3.2889300000000003e-02  4.2827650000000002e-02  5.4954299999999998e-02  6.9521650000000004e-02  8.6746249999999997e-02  1.0674750000000000e-01  1.2946125000000000e-01  1.5452274999999999e-01  1.8112750000000000e-01  2.0789650000000001e-01  2.3282500000000000e-01  2.5341750000000002e-01  2.6710974999999998e-01  2.7192375000000002e-01  2.6710974999999998e-01  2.5341750000000002e-01  2.3282475000000000e-01  2.0789650000000001e-01  1.8112750000000000e-01  1.5452274999999999e-01  1.2946125000000000e-01  1.0674750000000000e-01  8.6746249999999997e-02  6.9521650000000004e-02  5.4954299999999998e-02  4.2827650000000002e-02  3.2889300000000003e-02  2.4890949999999998e-02  1.8611675000000001e-02  1.3868850000000000e-02  1.0520875000000001e-02  8.4660499999999993e-03  7.6388250000000001e-03  8.0040500000000004e-03  9.5479750000000002e-03  1.2263850000000000e-02  1.6128824999999999e-02  2.1070374999999999e-02  2.6922425000000000e-02  3.3381225000000000e-02  3.9981675000000001e-02  4.6124749999999999e-02  5.1176674999999998e-02  5.4621099999999999e-02
  -1.5000000000000000e-03  6.0264125000000002e-02  5.7697724999999998e-02  5.3410974999999999e-02  4.7893850000000002e-02  4.1784500000000002e-02  3.5700799999999998e-02  3.0129000000000000e-02  2.5391375000000001e-02  2.1669074999999999e-02  1.9046750000000001e-02  1.7556749999999999e-02  1.7213249999999999e-02  1.8035550000000001e-02  2.0062775000000001e-02  2.3363274999999999e-02  2.8040724999999999e-02  3.4238299999999999e-02  4.2140375000000001e-02  5.1970275000000003e-02  6.3979700000000000e-02  7.8425850000000005e-02  9.5532750000000000e-02  1.1543275000000000e-01  1.3808400000000001e-01  1.6315550000000001e-01  1.8988300000000000e-01  2.1691900000000000e-01  2.4224975000000001e-01  2.6330450000000000e-01  2.7737624999999999e-01  2.8233825000000001e-01  2.7737624999999999e-01  2.6330450000000000e-01  2.4224975000000001e-01  2.1691900000000000e-01  1.8988300000000000e-01  1.6315550000000001e-01  1.3808400000000001e-01  1.1543275000000000e-01  9.5532750000000000e-02  7.8425875000000006e-02  6.3979700000000000e-02  5.1970299999999997e-02  4.2140400000000001e-02  3.4238299999999999e-02  2.8040750000000000e-02  2.3363274999999999e-02  2.0062799999999999e-02  1.8035575000000002e-02  1.7213275000000000e-02  1.7556749999999999e-02  1.9046750000000001e-02  2.1669074999999999e-02  2.5391375000000001e-02  3.0129000000000000e-02  3.5700799999999998e-02  4.1784500000000002e-02  4.7893850000000002e-02  5.3410974999999999e-02  5.7697724999999998e-02  6.0264125000000002e-02
  -2.0000000000000000e-03  6.8356575000000003e-02  6.7083149999999994e-02  6.3908875000000004e-02  5.9281874999999998e-02  5.3852274999999998e-02  4.8273950000000003e-02  4.3070974999999997e-02  3.8596850000000002e-02  3.5056375000000001e-02  3.2551574999999999e-02  3.1127550000000000e-02  3.0807899999999999e-02  3.1618849999999997e-02  3.3604450000000001e-02  3.6836550000000003e-02  4.1421350000000003e-02  4.7504325000000000e-02  5.5272849999999998e-02  6.4954374999999995e-02  7.6806299999999994e-02  9.1092999999999993e-02  1.0804875000000000e-01  1.2782399999999999e-01  1.5040875000000001e-01  1.7552150000000000e-01  2.0246000000000000e-01  2.2992575000000001e-01  2.5589675000000001e-01  2.7768725000000000e-01  2.9236675000000001e-01  2.9756674999999999e-01  2.9236675000000001e-01  2.7768725000000000e-01  2.5589675000000001e-01  2.2992575000000001e-01  2.0246000000000000e-01  1.7552150000000000e-01  1.5040875000000001e-01  1.2782399999999999e-01  1.0804875000000000e-01  9.1092999999999993e-02  7.6806299999999994e-02  6.4954374999999995e-02  5.5272849999999998e-02  4.7504350000000001e-02  4.1421375000000003e-02  3.6836550000000003e-02  3.3604475000000002e-02  3.1618874999999998e-02  3.0807925000000000e-02  3.1127550000000000e-02  3.2551574999999999e-02  3.5056375000000001e-02  3.8596875000000003e-02  4.3070974999999997e-02  4.8273950000000003e-02  5.3852274999999998e-02  5.9281899999999998e-02  6.3908875000000004e-02  6.7083149999999994e-02  6.8356600000000003e-02
  -2.5000000000000001e-03  7.9103000000000007e-02  7.9610749999999994e-02  7.7940524999999997e-02  7.4478050000000004e-02  6.9902475000000006e-02  6.4933900000000003e-02  6.0160600000000002e-02  5.5985399999999998e-02  5.2647224999999999e-02  5.0270549999999997e-02  4.8915325000000003e-02  4.8615400000000003e-02  4.9404350000000000e-02  5.1331500000000002e-02  5.4472375000000003e-02  5.8936000000000002e-02  6.4870974999999997e-02  7.2469300000000000e-02  8.1965750000000004e-02  9.3626249999999994e-02  1.0772550000000000e-01  1.2451075000000000e-01  1.4415475000000000e-01  1.6668975000000000e-01  1.9190350000000000e-01  2.1918250000000000e-01  2.4730400000000000e-01  2.7424225000000002e-01  2.9715025000000000e-01  3.1276100000000001e-01  3.1832850000000001e-01  3.1276100000000001e-01  2.9715025000000000e-01  2.7424225000000002e-01  2.4730400000000000e-01  2.1918250000000000e-01  1.9190350000000000e-01  1.6668975000000000e-01  1.4415475000000000e-01  1.2451075000000000e-01  1.0772575000000000e-01  9.3626249999999994e-02  8.1965750000000004e-02  7.2469325000000001e-02  6.4870974999999997e-02  5.8936025000000003e-02  5.4472375000000003e-02  5.1331525000000003e-02  4.9404350000000000e-02  4.8615400000000003e-02  4.8915325000000003e-02  5.0270574999999998e-02  5.2647250000000000e-02  5.5985424999999998e-02  6.0160600000000002e-02  6.4933900000000003e-02  6.9902500000000006e-02  7.4478050000000004e-02  7.7940524999999997e-02  7.9610749999999994e-02  7.9103000000000007e-02
  -3.0000000000000001e-03  9.2786250000000001e-02  9.5673499999999995e-02  9.5959749999999996e-02  9.3941999999999998e-02  9.0365249999999994e-02  8.6068000000000006e-02  8.1743499999999997e-02  7.7868425000000005e-02  7.4728149999999993e-02  7.2473300000000004e-02  7.1178400000000003e-02  7.0886525000000006e-02  7.1637825000000002e-02  7.3486350000000006e-02  7.6510850000000005e-02  8.0823000000000006e-02  8.6575500000000000e-02  9.3966999999999995e-02  1.0324450000000000e-01  1.1468850000000000e-01  1.2858625000000001e-01  1.4519950000000001e-01  1.6472750000000000e-01  1.8725700000000001e-01  2.1266800000000000e-01  2.4047374999999999e-01  2.6956700000000000e-01  2.9793425000000001e-01  3.2251200000000002e-01  3.3953499999999998e-01  3.4566524999999998e-01  3.3953499999999998e-01  3.2251200000000002e-01  2.9793425000000001e-01  2.6956700000000000e-01  2.4047374999999999e-01  2.1266800000000000e-01  1.8725700000000001e-01  1.6472750000000000e-01  1.4519950000000001e-01  1.2858625000000001e-01  1.1468850000000000e-01  1.0324450000000000e-01  9.3966999999999995e-02  8.6575500000000000e-02  8.0823000000000006e-02  7.6510875000000006e-02  7.3486375000000007e-02  7.1637825000000002e-02  7.0886525000000006e-02  7.1178400000000003e-02  7.2473325000000005e-02  7.4728199999999995e-02  7.7868450000000006e-02  8.1743499999999997e-02  8.6068000000000006e-02  9.0365249999999994e-02  9.3941999999999998e-02  9.5960000000000004e-02  9.5673499999999995e-02  9.2786250000000001e-02
  -3.5000000000000001e-03  1.0978475000000000e-01  1.1581575000000000e-01  1.1859175000000000e-01  1.1828975000000000e-01  1.1579925000000001e-01  1.1216625000000000e-01  1.0824875000000000e-01  1.0462950000000000e-01  1.0165175000000000e-01  9.9492499999999998e-02  9.8236749999999998e-02  9.7933000000000006e-02  9.8625500000000005e-02  1.0037150000000000e-01  1.0325175000000000e-01  1.0738000000000000e-01  1.1291275000000001e-01  1.2005975000000001e-01  1.2908724999999999e-01  1.4029875000000000e-01  1.5399900000000000e-01  1.7046225000000001e-01  1.8991675000000000e-01  2.1251624999999999e-01  2.3826525000000001e-01  2.6685575000000000e-01  2.9736075000000001e-01  3.2781600000000000e-01  3.5488249999999999e-01  3.7405875000000000e-01  3.8105950000000000e-01  3.7405875000000000e-01  3.5488249999999999e-01  3.2781600000000000e-01  2.9736075000000001e-01  2.6685575000000000e-01  2.3826525000000001e-01  2.1251624999999999e-01  1.8991675000000000e-01  1.7046225000000001e-01  1.5399900000000000e-01  1.4029875000000000e-01  1.2908724999999999e-01  1.2006000000000000e-01  1.1291275000000001e-01  1.0738025000000000e-01  1.0325175000000000e-01  1.0037150000000000e-01  9.8625500000000005e-02  9.7933000000000006e-02  9.8236749999999998e-02  9.9492499999999998e-02  1.0165175000000000e-01  1.0462950000000000e-01  1.0824875000000000e-01  1.1216625000000000e-01  1.1579925000000001e-01  1.1828975000000000e-01  1.1859175000000000e-01  1.1581575000000000e-01  1.0978475000000000e-01
  -4.0000000000000001e-03  1.3060150000000001e-01  1.4079349999999999e-01  1.4669199999999999e-01  1.4833250000000001e-01  1.4691050000000000e-01  1.4382924999999999e-01  1.4019200000000001e-01  1.3672400000000001e-01  1.3383675000000000e-01  1.3172575000000000e-01  1.3047475000000000e-01  1.3013050000000001e-01  1.3073725000000000e-01  1.3235325000000001e-01  1.3505900000000001e-01  1.3896800000000001e-01  1.4424024999999999e-01  1.5110050000000000e-01  1.5984699999999999e-01  1.7082200000000000e-01  1.8435124999999999e-01  2.0071600000000001e-01  2.2017100000000001e-01  2.4295074999999999e-01  2.6922675000000001e-01  2.9894825000000003e-01  3.3146949999999997e-01  3.6495600000000000e-01  3.9574524999999999e-01  4.1825075000000000e-01  4.2662699999999998e-01  4.1825075000000000e-01  3.9574524999999999e-01  3.6495600000000000e-01  3.3146949999999997e-01  2.9894825000000003e-01  2.6922675000000001e-01  2.4295074999999999e-01  2.2017100000000001e-01  2.0071600000000001e-01  1.8435150000000000e-01  1.7082200000000000e-01  1.5984699999999999e-01  1.5110050000000000e-01  1.4424024999999999e-01  1.3896824999999999e-01  1.3505900000000001e-01  1.3235325000000001e-01  1.3073725000000000e-01  1.3013050000000001e-01  1.3047475000000000e-01  1.3172575000000000e-01  1.3383675000000000e-01  1.3672400000000001e-01  1.4019200000000001e-01  1.4382924999999999e-01  1.4691050000000000e-01  1.4833250000000001e-01  1.4669199999999999e-01  1.4079349999999999e-01  1.3060150000000001e-01
  -4.4999999999999997e-03  1.5590699999999999e-01  1.7167550000000001e-01  1.8144125000000000e-01  1.8512750000000000e-01  1.8457324999999999e-01  1.8177250000000000e-01  1.7817300000000000e-01  1.7467774999999999e-01  1.7176875000000000e-01  1.6963800000000001e-01  1.6834550000000001e-01  1.6792375000000001e-01  1.6841225000000001e-01  1.6986725000000000e-01  1.7236575000000001e-01  1.7601749999999999e-01  1.8098225000000001e-01  1.8750349999999999e-01  1.9593325000000000e-01  2.0668149999999999e-01  2.2009799999999999e-01  2.3645225000000000e-01  2.5601625000000000e-01  2.7912225000000002e-01  3.0616175000000001e-01  3.3745724999999999e-01  3.7280924999999998e-01  4.1066950000000002e-01  4.4706475000000001e-01  4.7482449999999998e-01  4.8543900000000001e-01  4.7482449999999998e-01  4.4706475000000001e-01  4.1066950000000002e-01  3.7280924999999998e-01  3.3745724999999999e-01  3.0616175000000001e-01  2.7912225000000002e-01  2.5601625000000000e-01  2.3645225000000000e-01  2.2009799999999999e-01  2.0668149999999999e-01  1.9593325000000000e-01  1.8750349999999999e-01  1.8098225000000001e-01  1.7601749999999999e-01  1.7236599999999999e-01  1.6986725000000000e-01  1.6841225000000001e-01  1.6792375000000001e-01  1.6834550000000001e-01  1.6963800000000001e-01  1.7176875000000000e-01  1.7467774999999999e-01  1.7817300000000000e-01  1.8177250000000000e-01  1.8457324999999999e-01  1.8512750000000000e-01  1.8144150000000001e-01  1.7167550000000001e-01  1.5590725000000000e-01
  -5.0000000000000001e-03  1.8660650000000001e-01  2.1002850000000001e-01  2.2449450000000001e-01  2.3004150000000001e-01  2.2984450000000001e-01  2.2682749999999999e-01  2.2287124999999999e-01  2.1908125000000001e-01  2.1599974999999999e-01  2.1376624999999999e-01  2.1237600000000001e-01  2.1183225000000000e-01  2.1216525000000000e-01  2.1342549999999999e-01  2.1568300000000001e-01  2.1903650000000000e-01  2.2363825000000001e-01  2.2975024999999999e-01  2.3781225000000000e-01  2.4835900000000000e-01  2.6176474999999999e-01  2.7824300000000002e-01  2.9806450000000001e-01  3.2167224999999999e-01  3.4974424999999998e-01  3.8315349999999998e-01  4.2240525000000001e-01  4.6652399999999999e-01  5.1141725000000005e-01  5.4768375000000002e-01  5.6208374999999999e-01  5.4768375000000002e-01  5.1141725000000005e-01  4.6652399999999999e-01  4.2240525000000001e-01  3.8315349999999998e-01  3.4974424999999998e-01  3.2167224999999999e-01  2.9806450000000001e-01  2.7824300000000002e-01  2.6176500000000003e-01  2.4835900000000000e-01  2.3781225000000000e-01  2.2975024999999999e-01  2.2363825000000001e-01  2.1903650000000000e-01  2.1568300000000001e-01  2.1342549999999999e-01  2.1216525000000000e-01  2.1183225000000000e-01  2.1237624999999999e-01  2.1376624999999999e-01  2.1599974999999999e-01  2.1908125000000001e-01  2.2287124999999999e-01  2.2682749999999999e-01  2.2984450000000001e-01  2.3004150000000001e-01  2.2449450000000001e-01  2.1002850000000001e-01  1.8660650000000001e-01
