# Author : Radia User
# This simulation we only use 14 PS   Tue 20 Jan 2015 06:17:23EPU57v2ModePara, 28_6,  Gap: 16, Phase:28_6non-compensated 2nd-order kick map
# Undulator Length [m]
3.5
# Number of Horizontal Points
61
# Number of Vertical Points
21
# Horizontal Kick [micro-rad]
START
 	-0.03	-0.029	-0.028	-0.027	-0.026	-0.025	-0.024	-0.023	-0.022	-0.021	-0.02	-0.019	-0.018	-0.017	-0.016	-0.015	-0.014	-0.013	-0.012	-0.011	-0.01	-0.009	-0.008	-0.007	-0.006	-0.005	-0.004	-0.003	-0.002	-0.001	0	0.001	0.002	0.003	0.004	0.005	0.006	0.007	0.008	0.009	0.01	0.011	0.012	0.013	0.014	0.015	0.016	0.017	0.018	0.019	0.02	0.021	0.022	0.023	0.024	0.025	0.026	0.027	0.028	0.029	0.03
0.005	-24.1059	-17.678	-8.65572	-1.81604	1.91608	3.46228	3.69926	3.21128	2.4521	1.67031	0.899702	0.113351	-0.70941	-1.58534	-2.53565	-3.59455	-4.83062	-6.37924	-8.40331	-10.8725	-13.5805	-16.4844	-19.7096	-23.4421	-27.9191	-33.17	-38.4177	-41.691	-39.0803	-25.1864	-6.16677e-05	25.1859	39.0806	41.6907	38.4179	33.1704	27.9188	23.4422	19.7099	16.4842	13.5805	10.8727	8.40323	6.37893	4.83062	3.59467	2.53566	1.58522	0.709172	-0.113216	-0.899443	-1.67055	-2.45197	-3.21077	-3.69909	-3.46227	-1.9161	1.81602	8.65537	17.6778	24.1059
0.0045	-16.394	-11.8614	-5.886	-1.03587	1.85255	3.13594	3.36715	2.98884	2.3299	1.57939	0.797361	-0.0146565	-0.869018	-1.782	-2.77782	-3.89204	-5.18423	-6.74648	-8.67051	-10.9553	-13.5143	-16.3094	-19.379	-22.7883	-26.5666	-30.5084	-33.8115	-34.7821	-30.6744	-18.7401	-4.7203e-05	18.7403	30.6743	34.7821	33.8122	30.5087	26.5667	22.7881	19.3791	16.3092	13.5142	10.9554	8.67043	6.74614	5.18424	3.89216	2.77773	1.78201	0.868809	0.0146661	-0.797351	-1.57949	-2.3299	-2.98906	-3.36712	-3.13593	-1.85267	1.03591	5.88626	11.8613	16.3939
0.004	-10.8711	-7.44364	-3.28308	0.15876	2.28383	3.22717	3.34217	2.95416	2.3077	1.54953	0.74079	-0.105552	-0.996528	-1.94893	-2.98752	-4.14783	-5.48	-7.05086	-8.92118	-11.104	-13.563	-16.2645	-19.1937	-22.3246	-25.5527	-28.5454	-30.5173	-30.0697	-25.3173	-14.8827	-3.62057e-05	14.8829	25.3168	30.0703	30.517	28.5455	25.5528	22.3246	19.1938	16.2643	13.5629	11.1038	8.92122	7.05098	5.4801	4.14774	2.98753	1.94894	0.996439	0.105561	-0.740781	-1.54952	-2.30761	-2.95417	-3.34205	-3.22728	-2.28388	-0.158575	3.28308	7.44336	10.871
0.0035	-6.80264	-4.05494	-1.01302	1.45583	2.96078	3.56588	3.51427	3.05166	2.36495	1.57022	0.721765	-0.164961	-1.09559	-2.08739	-3.1659	-4.3656	-5.73035	-7.31213	-9.15793	-11.2863	-13.6821	-16.3106	-19.1221	-22.0257	-24.8302	-27.1348	-28.1939	-26.8647	-21.847	-12.4928	-2.81041e-05	12.4924	21.847	26.8647	28.1936	27.1349	24.8302	22.0257	19.1223	16.3107	13.6821	11.2864	9.15782	7.31217	5.73017	4.36535	3.16599	2.0874	1.09559	0.164885	-0.721841	-1.57005	-2.36495	-3.05164	-3.51441	-3.56579	-2.96069	-1.45592	1.01306	4.05504	6.80255
0.003	-3.75783	-1.4455	0.887705	2.6908	3.71887	4.0253	3.79759	3.23095	2.47612	1.62762	0.731348	-0.19899	-1.17	-2.19986	-3.31489	-4.54891	-5.94188	-7.53855	-9.37766	-11.4807	-13.839	-16.4145	-19.1325	-21.857	-24.3403	-26.146	-26.574	-24.6856	-19.5692	-10.9709	-2.18839e-05	10.9712	19.5692	24.6853	26.574	26.1458	24.3401	21.8569	19.1325	16.4146	13.839	11.4807	9.3778	7.53832	5.94196	4.54876	3.31496	2.1998	1.17008	0.199142	-0.731412	-1.62754	-2.47604	-3.23094	-3.79757	-4.02525	-3.71891	-2.69074	-0.887695	1.44547	3.75781
0.0025	-1.46963	0.556687	2.43136	3.7808	4.45524	4.51619	4.12495	3.44872	2.61584	1.70644	0.759663	-0.214452	-1.22409	-2.28901	-3.43673	-4.70076	-6.1191	-7.73239	-9.57601	-11.6704	-14.0088	-16.5478	-19.1948	-21.782	-24.025	-25.4692	-25.4588	-23.2064	-18.0592	-9.98395	-1.69575e-05	9.98421	18.0589	23.2063	25.4592	25.4691	24.025	21.7821	19.195	16.5478	14.0087	11.6704	9.57598	7.73235	6.11916	4.70073	3.43673	2.28905	1.22412	0.214459	-0.759655	-1.70644	-2.61584	-3.44871	-4.12504	-4.51618	-4.45524	-3.7808	-2.43131	-0.556644	1.46965
0.002	0.233918	2.06974	3.64486	4.68749	5.10728	4.97706	4.44725	3.67012	2.76137	1.79254	0.797351	-0.217237	-1.2618	-2.35764	-3.53349	-4.82311	-6.26378	-7.89398	-9.74716	-11.8424	-14.172	-16.6876	-19.2828	-21.7678	-23.8338	-25.0179	-24.7025	-22.2098	-17.057	-9.33809	-1.28048e-05	9.33807	17.0568	22.2096	24.7025	25.0181	23.8336	21.7678	19.2828	16.6877	14.172	11.8425	9.74714	7.89396	6.26381	4.82312	3.53347	2.35767	1.26175	0.217245	-0.797391	-1.79258	-2.76136	-3.67009	-4.44731	-4.97708	-5.10728	-4.68747	-3.6449	-2.06983	-0.23386
0.0015	1.46566	3.17583	4.55653	5.3955	5.63837	5.36745	4.72895	3.86798	2.89392	1.87325	0.836163	-0.213048	-1.28679	-2.40818	-3.6069	-4.91729	-6.37657	-8.0221	-9.88621	-11.9866	-14.3141	-16.8153	-19.3743	-21.7859	-23.7257	-24.7276	-24.2024	-21.5508	-16.4003	-8.91868	-9.22281e-06	8.91867	16.4003	21.5508	24.2025	24.7275	23.7256	21.7858	19.374	16.8154	14.314	11.9866	9.88618	8.02208	6.37656	4.9173	3.6069	2.40819	1.28682	0.213038	-0.836155	-1.87324	-2.89392	-3.86801	-4.72899	-5.36739	-5.63834	-5.39547	-4.55655	-3.17576	-1.46566
0.001	2.29981	3.93036	5.19017	5.90048	6.02799	5.66133	4.94555	4.02258	2.99885	1.93832	0.86905	-0.206497	-1.30232	-2.44271	-3.65834	-4.98415	-6.45737	-8.11509	-9.98875	-12.0952	-14.4232	-16.9161	-19.4516	-21.8142	-23.6696	-24.5509	-23.8892	-21.1364	-15.9889	-8.65733	-6.00425e-06	8.65732	15.9889	21.1369	23.8892	24.5509	23.6697	21.8142	19.4516	16.9163	14.4232	12.0952	9.98871	8.11507	6.45739	4.98416	3.65836	2.44272	1.30232	0.206499	-0.869036	-1.93831	-2.99884	-4.02259	-4.94555	-5.66129	-6.02801	-5.90048	-5.19016	-3.93039	-2.29982
0.0005	2.78306	4.36962	5.56324	6.2026	6.26517	5.84312	5.08132	4.12048	3.06587	1.98036	0.890883	-0.201124	-1.31066	-2.46279	-3.68884	-5.0241	-6.50602	-8.17153	-10.0516	-12.1624	-14.4918	-16.9809	-19.503	-21.8375	-23.6444	-24.4566	-23.7178	-20.9081	-15.7632	-8.51433	-2.9846e-06	8.51433	15.7632	20.9081	23.7178	24.4564	23.6444	21.8375	19.503	16.9809	14.4918	12.1625	10.0516	8.17154	6.50604	5.02412	3.68886	2.4628	1.31066	0.201133	-0.890877	-1.98035	-3.06586	-4.12046	-5.08132	-5.8431	-6.26521	-6.20257	-5.56326	-4.36965	-2.78312
0	2.94145	4.51388	5.68641	6.30314	6.3448	5.90461	5.12749	4.15393	3.08889	1.99487	0.898518	-0.199091	-1.31327	-2.46938	-3.69895	-5.0374	-6.52229	-8.19042	-10.0728	-12.1853	-14.5151	-17.0031	-19.5211	-21.8463	-23.6372	-24.4269	-23.6634	-20.8358	-15.6911	-8.46898	0	8.46898	15.6911	20.8358	23.6633	24.4269	23.6372	21.8463	19.521	17.003	14.5151	12.1853	10.0728	8.19042	6.52228	5.0374	3.69895	2.46938	1.31328	0.199098	-0.898512	-1.99486	-3.08887	-4.15393	-5.1275	-5.9046	-6.34478	-6.30313	-5.68641	-4.51391	-2.94139
-0.0005	2.78306	4.36965	5.56326	6.20265	6.26519	5.84312	5.08132	4.12048	3.06587	1.98036	0.890883	-0.201125	-1.31066	-2.46279	-3.68884	-5.0241	-6.50602	-8.17149	-10.0516	-12.1624	-14.4918	-16.981	-19.5031	-21.8375	-23.6444	-24.4564	-23.7178	-20.9081	-15.7632	-8.51433	3.08031e-06	8.51433	15.7632	20.9081	23.7178	24.4566	23.6444	21.8375	19.503	16.9809	14.4918	12.1625	10.0517	8.17149	6.50603	5.02411	3.68885	2.4628	1.31066	0.201133	-0.890877	-1.98035	-3.06586	-4.12046	-5.08132	-5.84313	-6.26521	-6.2026	-5.56326	-4.36965	-2.78312
-0.001	2.29979	3.93033	5.19016	5.90049	6.02795	5.66132	4.94556	4.02259	2.99885	1.93833	0.869038	-0.206497	-1.30232	-2.44271	-3.65835	-4.98415	-6.45736	-8.11508	-9.98879	-12.0952	-14.4231	-16.9162	-19.4516	-21.8142	-23.6696	-24.5509	-23.8893	-21.1364	-15.9889	-8.65732	6.44307e-06	8.65733	15.9889	21.1364	23.8892	24.5509	23.6696	21.8142	19.4516	16.9163	14.4231	12.0952	9.98873	8.11505	6.45736	4.98417	3.65836	2.44272	1.30233	0.206505	-0.869036	-1.93831	-2.99885	-4.02258	-4.94557	-5.66132	-6.02799	-5.90046	-5.19016	-3.93035	-2.29981
-0.0015	1.4657	3.17577	4.55656	5.39551	5.63838	5.36743	4.72899	3.86801	2.89389	1.87326	0.836145	-0.21303	-1.28682	-2.40816	-3.60687	-4.91729	-6.37657	-8.02211	-9.8862	-11.9867	-14.3139	-16.8152	-19.3742	-21.7858	-23.7256	-24.7275	-24.2028	-21.5508	-16.4	-8.91867	1.02167e-05	8.91897	16.4	21.5508	24.2024	24.7275	23.7256	21.7859	19.3741	16.8151	14.314	11.9867	9.88621	8.0221	6.37656	4.9173	3.60689	2.40819	1.2868	0.213038	-0.836155	-1.87324	-2.8939	-3.868	-4.72897	-5.36741	-5.63836	-5.3955	-4.55654	-3.17577	-1.4657
-0.002	0.233869	2.06985	3.64491	4.68753	5.10728	4.97709	4.44728	3.67012	2.76139	1.79256	0.797398	-0.217213	-1.26177	-2.35763	-3.53347	-4.8231	-6.26383	-7.89398	-9.74721	-11.8426	-14.1721	-16.6876	-19.2828	-21.7677	-23.8339	-25.018	-24.7027	-22.2096	-17.0567	-9.33807	1.46206e-05	9.33809	17.0571	22.2098	24.7025	25.0179	23.8338	21.7678	19.2828	16.6876	14.1721	11.8425	9.74712	7.89397	6.26384	4.82311	3.5335	2.35764	1.2618	0.217269	-0.797367	-1.79255	-2.76138	-3.67009	-4.4473	-4.97704	-5.10728	-4.68749	-3.64488	-2.06978	-0.233851
-0.0025	-1.46955	0.556667	2.43136	3.78083	4.45527	4.51616	4.12501	3.44875	2.61581	1.70641	0.759633	-0.214451	-1.22409	-2.28898	-3.43675	-4.70073	-6.1192	-7.73229	-9.57595	-11.6704	-14.0087	-16.5478	-19.1949	-21.7821	-24.025	-25.4691	-25.4589	-23.2063	-18.0589	-9.98391	1.98988e-05	9.98395	18.0589	23.2064	25.4587	25.469	24.0248	21.782	19.195	16.5479	14.0088	11.6704	9.57598	7.73232	6.11913	4.70074	3.43676	2.28905	1.2241	0.21443	-0.759655	-1.70643	-2.61581	-3.44869	-4.12503	-4.5162	-4.45524	-3.7808	-2.43137	-0.556682	1.46955
-0.003	-3.75781	-1.44544	0.887731	2.69078	3.71889	4.02536	3.79767	3.23088	2.47619	1.62748	0.731348	-0.199061	-1.17015	-2.19986	-3.31494	-4.54884	-5.94195	-7.5384	-9.37789	-11.4808	-13.839	-16.4146	-19.1324	-21.857	-24.3402	-26.1459	-26.574	-24.6853	-19.5692	-10.9712	-0.0002919	10.9712	19.5689	24.6856	26.5741	26.1462	24.3403	21.8567	19.1325	16.4145	13.8389	11.4807	9.37779	7.53834	5.94198	4.54892	3.31488	2.19979	1.17001	0.198998	-0.731411	-1.62761	-2.47611	-3.23094	-3.79742	-4.02531	-3.71888	-2.69083	-0.887726	1.44552	3.75784
-0.0035	-6.80262	-4.05501	-1.01302	1.45583	2.96062	3.56571	3.51425	3.05164	2.36504	1.5703	0.721765	-0.164876	-1.0955	-2.08739	-3.16589	-4.36543	-5.73025	-7.31216	-9.15798	-11.2863	-13.6821	-16.3108	-19.1222	-22.0255	-24.8302	-27.135	-28.1933	-26.865	-21.847	-12.4924	3.45399e-05	12.4931	21.847	26.8647	28.1936	27.1349	24.8301	22.0256	19.1222	16.3106	13.682	11.2864	9.15782	7.31224	5.73026	4.36545	3.16589	2.0874	1.09551	0.164886	-0.721925	-1.57021	-2.36503	-3.05173	-3.51434	-3.56576	-2.96069	-1.45585	1.01297	4.05505	6.80255
-0.004	-10.871	-7.44342	-3.28308	0.158621	2.28395	3.22715	3.34195	2.95417	2.30771	1.54963	0.740791	-0.105551	-0.996529	-1.94883	-2.98763	-4.14783	-5.48008	-7.05093	-8.92112	-11.1041	-13.5629	-16.2645	-19.1937	-22.3247	-25.5527	-28.5457	-30.5168	-30.0703	-25.3172	-14.8829	4.52939e-05	14.8834	25.3172	30.0701	30.5173	28.5454	25.5527	22.3247	19.1937	16.2645	13.563	11.1038	8.92123	7.05104	5.48011	4.14764	2.98754	1.94884	0.996442	0.105562	-0.74078	-1.54952	-2.3076	-2.95407	-3.34197	-3.22714	-2.28388	-0.15861	3.28309	7.44335	10.871
-0.0045	-16.3939	-11.8614	-5.88625	-1.03591	1.85262	3.13581	3.36723	2.98884	2.32978	1.5795	0.797361	-0.0147662	-0.869018	-1.782	-2.77782	-3.89227	-5.18425	-6.74637	-8.67066	-10.9555	-13.5142	-16.3092	-19.3791	-22.788	-26.5666	-30.5087	-33.812	-34.7824	-30.6743	-18.7403	5.93833e-05	18.7401	30.6744	34.7822	33.8115	30.5083	26.5668	22.7882	19.3791	16.309	13.5143	10.9553	8.67057	6.74638	5.18424	3.89205	2.77762	1.78201	0.868917	0.014667	-0.79735	-1.57949	-2.32978	-2.98884	-3.36722	-3.13593	-1.8528	1.03566	5.88612	11.8614	16.3939
-0.005	-24.106	-17.6777	-8.65554	-1.81568	1.91608	3.46204	3.69911	3.21114	2.45198	1.67031	0.899454	0.113227	-0.709284	-1.58534	-2.53565	-3.59455	-4.83063	-6.37933	-8.40315	-10.8727	-13.5805	-16.4843	-19.7098	-23.4423	-27.9187	-33.1705	-38.418	-41.6906	-39.0805	-25.1859	7.89712e-05	25.1861	39.0804	41.6907	38.4173	33.1701	27.9189	23.4422	19.7099	16.4845	13.5805	10.8727	8.40326	6.37923	4.83063	3.59467	2.53566	1.58522	0.708926	-0.113215	-0.899443	-1.67055	-2.45197	-3.21077	-3.69888	-3.46225	-1.91598	1.81595	8.65554	17.6779	24.1059
# Vertical Kick [micro-rad]
START
 	-0.03	-0.029	-0.028	-0.027	-0.026	-0.025	-0.024	-0.023	-0.022	-0.021	-0.02	-0.019	-0.018	-0.017	-0.016	-0.015	-0.014	-0.013	-0.012	-0.011	-0.01	-0.009	-0.008	-0.007	-0.006	-0.005	-0.004	-0.003	-0.002	-0.001	0	0.001	0.002	0.003	0.004	0.005	0.006	0.007	0.008	0.009	0.01	0.011	0.012	0.013	0.014	0.015	0.016	0.017	0.018	0.019	0.02	0.021	0.022	0.023	0.024	0.025	0.026	0.027	0.028	0.029	0.03
0.005	-61.3713	-77.8605	-87.1399	-89.9454	-89.7622	-88.6705	-87.506	-86.6349	-86.142	-85.8577	-85.6119	-85.3382	-85.0142	-84.6275	-84.1593	-83.5842	-82.8756	-82.061	-81.3406	-81.0249	-81.1515	-81.5516	-82.2031	-83.3228	-85.5001	-89.947	-98.2784	-111.93	-131.105	-151.077	-160.195	-151.076	-131.106	-111.93	-98.2785	-89.9469	-85.4999	-83.3229	-82.2026	-81.5515	-81.151	-81.0246	-81.3403	-82.0609	-82.8753	-83.584	-84.1593	-84.6273	-85.0143	-85.3381	-85.6124	-85.8574	-86.142	-86.6348	-87.5061	-88.6705	-89.762	-89.9456	-87.14	-77.8605	-61.3713
0.0045	-50.5683	-62.3895	-70.152	-73.7718	-74.9397	-75.0269	-74.7528	-74.4645	-74.2803	-74.1584	-74.0243	-73.8387	-73.5874	-73.2637	-72.8571	-72.3557	-71.7546	-71.0901	-70.485	-70.1014	-69.9861	-70.0887	-70.4292	-71.2004	-72.8626	-76.2382	-82.3461	-91.9381	-104.55	-116.712	-121.989	-116.711	-104.551	-91.9377	-82.3461	-76.2381	-72.8626	-71.2001	-70.4292	-70.0886	-69.9858	-70.1011	-70.4847	-71.0898	-71.7545	-72.3557	-72.8571	-73.2636	-73.5874	-73.8388	-74.0243	-74.1585	-74.2803	-74.4645	-74.7529	-75.0268	-74.9399	-73.7719	-70.1521	-62.3893	-50.5683
0.004	-41.68	-50.4111	-56.73	-60.3814	-62.1753	-62.9554	-63.2589	-63.3776	-63.4381	-63.4589	-63.4212	-63.3108	-63.1241	-62.8593	-62.5137	-62.0833	-61.5734	-61.0144	-60.4813	-60.0643	-59.8055	-59.706	-59.8096	-60.2799	-61.4663	-63.9321	-68.3214	-74.9913	-83.3366	-90.9515	-94.1394	-90.9522	-83.3366	-74.991	-68.3212	-63.9321	-61.4661	-60.2796	-59.8094	-59.706	-59.8055	-60.0643	-60.4812	-61.0143	-61.5732	-62.0833	-62.5136	-62.8594	-63.1241	-63.311	-63.4212	-63.4589	-63.4381	-63.3777	-63.2588	-62.9553	-62.1753	-60.3813	-56.73	-50.4112	-41.6799
0.0035	-34.1953	-40.7607	-45.8307	-49.1632	-51.1414	-52.2645	-52.9016	-53.2779	-53.5089	-53.638	-53.6758	-53.6263	-53.4942	-53.2828	-52.9944	-52.6305	-52.1987	-51.7218	-51.2449	-50.8217	-50.4866	-50.2599	-50.1945	-50.4258	-51.2166	-52.9566	-56.0549	-60.6615	-66.2225	-71.1014	-73.093	-71.1021	-66.2222	-60.6619	-56.0544	-52.9567	-51.2164	-50.4258	-50.1944	-50.26	-50.4864	-50.8215	-51.2449	-51.7216	-52.1985	-52.6304	-52.9943	-53.2829	-53.4942	-53.6265	-53.6758	-53.6379	-53.5089	-53.2779	-52.9017	-52.2644	-51.1415	-49.1632	-45.8308	-40.7605	-34.1954
0.003	-27.7583	-32.731	-36.7477	-39.6197	-41.5253	-42.7517	-43.5396	-44.0509	-44.3811	-44.579	-44.6687	-44.6646	-44.5766	-44.4122	-44.1765	-43.8736	-43.5111	-43.1048	-42.6821	-42.2755	-41.9125	-41.6187	-41.4458	-41.5045	-41.9905	-43.1776	-45.3283	-48.4913	-52.2167	-55.3988	-56.6749	-55.3988	-52.2171	-48.4913	-45.3281	-43.1773	-41.9905	-41.5045	-41.446	-41.6185	-41.9122	-42.2753	-42.682	-43.1047	-43.511	-43.8736	-44.1764	-44.4122	-44.5767	-44.6646	-44.6688	-44.579	-44.3811	-44.051	-43.5396	-42.7517	-41.5253	-39.6198	-36.7477	-32.731	-27.7583
0.0025	-22.1104	-25.8608	-28.9877	-31.3556	-33.045	-34.2176	-35.0236	-35.5737	-35.9404	-36.1688	-36.2864	-36.3117	-36.2576	-36.1333	-35.9454	-35.6991	-35.4007	-35.0605	-34.6953	-34.3252	-33.9713	-33.6583	-33.4322	-33.3803	-33.6488	-34.4308	-35.8969	-38.0513	-40.5509	-42.6471	-43.4772	-42.6468	-40.551	-38.0513	-35.8968	-34.4307	-33.6488	-33.3802	-33.4321	-33.6583	-33.9712	-34.3252	-34.6952	-35.0605	-35.4006	-35.6991	-35.9454	-36.1333	-36.2575	-36.3116	-36.2864	-36.1689	-35.9405	-35.5737	-35.0236	-34.2175	-33.045	-31.3556	-28.9877	-25.8607	-22.1102
0.002	-17.0554	-19.8286	-22.1933	-24.0567	-25.4532	-26.472	-27.2035	-27.7191	-28.0711	-28.2959	-28.4191	-28.459	-28.429	-28.3385	-28.194	-28.0006	-27.7633	-27.4887	-27.1866	-26.8699	-26.5539	-26.2599	-26.0251	-25.9173	-26.0434	-26.5389	-27.5157	-28.9605	-30.6236	-32.0025	-32.5445	-32.0028	-30.6236	-28.9603	-27.5157	-26.5387	-26.0433	-25.9173	-26.0251	-26.2598	-26.5539	-26.8698	-27.1865	-27.4886	-27.7633	-28.0006	-28.1939	-28.3384	-28.4289	-28.4591	-28.4191	-28.296	-28.0711	-27.7191	-27.2034	-26.472	-25.4532	-24.0567	-22.1934	-19.8286	-17.0554
0.0015	-12.4377	-14.3972	-16.0947	-17.4691	-18.5342	-19.3377	-19.9316	-20.3598	-20.6571	-20.8504	-20.9602	-21.002	-20.9876	-20.925	-20.8202	-20.6772	-20.4996	-20.2915	-20.0587	-19.809	-19.5531	-19.3076	-19.1004	-18.9808	-19.0243	-19.3229	-19.9488	-20.886	-21.962	-22.8475	-23.1939	-22.8478	-21.9623	-20.8866	-19.9489	-19.3229	-19.0242	-18.9807	-19.1003	-19.3075	-19.5531	-19.8089	-20.0586	-20.2914	-20.4996	-20.6772	-20.8201	-20.925	-20.9875	-21.002	-20.9602	-20.8504	-20.6571	-20.3597	-19.9315	-19.3377	-18.5342	-17.4691	-16.0947	-14.3973	-12.4377
0.001	-8.12837	-9.3814	-10.478	-11.3819	-12.0977	-12.6496	-13.0653	-13.3695	-13.5832	-13.7238	-13.8054	-13.8391	-13.8334	-13.7943	-13.7261	-13.6317	-13.5134	-13.3734	-13.2151	-13.0427	-12.8634	-12.6876	-12.535	-12.4367	-12.4417	-12.6073	-12.9768	-13.5374	-14.1808	-14.7085	-14.914	-14.7085	-14.1808	-13.5372	-12.9769	-12.6073	-12.4418	-12.4368	-12.5349	-12.6877	-12.8634	-13.0427	-13.215	-13.3735	-13.5134	-13.6317	-13.7261	-13.7943	-13.8334	-13.8391	-13.8054	-13.7238	-13.5832	-13.3695	-13.0653	-12.6496	-12.0977	-11.3818	-10.478	-9.3814	-8.12844
0.0005	-4.01619	-4.62734	-5.16545	-5.61341	-5.97256	-6.25288	-6.4663	-6.62382	-6.73525	-6.80906	-6.85241	-6.87105	-6.86939	-6.85065	-6.81707	-6.77013	-6.71099	-6.64061	-6.5604	-6.47246	-6.38006	-6.28878	-6.20792	-6.1535	-6.14878	-6.2218	-6.39293	-6.65486	-6.95589	-7.20237	-7.29792	-7.20238	-6.95564	-6.65489	-6.39272	-6.22194	-6.14902	-6.15343	-6.20794	-6.28879	-6.38014	-6.47249	-6.5604	-6.64057	-6.71094	-6.77012	-6.81705	-6.85063	-6.86938	-6.87103	-6.85239	-6.80905	-6.73523	-6.62381	-6.46628	-6.25287	-5.97252	-5.61341	-5.16544	-4.62736	-4.01615
0	-2.64444e-06	-3.98431e-06	-5.62396e-06	-7.62586e-06	-9.56681e-06	-1.15265e-05	-1.32171e-05	-1.45652e-05	-1.54132e-05	-1.60508e-05	-1.61229e-05	-1.60422e-05	-1.56326e-05	-1.49418e-05	-1.40131e-05	-1.9762e-05	-1.08928e-05	-8.58235e-06	-5.80109e-06	-2.371e-06	1.44048e-06	5.40651e-06	9.4712e-06	1.28754e-05	1.54882e-05	1.68191e-05	1.66119e-05	1.46679e-05	1.10137e-05	5.89926e-06	0	-5.88042e-06	-1.0967e-05	-1.47018e-05	-1.69654e-05	-1.78001e-05	-1.73735e-05	-1.61546e-05	-1.43987e-05	6.41289e-05	-1.01336e-05	-8.09271e-06	1.91339e-05	-4.79415e-06	1.43315e-05	-2.61488e-06	-1.82512e-06	-1.24579e-06	-8.07909e-07	-4.41023e-07	0	3.64295e-07	8.67914e-07	1.35614e-06	1.74792e-06	2.2368e-06	2.59429e-06	2.71442e-06	2.92432e-06	2.86677e-06	2.59974e-06
-0.0005	4.01615	4.62736	5.16543	5.61337	5.97253	6.25287	6.46625	6.6238	6.73522	6.80903	6.85238	6.87102	6.86936	6.85062	6.81704	6.77011	6.71095	6.64054	6.56037	6.47243	6.38007	6.28894	6.20794	6.15343	6.14892	6.22195	6.39297	6.65489	6.95591	7.20238	7.29792	7.20237	6.95588	6.6546	6.39293	6.22191	6.14878	6.1534	6.20808	6.28884	6.38018	6.47245	6.56041	6.64059	6.71095	6.77013	6.81705	6.85064	6.86938	6.87103	6.85239	6.80905	6.73524	6.62381	6.46629	6.25289	5.97253	5.61344	5.16545	4.6274	4.01616
-0.001	8.12837	9.3814	10.478	11.3819	12.0977	12.6496	13.0652	13.3694	13.5832	13.7238	13.8054	13.8391	13.8334	13.7943	13.7261	13.6317	13.5134	13.3735	13.215	13.0427	12.8634	12.6877	12.535	12.4368	12.4417	12.6074	12.9771	13.5372	14.1805	14.7085	14.914	14.7085	14.1808	13.5371	12.9768	12.6073	12.4418	12.4368	12.5349	12.6878	12.8633	13.0427	13.215	13.3735	13.5134	13.6317	13.7261	13.7943	13.8334	13.8391	13.8054	13.7238	13.5832	13.3695	13.0653	12.6496	12.0977	11.3819	10.478	9.38143	8.12838
-0.0015	12.4376	14.3973	16.0946	17.4691	18.5341	19.3377	19.9315	20.3597	20.6571	20.8503	20.9601	21.002	20.9875	20.925	20.8201	20.6772	20.4996	20.2915	20.0586	19.8089	19.5531	19.3075	19.1004	18.9809	19.0242	19.3229	19.9489	20.8861	21.962	22.8478	23.1939	22.8478	21.9622	20.886	19.9488	19.3228	19.0242	18.9806	19.1003	19.3076	19.5531	19.8089	20.0586	20.2915	20.4996	20.6771	20.8201	20.925	20.9875	21.0021	20.9602	20.8504	20.6571	20.3598	19.9316	19.3377	18.5341	17.4691	16.0947	14.3973	12.4377
-0.002	17.0554	19.8286	22.1934	24.0567	25.4532	26.472	27.2034	27.7191	28.0711	28.2959	28.4191	28.459	28.4289	28.3384	28.1939	28.0006	27.7633	27.4886	27.1866	26.8698	26.5539	26.2599	26.0253	25.9173	26.0434	26.5388	27.5156	28.9606	30.6233	32.0028	32.5445	32.0031	30.6236	28.9605	27.5154	26.5389	26.0434	25.9172	26.0252	26.2599	26.5539	26.8698	27.1865	27.4887	27.7633	28.0006	28.1939	28.3384	28.429	28.459	28.4191	28.2959	28.0711	27.7191	27.2034	26.472	25.4532	24.0567	22.1934	19.8286	17.0554
-0.0025	22.1102	25.8607	28.9877	31.3556	33.0449	34.2175	35.0235	35.5736	35.9405	36.1688	36.2865	36.3116	36.2575	36.1333	35.9454	35.6991	35.4006	35.0605	34.6952	34.3252	33.9712	33.6584	33.4321	33.3802	33.6487	34.4307	35.8971	38.0513	40.551	42.6468	43.4769	42.6471	40.5509	38.0515	35.8969	34.4308	33.6487	33.3803	33.4321	33.6583	33.9711	34.3252	34.6951	35.0605	35.4006	35.6991	35.9454	36.1333	36.2575	36.3117	36.2864	36.1689	35.9404	35.5737	35.0236	34.2175	33.0449	31.3555	28.9877	25.8608	22.1103
-0.003	27.7582	32.731	36.7477	39.6197	41.5252	42.7516	43.5396	44.0508	44.381	44.5789	44.6687	44.6645	44.5765	44.4122	44.1765	43.8735	43.511	43.1047	42.6819	42.2755	41.9122	41.6186	41.446	41.5045	41.9906	43.1776	45.3281	48.4911	52.2171	55.3988	56.6749	55.3988	52.217	48.4913	45.3282	43.1775	41.9905	41.5045	41.4459	41.6186	41.9121	42.2755	42.682	43.1047	43.5109	43.8737	44.1764	44.4122	44.5766	44.6646	44.6688	44.579	44.3811	44.051	43.5396	42.7516	41.5253	39.6197	36.7478	32.731	27.7583
-0.0035	34.1953	40.7606	45.8307	49.1632	51.1414	52.2644	52.9016	53.2778	53.5088	53.6378	53.6758	53.6264	53.4942	53.2829	52.9942	52.6305	52.1985	51.7217	51.2449	50.8216	50.4864	50.2599	50.1946	50.426	51.2165	52.9569	56.0544	60.6619	66.2219	71.1018	73.093	71.1014	66.2222	60.6618	56.0549	52.9564	51.2165	50.426	50.1944	50.2599	50.4864	50.8217	51.2449	51.7216	52.1985	52.6304	52.9943	53.2829	53.4941	53.6264	53.6758	53.6379	53.5088	53.2778	52.9016	52.2643	51.1414	49.1632	45.8307	40.7606	34.1953
-0.004	41.6801	50.4112	56.73	60.3813	62.1752	62.9554	63.2589	63.3775	63.438	63.4589	63.4211	63.311	63.1241	62.8592	62.5136	62.0833	61.5734	61.0144	60.4811	60.0643	59.8055	59.706	59.8096	60.2798	61.4663	63.9318	68.3209	74.9911	83.3363	90.9522	94.1394	90.9522	83.3366	74.9913	68.3211	63.9318	61.4664	60.2799	59.8095	59.706	59.8054	60.0642	60.4812	61.0144	61.5733	62.0834	62.5136	62.8594	63.1242	63.311	63.4212	63.4591	63.4381	63.3777	63.2589	62.9554	62.1753	60.3815	56.73	50.4112	41.68
-0.0045	50.5683	62.3896	70.152	73.7717	74.9396	75.0268	74.7528	74.4644	74.2804	74.1583	74.024	73.8385	73.5874	73.2636	72.8571	72.3557	71.7543	71.0899	70.4847	70.1013	69.9859	70.0885	70.4292	71.2003	72.8625	76.238	82.346	91.9381	104.551	116.712	121.989	116.712	104.55	91.938	82.346	76.238	72.8625	71.2001	70.4292	70.0887	69.9858	70.1012	70.4847	71.0899	71.7544	72.3557	72.857	73.2635	73.5874	73.8384	74.0243	74.1585	74.2803	74.4645	74.7528	75.027	74.9396	73.7718	70.1522	62.3894	50.5683
-0.005	61.3713	77.8604	87.1399	89.9455	89.7619	88.6703	87.5057	86.6348	86.1422	85.8576	85.612	85.338	85.0144	84.6272	84.1591	83.5837	82.8752	82.0608	81.3404	81.0246	81.1512	81.5515	82.2028	83.3227	85.5	89.9469	98.2786	111.931	131.105	151.076	160.195	151.077	131.105	111.93	98.2784	89.9469	85.4998	83.3224	82.2028	81.5515	81.1513	81.0249	81.3406	82.061	82.8753	83.584	84.1593	84.6273	85.0143	85.3381	85.6123	85.8576	86.1425	86.6346	87.5061	88.6703	89.762	89.9454	87.1398	77.8604	61.3714
# Longitudinally Integrated Squared Transverse Magnetic Field [T2m]
START
 	-0.03	-0.029	-0.028	-0.027	-0.026	-0.025	-0.024	-0.023	-0.022	-0.021	-0.02	-0.019	-0.018	-0.017	-0.016	-0.015	-0.014	-0.013	-0.012	-0.011	-0.01	-0.009	-0.008	-0.007	-0.006	-0.005	-0.004	-0.003	-0.002	-0.001	0	0.001	0.002	0.003	0.004	0.005	0.006	0.007	0.008	0.009	0.01	0.011	0.012	0.013	0.014	0.015	0.016	0.017	0.018	0.019	0.02	0.021	0.022	0.023	0.024	0.025	0.026	0.027	0.028	0.029	0.03
0.005	0.410032	0.461695	0.49346	0.505442	0.504746	0.497883	0.489009	0.480548	0.473675	0.46869	0.465579	0.464346	0.465055	0.467814	0.472775	0.480156	0.490291	0.503757	0.521518	0.54475	0.574276	0.610573	0.654249	0.706298	0.768229	0.841982	0.9287	1.02628	1.12571	1.20613	1.23808	1.20613	1.12571	1.02628	0.9287	0.841982	0.768229	0.706297	0.654249	0.610572	0.574275	0.544749	0.521518	0.503756	0.49029	0.480155	0.472775	0.467814	0.465055	0.464346	0.465579	0.46869	0.473675	0.480547	0.489009	0.497882	0.504746	0.505442	0.49346	0.461695	0.410032
0.0045	0.342601	0.377368	0.398826	0.406812	0.405435	0.399128	0.391094	0.383317	0.376851	0.372113	0.369232	0.368277	0.369332	0.372521	0.37801	0.386041	0.396965	0.411317	0.429871	0.453527	0.483055	0.519054	0.562132	0.613031	0.672626	0.741646	0.81967	0.903311	0.983803	1.04526	1.06877	1.04526	0.983804	0.903311	0.81967	0.741646	0.672626	0.61303	0.562132	0.519054	0.483055	0.453526	0.42987	0.411317	0.396964	0.386041	0.37801	0.37252	0.369332	0.368276	0.369232	0.372113	0.376851	0.383317	0.391094	0.399128	0.405435	0.406812	0.398826	0.377368	0.342601
0.004	0.287017	0.309485	0.322449	0.32599	0.322768	0.315898	0.307821	0.300133	0.293737	0.289058	0.28628	0.285503	0.286822	0.290366	0.29631	0.304903	0.316496	0.331583	0.350821	0.374961	0.404721	0.440723	0.483535	0.533681	0.591551	0.657047	0.728762	0.802666	0.870678	0.920431	0.938956	0.920431	0.870678	0.802666	0.728762	0.657047	0.591551	0.533681	0.483534	0.440723	0.404721	0.374961	0.35082	0.331583	0.316495	0.304902	0.296309	0.290366	0.286822	0.285502	0.28628	0.289058	0.293736	0.300133	0.307821	0.315898	0.322768	0.32599	0.322449	0.309485	0.287017
0.0035	0.241289	0.254587	0.260689	0.259986	0.254452	0.246405	0.23774	0.229741	0.223162	0.218391	0.215611	0.214929	0.21644	0.220271	0.226598	0.235669	0.24783	0.263541	0.283387	0.308036	0.338159	0.374362	0.417153	0.466877	0.523554	0.586518	0.65374	0.7209	0.78063	0.822974	0.838439	0.822974	0.78063	0.7209	0.65374	0.586518	0.523554	0.466877	0.417153	0.374362	0.338159	0.308036	0.283387	0.263541	0.24783	0.235669	0.226598	0.220271	0.21644	0.214929	0.215611	0.21839	0.223162	0.229741	0.23774	0.246405	0.254452	0.259986	0.260689	0.254587	0.241289
0.003	0.203945	0.210318	0.210947	0.206486	0.198586	0.189101	0.179561	0.171016	0.164092	0.159119	0.15626	0.155609	0.157253	0.16131	0.167953	0.177427	0.190067	0.20631	0.226699	0.25185	0.282398	0.318919	0.361856	0.411408	0.467318	0.528525	0.592601	0.655116	0.709314	0.746871	0.760399	0.746871	0.709313	0.655116	0.592601	0.528525	0.467318	0.411408	0.361856	0.318918	0.282398	0.25185	0.226698	0.20631	0.190067	0.177427	0.167953	0.16131	0.157253	0.155609	0.15626	0.159119	0.164092	0.171015	0.179561	0.189101	0.198586	0.206486	0.210946	0.210318	0.203945
0.0025	0.173882	0.175014	0.171341	0.163712	0.15363	0.142683	0.132169	0.122975	0.115625	0.110392	0.107406	0.10674	0.108469	0.1127	0.119598	0.129403	0.142442	0.159135	0.18	0.205622	0.236605	0.273495	0.316677	0.366227	0.421687	0.481714	0.543626	0.602964	0.65345	0.687869	0.700147	0.687869	0.65345	0.602964	0.543626	0.481714	0.421687	0.366227	0.316677	0.273495	0.236605	0.205622	0.18	0.159135	0.142442	0.129403	0.119598	0.1127	0.108469	0.10674	0.107405	0.110391	0.115625	0.122975	0.132169	0.142683	0.15363	0.163712	0.171341	0.175014	0.173882
0.002	0.150269	0.147479	0.140499	0.130315	0.118362	0.106084	0.0946336	0.0847897	0.0770011	0.0714911	0.0683577	0.0676521	0.069431	0.073791	0.0808895	0.0909598	0.104322	0.121386	0.142654	0.168692	0.200082	0.237341	0.280804	0.330454	0.38568	0.444943	0.505394	0.562582	0.610586	0.642936	0.654398	0.642936	0.610586	0.562582	0.505394	0.444943	0.38568	0.330454	0.280804	0.237341	0.200082	0.168692	0.142654	0.121386	0.104322	0.0909598	0.0808895	0.0737909	0.0694309	0.067652	0.0683576	0.071491	0.077001	0.0847896	0.0946335	0.106083	0.118362	0.130315	0.140499	0.147479	0.150269
0.0015	0.132486	0.12685	0.117423	0.105285	0.0918421	0.0784579	0.0662024	0.055784	0.0476	0.0418351	0.0385594	0.0378032	0.0396083	0.0440603	0.0513091	0.0615824	0.0751945	0.0925509	0.114143	0.140523	0.17226	0.209847	0.253579	0.303369	0.358496	0.417286	0.47678	0.532545	0.578914	0.609915	0.620849	0.609915	0.578914	0.532545	0.47678	0.417286	0.358496	0.303369	0.253579	0.209846	0.17226	0.140523	0.114143	0.0925509	0.0751945	0.0615824	0.0513091	0.0440603	0.0396083	0.0378032	0.0385593	0.041835	0.0475999	0.0557839	0.0662023	0.0784578	0.091842	0.105285	0.117423	0.12685	0.132486
0.001	0.120085	0.112517	0.101407	0.0878935	0.0733738	0.0591679	0.0462994	0.0354358	0.0269408	0.0209725	0.0175801	0.0167774	0.0185942	0.0231073	0.0304603	0.0408768	0.0546676	0.0722343	0.0940626	0.120699	0.152699	0.190542	0.234493	0.284417	0.339518	0.398032	0.456931	0.511801	0.557145	0.587303	0.597908	0.587303	0.557145	0.511801	0.456931	0.398032	0.339518	0.284417	0.234493	0.190542	0.152699	0.120699	0.0940626	0.0722343	0.0546676	0.0408768	0.0304603	0.0231073	0.0185942	0.0167774	0.01758	0.0209725	0.0269407	0.0354357	0.0462993	0.0591678	0.0733737	0.0878934	0.101407	0.112517	0.120085
0.0005	0.112762	0.104072	0.0919777	0.0776484	0.0624788	0.0477688	0.0345186	0.0233744	0.0146817	0.00858288	0.0051142	0.00427944	0.00610035	0.0106481	0.0180625	0.0285642	0.0424622	0.060156	0.0821286	0.108923	0.141088	0.179092	0.223186	0.273203	0.328305	0.386678	0.445254	0.499634	0.544414	0.57411	0.584535	0.57411	0.544414	0.499634	0.445254	0.386678	0.328305	0.273203	0.223186	0.179092	0.141088	0.108923	0.0821287	0.060156	0.0424622	0.0285642	0.0180625	0.0106481	0.00610035	0.00427942	0.00511417	0.00858284	0.0146816	0.0233744	0.0345185	0.0477687	0.0624787	0.0776484	0.0919776	0.104072	0.112762
0	0.11034	0.101283	0.088864	0.0742645	0.0588778	0.043998	0.0306183	0.0193785	0.010618	0.00447426	0.000979152	0.000132958	0.00195475	0.00651372	0.0139483	0.0244784	0.0384121	0.0561485	0.0781696	0.105017	0.137238	0.175298	0.219441	0.269491	0.324597	0.382926	0.441401	0.495624	0.540224	0.569773	0.580141	0.569773	0.540224	0.495624	0.441401	0.382926	0.324597	0.269491	0.219441	0.175298	0.137238	0.105017	0.0781697	0.0561485	0.0384122	0.0244784	0.0139484	0.00651376	0.00195477	0.000132962	0.000979138	0.00447423	0.0106179	0.0193784	0.0306183	0.0439979	0.0588777	0.0742645	0.088864	0.101283	0.11034
-0.0005	0.112762	0.104072	0.0919776	0.0776484	0.0624788	0.0477687	0.0345186	0.0233744	0.0146816	0.00858285	0.00511416	0.0042794	0.00610031	0.010648	0.0180624	0.0285641	0.0424621	0.060156	0.0821286	0.108922	0.141088	0.179092	0.223186	0.273203	0.328305	0.386678	0.445254	0.499634	0.544414	0.57411	0.584535	0.57411	0.544414	0.499634	0.445254	0.386678	0.328305	0.273203	0.223186	0.179092	0.141088	0.108923	0.0821287	0.060156	0.0424622	0.0285642	0.0180625	0.0106481	0.00610035	0.00427942	0.00511417	0.00858284	0.0146816	0.0233744	0.0345185	0.0477687	0.0624787	0.0776484	0.0919776	0.104072	0.112762
-0.001	0.120085	0.112517	0.101407	0.0878934	0.0733737	0.0591678	0.0462994	0.0354358	0.0269407	0.0209725	0.01758	0.0167774	0.0185942	0.0231072	0.0304602	0.0408767	0.0546675	0.0722342	0.0940625	0.120699	0.152699	0.190542	0.234493	0.284417	0.339518	0.398032	0.456931	0.511801	0.557145	0.587303	0.597908	0.587303	0.557145	0.511801	0.456931	0.398032	0.339518	0.284417	0.234493	0.190542	0.152699	0.120699	0.0940626	0.0722343	0.0546676	0.0408768	0.0304603	0.0231073	0.0185942	0.0167774	0.01758	0.0209725	0.0269407	0.0354357	0.0462993	0.0591678	0.0733737	0.0878934	0.101407	0.112517	0.120085
-0.0015	0.132486	0.12685	0.117423	0.105285	0.091842	0.0784578	0.0662023	0.0557839	0.0475998	0.0418349	0.0385592	0.0378031	0.0396082	0.0440602	0.051309	0.0615823	0.0751944	0.0925508	0.114142	0.140523	0.17226	0.209846	0.253579	0.303369	0.358496	0.417286	0.47678	0.532545	0.578914	0.609915	0.620849	0.609915	0.578914	0.532545	0.47678	0.417286	0.358496	0.303369	0.253579	0.209846	0.17226	0.140523	0.114143	0.0925509	0.0751945	0.0615823	0.0513091	0.0440603	0.0396083	0.0378032	0.0385593	0.041835	0.0475999	0.0557839	0.0662023	0.0784578	0.091842	0.105285	0.117423	0.12685	0.132486
-0.002	0.150269	0.147479	0.140499	0.130315	0.118362	0.106083	0.0946335	0.0847895	0.077001	0.071491	0.0683576	0.0676519	0.0694308	0.0737908	0.0808893	0.0909597	0.104321	0.121386	0.142654	0.168692	0.200082	0.237341	0.280804	0.330454	0.38568	0.444943	0.505394	0.562582	0.610586	0.642936	0.654398	0.642936	0.610586	0.562582	0.505394	0.444943	0.38568	0.330454	0.280804	0.237341	0.200082	0.168692	0.142654	0.121386	0.104321	0.0909598	0.0808894	0.0737909	0.0694309	0.067652	0.0683576	0.071491	0.077001	0.0847896	0.0946335	0.106083	0.118362	0.130315	0.140499	0.147479	0.150269
-0.0025	0.173882	0.175014	0.171341	0.163712	0.15363	0.142683	0.132169	0.122975	0.115625	0.110391	0.107405	0.10674	0.108469	0.1127	0.119598	0.129403	0.142442	0.159135	0.18	0.205622	0.236605	0.273495	0.316677	0.366227	0.421687	0.481714	0.543626	0.602964	0.65345	0.687869	0.700147	0.687869	0.65345	0.602964	0.543626	0.481714	0.421687	0.366227	0.316677	0.273495	0.236605	0.205622	0.18	0.159135	0.142442	0.129403	0.119598	0.1127	0.108469	0.10674	0.107405	0.110391	0.115625	0.122975	0.132169	0.142683	0.15363	0.163712	0.171341	0.175014	0.173882
-0.003	0.203945	0.210317	0.210946	0.206486	0.198586	0.189101	0.179561	0.171015	0.164092	0.159119	0.15626	0.155609	0.157253	0.16131	0.167953	0.177427	0.190066	0.20631	0.226698	0.25185	0.282397	0.318918	0.361856	0.411408	0.467318	0.528525	0.592601	0.655117	0.709314	0.746871	0.760399	0.746871	0.709313	0.655116	0.592601	0.528525	0.467318	0.411407	0.361856	0.318918	0.282398	0.25185	0.226698	0.20631	0.190066	0.177427	0.167953	0.16131	0.157253	0.155609	0.15626	0.159119	0.164092	0.171015	0.179561	0.189101	0.198586	0.206486	0.210946	0.210318	0.203945
-0.0035	0.241289	0.254587	0.260689	0.259986	0.254452	0.246405	0.23774	0.229741	0.223162	0.21839	0.215611	0.214928	0.21644	0.220271	0.226597	0.235669	0.24783	0.263541	0.283387	0.308036	0.338159	0.374362	0.417153	0.466877	0.523554	0.586518	0.65374	0.7209	0.78063	0.822974	0.838439	0.822974	0.78063	0.7209	0.65374	0.586518	0.523554	0.466877	0.417153	0.374362	0.338159	0.308036	0.283387	0.263541	0.24783	0.235669	0.226598	0.220271	0.21644	0.214929	0.215611	0.21839	0.223162	0.229741	0.23774	0.246405	0.254452	0.259986	0.260689	0.254587	0.241289
-0.004	0.287017	0.309485	0.322449	0.325989	0.322767	0.315898	0.307821	0.300133	0.293736	0.289058	0.28628	0.285502	0.286822	0.290366	0.296309	0.304902	0.316495	0.331583	0.35082	0.374961	0.404721	0.440723	0.483534	0.533681	0.591551	0.657047	0.728762	0.802666	0.870678	0.920431	0.938956	0.920431	0.870678	0.802666	0.728762	0.657047	0.591551	0.533681	0.483534	0.440723	0.404721	0.374961	0.35082	0.331583	0.316495	0.304902	0.296309	0.290366	0.286822	0.285502	0.28628	0.289058	0.293736	0.300133	0.307821	0.315898	0.322768	0.32599	0.322449	0.309486	0.287017
-0.0045	0.342601	0.377368	0.398825	0.406812	0.405435	0.399127	0.391093	0.383317	0.376851	0.372113	0.369232	0.368276	0.369332	0.37252	0.37801	0.38604	0.396964	0.411317	0.42987	0.453526	0.483055	0.519054	0.562132	0.613031	0.672626	0.741646	0.81967	0.903311	0.983804	1.04526	1.06877	1.04526	0.983803	0.903311	0.81967	0.741646	0.672626	0.61303	0.562132	0.519054	0.483055	0.453526	0.42987	0.411317	0.396964	0.386041	0.37801	0.37252	0.369332	0.368276	0.369232	0.372113	0.376851	0.383317	0.391094	0.399128	0.405435	0.406812	0.398826	0.377369	0.342601
-0.005	0.410032	0.461695	0.49346	0.505442	0.504746	0.497882	0.489009	0.480547	0.473674	0.46869	0.465579	0.464346	0.465055	0.467813	0.472775	0.480155	0.49029	0.503756	0.521518	0.544749	0.574275	0.610572	0.654249	0.706298	0.768229	0.841982	0.928701	1.02628	1.12571	1.20613	1.23808	1.20613	1.12571	1.02628	0.9287	0.841982	0.768228	0.706297	0.654249	0.610572	0.574275	0.544749	0.521518	0.503756	0.49029	0.480155	0.472775	0.467814	0.465055	0.464346	0.465579	0.46869	0.473675	0.480547	0.489009	0.497882	0.504746	0.505442	0.49346	0.461695	0.410033
