# Auto-generated by pyeletra.utils.kickmap.generate_Radia_kickmap_file()
# Undulator Length [m]
1.4
# Number of Horizontal Points
61
# Number of Vertical Points
21
# Horizontal Kick [micro-rad]
START
                          -2.9999999999999999e-02 -2.9000000000000001e-02 -2.8000000000000001e-02 -2.7000000000000000e-02 -2.5999999999999999e-02 -2.5000000000000001e-02 -2.4000000000000000e-02 -2.3000000000000000e-02 -2.1999999999999999e-02 -2.1000000000000001e-02 -2.0000000000000000e-02 -1.9000000000000000e-02 -1.7999999999999999e-02 -1.7000000000000001e-02 -1.6000000000000000e-02 -1.4999999999999999e-02 -1.4000000000000000e-02 -1.2999999999999999e-02 -1.2000000000000000e-02 -1.0999999999999999e-02 -1.0000000000000000e-02 -8.9999999999999993e-03 -8.0000000000000002e-03 -7.0000000000000001e-03 -6.0000000000000001e-03 -5.0000000000000001e-03 -4.0000000000000001e-03 -3.0000000000000001e-03 -2.0000000000000000e-03 -1.0000000000000000e-03  0.0000000000000000e+00  1.0000000000000000e-03  2.0000000000000000e-03  3.0000000000000001e-03  4.0000000000000001e-03  5.0000000000000001e-03  6.0000000000000001e-03  7.0000000000000001e-03  8.0000000000000002e-03  8.9999999999999993e-03  1.0000000000000000e-02  1.0999999999999999e-02  1.2000000000000000e-02  1.2999999999999999e-02  1.4000000000000000e-02  1.4999999999999999e-02  1.6000000000000000e-02  1.7000000000000001e-02  1.7999999999999999e-02  1.9000000000000000e-02  2.0000000000000000e-02  2.1000000000000001e-02  2.1999999999999999e-02  2.3000000000000000e-02  2.4000000000000000e-02  2.5000000000000001e-02  2.5999999999999999e-02  2.7000000000000000e-02  2.8000000000000001e-02  2.9000000000000001e-02  2.9999999999999999e-02
   5.0000000000000001e-03 -8.7690599999999996e+00 -6.4340599999999988e+00 -3.1538799999999996e+00 -6.6647999999999996e-01  6.9150199999999995e-01  1.2551340000000000e+00  1.3423999999999998e+00  1.1655799999999998e+00  8.9003800000000000e-01  6.0623799999999994e-01  3.2625999999999999e-01  4.0662399999999994e-02 -2.5821200000000000e-01 -5.7658199999999993e-01 -9.2190799999999995e-01 -1.3068260000000000e+00 -1.7561219999999997e+00 -2.3191600000000001e+00 -3.0549800000000000e+00 -3.9528399999999992e+00 -4.9373399999999990e+00 -5.9928400000000002e+00 -7.1650199999999993e+00 -8.5210799999999995e+00 -1.0147359999999999e+01 -1.2054639999999999e+01 -1.3959559999999998e+01 -1.5146239999999999e+01 -1.4195819999999999e+01 -9.1479399999999984e+00 -4.6314399999999997e-06  9.1479599999999994e+00  1.4195799999999998e+01  1.5146339999999999e+01  1.3959479999999997e+01  1.2054619999999998e+01  1.0147399999999999e+01  8.5210799999999995e+00  7.1649399999999996e+00  5.9928999999999997e+00  4.9373199999999997e+00  3.9529600000000000e+00  3.0549999999999997e+00  2.3190999999999997e+00  1.7560839999999998e+00  1.3068339999999998e+00  9.2192599999999991e-01  5.7656999999999992e-01  2.5824199999999997e-01 -4.0673999999999995e-02 -3.2629199999999997e-01 -6.0622599999999993e-01 -8.9004999999999990e-01 -1.1655300000000000e+00 -1.3423519999999998e+00 -1.2551280000000000e+00 -6.9155999999999995e-01  6.6650999999999994e-01  3.1538999999999997e+00  6.4340399999999995e+00  8.7690999999999999e+00
   4.4999999999999997e-03 -5.9607999999999990e+00 -4.3139199999999995e+00 -2.1424399999999997e+00 -3.7942799999999999e-01  6.7092799999999986e-01  1.1380679999999999e+00  1.2226319999999999e+00  1.0855600000000001e+00  8.4618800000000005e-01  5.7351200000000002e-01  2.8937599999999997e-01 -5.7546399999999992e-03 -3.1623399999999996e-01 -6.4820599999999995e-01 -1.0101979999999999e+00 -1.4153079999999998e+00 -1.8850899999999997e+00 -2.4530200000000000e+00 -3.1526999999999998e+00 -3.9835399999999996e+00 -4.9139799999999996e+00 -5.9300600000000001e+00 -7.0458399999999992e+00 -8.2849199999999996e+00 -9.6578799999999987e+00 -1.1089860000000000e+01 -1.2288899999999998e+01 -1.2640099999999999e+01 -1.1145759999999999e+01 -6.8087399999999993e+00 -3.8257399999999991e-06  6.8087799999999996e+00  1.1145759999999999e+01  1.2640059999999998e+01  1.2288899999999998e+01  1.1089860000000000e+01  9.6578799999999987e+00  8.2848799999999994e+00  7.0458999999999996e+00  5.9300400000000000e+00  4.9139799999999996e+00  3.9835199999999995e+00  3.1526399999999994e+00  2.4530599999999998e+00  1.8850719999999996e+00  1.4152959999999999e+00  1.0101599999999999e+00  6.4815199999999995e-01  3.1624999999999998e-01  5.7912399999999996e-03 -2.8935599999999995e-01 -5.7355599999999995e-01 -8.4615199999999990e-01 -1.0855219999999999e+00 -1.2226699999999999e+00 -1.1380020000000000e+00 -6.7097199999999990e-01  3.7942799999999999e-01  2.1424599999999998e+00  4.3138800000000002e+00  5.9607399999999995e+00
   4.0000000000000001e-03 -3.9517400000000000e+00 -2.7061799999999998e+00 -1.1944059999999999e+00  5.6481999999999997e-02  8.2901799999999992e-01  1.1721919999999999e+00  1.2142160000000000e+00  1.0734079999999999e+00  8.3853399999999989e-01  5.6296599999999997e-01  2.6897799999999994e-01 -3.8682200000000000e-02 -3.6257199999999995e-01 -7.0885799999999999e-01 -1.0865440000000000e+00 -1.5084299999999999e+00 -1.9928640000000000e+00 -2.5640199999999997e+00 -3.2441999999999998e+00 -4.0378200000000000e+00 -4.9320599999999999e+00 -5.9142799999999998e+00 -6.9792399999999999e+00 -8.1172599999999999e+00 -9.2903799999999990e+00 -1.0377540000000000e+01 -1.1093319999999999e+01 -1.0929619999999998e+01 -9.2009799999999995e+00 -5.4084599999999998e+00 -3.2225199999999993e-06  5.4084599999999998e+00  9.2009399999999992e+00  1.0929619999999998e+01  1.1093340000000000e+01  1.0377640000000000e+01  9.2903400000000005e+00  8.1172599999999999e+00  6.9792399999999999e+00  5.9142599999999996e+00  4.9320599999999999e+00  4.0379399999999990e+00  3.2441799999999996e+00  2.5640999999999998e+00  1.9929239999999999e+00  1.5084119999999999e+00  1.0865179999999999e+00  7.0889999999999997e-01  3.6258199999999996e-01  3.8705999999999997e-02 -2.6900999999999997e-01 -5.6294999999999995e-01 -8.3846999999999994e-01 -1.0733759999999999e+00 -1.2141599999999999e+00 -1.1721399999999997e+00 -8.2901399999999981e-01 -5.6454199999999996e-02  1.1943699999999999e+00  2.7061799999999998e+00  3.9517400000000000e+00
   3.5000000000000001e-03 -2.4725199999999998e+00 -1.4738959999999999e+00 -3.6841999999999997e-01  5.2884799999999998e-01  1.0758139999999998e+00  1.2958780000000001e+00  1.2772759999999999e+00  1.1091439999999999e+00  8.5960399999999992e-01  5.7068999999999992e-01  2.6221199999999995e-01 -6.0166199999999996e-02 -3.9859599999999995e-01 -7.5920399999999988e-01 -1.1514080000000000e+00 -1.5876839999999999e+00 -2.0839999999999996e+00 -2.6592400000000000e+00 -3.3304399999999998e+00 -4.1044199999999993e+00 -4.9756399999999994e+00 -5.9313999999999991e+00 -6.9535999999999998e+00 -8.0091199999999994e+00 -9.0283799999999985e+00 -9.8656999999999986e+00 -1.0249720000000000e+01 -9.7656599999999987e+00 -7.9409199999999993e+00 -4.5405799999999994e+00 -2.6680199999999998e-06  4.5405599999999993e+00  7.9409399999999994e+00  9.7656799999999997e+00  1.0249739999999999e+01  9.8657399999999988e+00  9.0283799999999985e+00  8.0090999999999983e+00  6.9535799999999988e+00  5.9314199999999992e+00  4.9756399999999994e+00  4.1044599999999996e+00  3.3304399999999998e+00  2.6592400000000000e+00  2.0839599999999998e+00  1.5876679999999999e+00  1.1514379999999997e+00  7.5923199999999991e-01  3.9857999999999993e-01  6.0165999999999990e-02 -2.6223999999999997e-01 -5.7066200000000000e-01 -8.5958400000000001e-01 -1.1091979999999999e+00 -1.2772679999999998e+00 -1.2958939999999999e+00 -1.0758299999999998e+00 -5.2879599999999993e-01  3.6841999999999997e-01  1.4738779999999998e+00  2.4725000000000001e+00
   3.0000000000000001e-03 -1.3656040000000000e+00 -5.2508400000000000e-01  3.2289599999999996e-01  9.7822600000000004e-01  1.3519119999999998e+00  1.4633200000000000e+00  1.3805599999999998e+00  1.1746200000000000e+00  9.0018199999999993e-01  5.9163999999999994e-01  2.6577399999999995e-01 -7.2523000000000004e-02 -4.2563599999999996e-01 -8.0016200000000004e-01 -1.2056519999999999e+00 -1.6544139999999998e+00 -2.1609999999999996e+00 -2.7415999999999996e+00 -3.4105400000000001e+00 -4.1753000000000000e+00 -5.0328799999999996e+00 -5.9693999999999994e+00 -6.9576400000000005e+00 -7.9480999999999984e+00 -8.8506399999999985e+00 -9.5066399999999991e+00 -9.6617199999999990e+00 -8.9743199999999987e+00 -7.1136799999999987e+00 -3.9880799999999996e+00 -2.1936799999999997e-06  3.9880799999999996e+00  7.1136799999999987e+00  8.9743199999999987e+00  9.6617199999999990e+00  9.5065999999999988e+00  8.8506199999999993e+00  7.9480799999999991e+00  6.9576199999999995e+00  5.9693800000000001e+00  5.0328799999999996e+00  4.1752799999999999e+00  3.4105200000000000e+00  2.7415999999999996e+00  2.1610199999999997e+00  1.6543819999999998e+00  1.2056579999999999e+00  8.0010799999999993e-01  4.2564599999999991e-01  7.2537399999999988e-02 -2.6578199999999996e-01 -5.9163399999999999e-01 -9.0019600000000000e-01 -1.1745839999999999e+00 -1.3805759999999998e+00 -1.4633699999999998e+00 -1.3519040000000000e+00 -9.7820999999999991e-01 -3.2288600000000001e-01  5.2511799999999997e-01  1.3656059999999999e+00
   2.5000000000000001e-03 -5.3378799999999993e-01  2.0280200000000001e-01  8.8420799999999988e-01  1.3747019999999999e+00  1.6198919999999999e+00  1.6420539999999997e+00  1.4998379999999998e+00  1.2539699999999998e+00  9.5112399999999997e-01  6.2046000000000001e-01  2.7615400000000001e-01 -7.8075599999999995e-02 -4.4525399999999998e-01 -8.3254399999999995e-01 -1.2499680000000000e+00 -1.7096540000000000e+00 -2.2255199999999995e+00 -2.8121799999999997e+00 -3.4826999999999995e+00 -4.2443999999999997e+00 -5.0947600000000000e+00 -6.0180599999999993e+00 -6.9805000000000001e+00 -7.9210799999999999e+00 -8.7363000000000000e+00 -9.2608999999999995e+00 -9.2566399999999991e+00 -8.4371999999999989e+00 -6.5651799999999989e+00 -3.6294599999999999e+00 -1.7719399999999998e-06  3.6294599999999999e+00  6.5651799999999989e+00  8.4371999999999989e+00  9.2566799999999994e+00  9.2608800000000002e+00  8.7363000000000000e+00  7.9211200000000002e+00  6.9805000000000001e+00  6.0180399999999992e+00  5.0947600000000000e+00  4.2443999999999997e+00  3.4826999999999995e+00  2.8121999999999998e+00  2.2255199999999995e+00  1.7096599999999997e+00  1.2499719999999999e+00  8.3254399999999995e-01  4.4527599999999995e-01  7.8085799999999997e-02 -2.7616399999999997e-01 -6.2046000000000001e-01 -9.5112399999999997e-01 -1.2539759999999998e+00 -1.4998440000000000e+00 -1.6420580000000000e+00 -1.6198799999999998e+00 -1.3747159999999998e+00 -8.8419999999999999e-01 -2.0278399999999996e-01  5.3378999999999999e-01
   2.0000000000000000e-03  8.5510399999999986e-02  7.5290999999999986e-01  1.3254699999999999e+00  1.7044679999999999e+00  1.8571000000000000e+00  1.8097699999999999e+00  1.6171859999999998e+00  1.3345919999999998e+00  1.0041539999999998e+00  6.5185000000000004e-01  2.8993399999999997e-01 -7.9059599999999994e-02 -4.5894199999999991e-01 -8.5750399999999993e-01 -1.2851539999999999e+00 -1.7541899999999997e+00 -2.2781599999999997e+00 -2.8710399999999998e+00 -3.5450200000000001e+00 -4.3070599999999999e+00 -5.1542599999999998e+00 -6.0689999999999991e+00 -7.0126199999999992e+00 -7.9160399999999989e+00 -8.6669599999999996e+00 -9.0971399999999996e+00 -8.9818999999999996e+00 -8.0749999999999993e+00 -6.2013199999999991e+00 -3.3948999999999994e+00 -1.3781339999999999e-06  3.3948999999999994e+00  6.2013599999999993e+00  8.0749999999999993e+00  8.9818999999999996e+00  9.0971399999999996e+00  8.6669599999999996e+00  7.9160399999999989e+00  7.0126599999999994e+00  6.0689999999999991e+00  5.1542399999999997e+00  4.3070599999999999e+00  3.5450399999999997e+00  2.8710399999999998e+00  2.2781599999999997e+00  1.7541899999999997e+00  1.2851619999999999e+00  8.5749399999999987e-01  4.5894399999999996e-01  7.9059199999999996e-02 -2.8993399999999997e-01 -6.5185999999999999e-01 -1.0041539999999998e+00 -1.3345840000000000e+00 -1.6171859999999998e+00 -1.8097819999999998e+00 -1.8570959999999999e+00 -1.7044720000000000e+00 -1.3254859999999999e+00 -7.5290800000000002e-01 -8.5503999999999997e-02
   1.5000000000000000e-03  5.3328799999999998e-01  1.1550099999999999e+00  1.6569820000000000e+00  1.9619920000000000e+00  2.0503000000000000e+00  1.9518139999999997e+00  1.7196879999999999e+00  1.4066239999999999e+00  1.0524139999999997e+00  6.8123599999999995e-01  3.0407000000000001e-01 -7.7506599999999995e-02 -4.6803399999999995e-01 -8.7587799999999993e-01 -1.3118559999999999e+00 -1.7884599999999997e+00 -2.3191999999999999e+00 -2.9176599999999997e+00 -3.5956399999999999e+00 -4.3595399999999991e+00 -5.2058999999999997e+00 -6.1154599999999997e+00 -7.0459199999999989e+00 -7.9226599999999996e+00 -8.6278199999999998e+00 -8.9916399999999985e+00 -8.8003000000000000e+00 -7.8357599999999996e+00 -5.9626399999999995e+00 -3.2424999999999993e+00 -1.0105439999999998e-06  3.2424999999999993e+00  5.9626399999999995e+00  7.8357599999999996e+00  8.8003000000000000e+00  8.9916399999999985e+00  8.6278199999999998e+00  7.9226799999999988e+00  7.0459199999999989e+00  6.1154599999999997e+00  5.2058999999999997e+00  4.3595399999999991e+00  3.5956199999999998e+00  2.9176799999999998e+00  2.3191999999999999e+00  1.7884599999999997e+00  1.3118539999999999e+00  8.7587599999999999e-01  4.6803199999999995e-01  7.7507999999999994e-02 -3.0407600000000001e-01 -6.8123799999999990e-01 -1.0524199999999999e+00 -1.4066280000000000e+00 -1.7196940000000001e+00 -1.9518139999999997e+00 -2.0502799999999999e+00 -1.9619779999999998e+00 -1.6569719999999999e+00 -1.1550119999999999e+00 -5.3327400000000003e-01
   1.0000000000000000e-03  8.3653799999999989e-01  1.4293539999999998e+00  1.8873579999999999e+00  2.1456199999999996e+00  2.1920199999999999e+00  2.0587199999999997e+00  1.7984959999999999e+00  1.4628880000000000e+00  1.0906159999999998e+00  7.0493599999999990e-01  3.1605599999999995e-01 -7.5107599999999997e-02 -4.7366199999999997e-01 -8.8842999999999994e-01 -1.3305759999999998e+00 -1.8127839999999997e+00 -2.3485999999999998e+00 -2.9514999999999998e+00 -3.6329599999999997e+00 -4.3990399999999994e+00 -5.2456199999999997e+00 -6.1522399999999990e+00 -7.0741600000000000e+00 -7.9330999999999996e+00 -8.6074999999999999e+00 -8.9274199999999979e+00 -8.6864599999999985e+00 -7.6850999999999994e+00 -5.8132999999999999e+00 -3.1476799999999998e+00 -6.6193799999999995e-07  3.1476799999999998e+00  5.8132999999999999e+00  7.6850999999999994e+00  8.6864599999999985e+00  8.9274199999999979e+00  8.6074999999999999e+00  7.9330999999999996e+00  7.0741600000000000e+00  6.1522399999999990e+00  5.2456399999999999e+00  4.3990399999999994e+00  3.6329599999999997e+00  2.9515199999999999e+00  2.3485999999999998e+00  1.8127780000000000e+00  1.3305759999999998e+00  8.8843200000000000e-01  4.7366599999999992e-01  7.5109999999999996e-02 -3.1605799999999995e-01 -7.0493799999999995e-01 -1.0906140000000000e+00 -1.4628880000000000e+00 -1.7984959999999999e+00 -2.0587199999999997e+00 -2.1920000000000002e+00 -2.1456199999999996e+00 -1.8873539999999998e+00 -1.4293620000000000e+00 -8.3653199999999994e-01
   5.0000000000000001e-04  1.0122519999999999e+00  1.5890659999999999e+00  2.0230199999999998e+00  2.2554999999999996e+00  2.2782800000000001e+00  2.1248600000000000e+00  1.8478859999999999e+00  1.4985139999999999e+00  1.1150080000000000e+00  7.2024199999999994e-01  3.2401599999999997e-01 -7.3146999999999990e-02 -4.7669199999999995e-01 -8.9573399999999992e-01 -1.3416679999999999e+00 -1.8273179999999998e+00 -2.3662999999999998e+00 -2.9720599999999999e+00 -3.6558399999999995e+00 -4.4235399999999991e+00 -5.2706000000000000e+00 -6.1757799999999996e+00 -7.0928999999999993e+00 -7.9416199999999995e+00 -8.5983400000000003e+00 -8.8932199999999995e+00 -8.6241799999999991e+00 -7.6023199999999997e+00 -5.7313199999999993e+00 -3.0956799999999998e+00 -3.2761799999999996e-07  3.0956799999999998e+00  5.7313199999999993e+00  7.6023199999999997e+00  8.6241799999999991e+00  8.8932199999999995e+00  8.5983400000000003e+00  7.9416199999999995e+00  7.0928999999999993e+00  6.1757799999999996e+00  5.2706000000000000e+00  4.4235399999999991e+00  3.6558199999999998e+00  2.9720599999999999e+00  2.3662999999999998e+00  1.8273179999999998e+00  1.3416679999999999e+00  8.9573399999999992e-01  4.7669199999999995e-01  7.3146400000000000e-02 -3.2401599999999997e-01 -7.2024199999999994e-01 -1.1150119999999999e+00 -1.4985099999999998e+00 -1.8478840000000001e+00 -2.1248600000000000e+00 -2.2782800000000001e+00 -2.2554999999999996e+00 -2.0230199999999998e+00 -1.5890759999999999e+00 -1.0122419999999999e+00
   0.0000000000000000e+00  1.0697999999999999e+00  1.6415040000000001e+00  2.0678199999999998e+00  2.2920400000000001e+00  2.3072399999999997e+00  2.1472199999999999e+00  1.8646879999999999e+00  1.5106899999999999e+00  1.1233839999999999e+00  7.2552599999999989e-01  3.2679799999999998e-01 -7.2403399999999993e-02 -4.7763999999999995e-01 -8.9812999999999987e-01 -1.3453400000000000e+00 -1.8321560000000001e+00 -2.3722200000000000e+00 -2.9789399999999997e+00 -3.6635399999999994e+00 -4.4318399999999993e+00 -5.2791399999999999e+00 -6.1838799999999994e+00 -7.0994399999999995e+00 -7.9447999999999990e+00 -8.5957799999999995e+00 -8.8825000000000003e+00 -8.6044199999999993e+00 -7.5759200000000000e+00 -5.7051999999999996e+00 -3.0791399999999998e+00  0.0000000000000000e+00  3.0791399999999998e+00  5.7051999999999996e+00  7.5759600000000002e+00  8.6044199999999993e+00  8.8825000000000003e+00  8.5957999999999988e+00  7.9447799999999997e+00  7.0994399999999995e+00  6.1838799999999994e+00  5.2791399999999999e+00  4.4318199999999992e+00  3.6635399999999994e+00  2.9789200000000000e+00  2.3722200000000000e+00  1.8321519999999998e+00  1.3453400000000000e+00  8.9812999999999987e-01  4.7763999999999995e-01  7.2403399999999993e-02 -3.2679799999999998e-01 -7.2552599999999989e-01 -1.1233839999999999e+00 -1.5106899999999999e+00 -1.8646879999999999e+00 -2.1472199999999999e+00 -2.3072399999999997e+00 -2.2920400000000001e+00 -2.0678199999999998e+00 -1.6415139999999999e+00 -1.0698099999999999e+00
  -5.0000000000000001e-04  1.0122519999999999e+00  1.5890779999999998e+00  2.0230199999999998e+00  2.2554999999999996e+00  2.2782999999999998e+00  2.1248600000000000e+00  1.8478859999999999e+00  1.4985119999999998e+00  1.1150080000000000e+00  7.2024199999999994e-01  3.2401599999999997e-01 -7.3146599999999992e-02 -4.7668999999999995e-01 -8.9573599999999987e-01 -1.3416679999999999e+00 -1.8273179999999998e+00 -2.3662999999999998e+00 -2.9720399999999998e+00 -3.6558199999999998e+00 -4.4235399999999991e+00 -5.2706000000000000e+00 -6.1757799999999996e+00 -7.0928999999999993e+00 -7.9416199999999995e+00 -8.5983400000000003e+00 -8.8932199999999995e+00 -8.6241799999999991e+00 -7.6023199999999997e+00 -5.7313199999999993e+00 -3.0956799999999998e+00 -1.2067059999999999e-05  3.0956799999999998e+00  5.7313000000000001e+00  7.6023199999999997e+00  8.6241799999999991e+00  8.8932199999999995e+00  8.5983400000000003e+00  7.9416199999999995e+00  7.0928999999999993e+00  6.1757999999999997e+00  5.2706000000000000e+00  4.4235399999999991e+00  3.6558199999999998e+00  2.9720599999999999e+00  2.3662999999999998e+00  1.8273199999999998e+00  1.3416679999999999e+00  8.9573399999999992e-01  4.7669199999999995e-01  7.3146999999999990e-02 -3.2401599999999997e-01 -7.2024199999999994e-01 -1.1150080000000000e+00 -1.4985139999999999e+00 -1.8478840000000001e+00 -2.1248600000000000e+00 -2.2782999999999998e+00 -2.2554999999999996e+00 -2.0230199999999998e+00 -1.5890659999999999e+00 -1.0122519999999999e+00
  -1.0000000000000000e-03  8.3654200000000001e-01  1.4293659999999997e+00  1.8873599999999997e+00  2.1456199999999996e+00  2.1920000000000002e+00  2.0587199999999997e+00  1.7984940000000000e+00  1.4628899999999998e+00  1.0906140000000000e+00  7.0493799999999995e-01  3.1605799999999995e-01 -7.5111999999999998e-02 -4.7366599999999992e-01 -8.8843399999999995e-01 -1.3305759999999998e+00 -1.8127780000000000e+00 -2.3485999999999998e+00 -2.9514999999999998e+00 -3.6329599999999997e+00 -4.3990399999999994e+00 -5.2456399999999999e+00 -6.1522399999999990e+00 -7.0741600000000000e+00 -7.9330999999999996e+00 -8.6074999999999999e+00 -8.9274199999999979e+00 -8.6864399999999993e+00 -7.6850999999999994e+00 -5.8132999999999999e+00 -3.1476799999999998e+00  6.5668799999999998e-07  3.1476799999999998e+00  5.8132999999999999e+00  7.6850999999999994e+00  8.6864599999999985e+00  8.9274199999999979e+00  8.6074999999999999e+00  7.9330999999999996e+00  7.0741600000000000e+00  6.1522399999999990e+00  5.2456399999999999e+00  4.3990399999999994e+00  3.6329599999999997e+00  2.9515199999999999e+00  2.3485999999999998e+00  1.8127799999999998e+00  1.3305739999999999e+00  8.8843200000000000e-01  4.7366399999999997e-01  7.5107999999999994e-02 -3.1605799999999995e-01 -7.0493799999999995e-01 -1.0906159999999998e+00 -1.4628880000000000e+00 -1.7984979999999999e+00 -2.0587199999999997e+00 -2.1920199999999999e+00 -2.1456199999999996e+00 -1.8873619999999998e+00 -1.4293439999999999e+00 -8.3652599999999988e-01
  -1.5000000000000000e-03  5.3329000000000004e-01  1.1550079999999998e+00  1.6569759999999998e+00  1.9619800000000001e+00  2.0503000000000000e+00  1.9518080000000000e+00  1.7196879999999999e+00  1.4066280000000000e+00  1.0524160000000000e+00  6.8123599999999995e-01  3.0406800000000000e-01 -7.7514199999999991e-02 -4.6803399999999995e-01 -8.7587599999999999e-01 -1.3118580000000000e+00 -1.7884640000000001e+00 -2.3191999999999999e+00 -2.9176599999999997e+00 -3.5956199999999998e+00 -4.3595399999999991e+00 -5.2058999999999997e+00 -6.1154599999999997e+00 -7.0459399999999999e+00 -7.9226799999999988e+00 -8.6278199999999998e+00 -8.9916399999999985e+00 -8.8003000000000000e+00 -7.8357599999999996e+00 -5.9626399999999995e+00 -3.2424999999999993e+00  9.9666399999999998e-07  3.2424999999999993e+00  5.9626399999999995e+00  7.8357599999999996e+00  8.8003000000000000e+00  8.9916399999999985e+00  8.6278199999999998e+00  7.9226999999999999e+00  7.0459399999999999e+00  6.1154599999999997e+00  5.2058999999999997e+00  4.3595399999999991e+00  3.5956399999999999e+00  2.9176799999999998e+00  2.3191999999999999e+00  1.7884579999999999e+00  1.3118559999999999e+00  8.7587799999999993e-01  4.6803399999999995e-01  7.7502199999999993e-02 -3.0407600000000001e-01 -6.8123999999999996e-01 -1.0524139999999997e+00 -1.4066299999999998e+00 -1.7196819999999997e+00 -1.9518139999999997e+00 -2.0502799999999999e+00 -1.9619839999999997e+00 -1.6569700000000001e+00 -1.1550079999999998e+00 -5.3327799999999992e-01
  -2.0000000000000000e-03  8.5503999999999997e-02  7.5290800000000002e-01  1.3254859999999999e+00  1.7044720000000000e+00  1.8571079999999998e+00  1.8097719999999997e+00  1.6171880000000001e+00  1.3345939999999998e+00  1.0041539999999998e+00  6.5185000000000004e-01  2.8993399999999997e-01 -7.9059400000000002e-02 -4.5894399999999996e-01 -8.5749600000000004e-01 -1.2851619999999999e+00 -1.7541920000000000e+00 -2.2781599999999997e+00 -2.8710399999999998e+00 -3.5450399999999997e+00 -4.3070399999999998e+00 -5.1542399999999997e+00 -6.0689999999999991e+00 -7.0126599999999994e+00 -7.9160399999999989e+00 -8.6669599999999996e+00 -9.0971399999999996e+00 -8.9818999999999996e+00 -8.0749999999999993e+00 -6.2013599999999993e+00 -3.3948999999999994e+00  1.3532499999999999e-06  3.3948999999999994e+00  6.2013199999999991e+00  8.0749999999999993e+00  8.9818999999999996e+00  9.0971399999999996e+00  8.6669399999999985e+00  7.9160599999999999e+00  7.0126199999999992e+00  6.0689999999999991e+00  5.1542599999999998e+00  4.3070599999999999e+00  3.5450200000000001e+00  2.8710399999999998e+00  2.2781799999999999e+00  1.7541920000000000e+00  1.2851559999999997e+00  8.5750199999999999e-01  4.5894199999999991e-01  7.9059400000000002e-02 -2.8993399999999997e-01 -6.5185000000000004e-01 -1.0041579999999999e+00 -1.3345840000000000e+00 -1.6171880000000001e+00 -1.8097740000000000e+00 -1.8571059999999997e+00 -1.7044699999999997e+00 -1.3254679999999999e+00 -7.5290599999999996e-01 -8.5512199999999997e-02
  -2.5000000000000001e-03 -5.3378999999999999e-01  2.0278399999999996e-01  8.8419999999999999e-01  1.3746959999999999e+00  1.6198839999999999e+00  1.6420539999999997e+00  1.4998239999999998e+00  1.2539720000000001e+00  9.5112799999999986e-01  6.2046000000000001e-01  2.7616399999999997e-01 -7.8083199999999992e-02 -4.4527000000000000e-01 -8.3254399999999995e-01 -1.2499579999999999e+00 -1.7096479999999998e+00 -2.2255199999999995e+00 -2.8121999999999998e+00 -3.4827199999999996e+00 -4.2443799999999996e+00 -5.0947600000000000e+00 -6.0180599999999993e+00 -6.9805199999999994e+00 -7.9210999999999991e+00 -8.7363000000000000e+00 -9.2608800000000002e+00 -9.2566799999999994e+00 -8.4371999999999989e+00 -6.5651799999999989e+00 -3.6294599999999999e+00  1.7314079999999999e-06  3.6294599999999999e+00  6.5651799999999989e+00  8.4371999999999989e+00  9.2566999999999986e+00  9.2608999999999995e+00  8.7363000000000000e+00  7.9210799999999999e+00  6.9805000000000001e+00  6.0180399999999992e+00  5.0947600000000000e+00  4.2443999999999997e+00  3.4826999999999995e+00  2.8121999999999998e+00  2.2255199999999995e+00  1.7096599999999997e+00  1.2499719999999999e+00  8.3254199999999989e-01  4.4525599999999999e-01  7.8075599999999995e-02 -2.7615400000000001e-01 -6.2046000000000001e-01 -9.5112399999999997e-01 -1.2539780000000000e+00 -1.4998399999999998e+00 -1.6420660000000000e+00 -1.6198820000000000e+00 -1.3747019999999999e+00 -8.8420399999999999e-01 -2.0280200000000001e-01  5.3378999999999999e-01
  -3.0000000000000001e-03 -1.3656019999999998e+00 -5.2508800000000000e-01  3.2288000000000000e-01  9.7821199999999997e-01  1.3519079999999999e+00  1.4633440000000000e+00  1.3805799999999999e+00  1.1745939999999999e+00  9.0017999999999987e-01  5.9163999999999994e-01  2.6578799999999997e-01 -7.2565199999999996e-02 -4.2563999999999996e-01 -8.0012799999999984e-01 -1.2056519999999999e+00 -1.6543839999999999e+00 -2.1610199999999997e+00 -2.7415999999999996e+00 -3.4105200000000000e+00 -4.1752799999999999e+00 -5.0328599999999994e+00 -5.9694399999999996e+00 -6.9576199999999995e+00 -7.9480999999999984e+00 -8.8506599999999995e+00 -9.5065999999999988e+00 -9.6617199999999990e+00 -8.9743199999999987e+00 -7.1136799999999987e+00 -3.9880799999999996e+00  2.1441599999999999e-06  3.9880799999999996e+00  7.1136799999999987e+00  8.9742999999999995e+00  9.6617199999999990e+00  9.5066599999999983e+00  8.8506199999999993e+00  7.9480999999999984e+00  6.9576400000000005e+00  5.9693999999999994e+00  5.0328799999999996e+00  4.1753000000000000e+00  3.4105599999999998e+00  2.7415999999999996e+00  2.1609999999999996e+00  1.6544160000000001e+00  1.2056279999999999e+00  8.0016200000000004e-01  4.2564200000000002e-01  7.2546999999999986e-02 -2.6577600000000001e-01 -5.9163399999999999e-01 -9.0017999999999987e-01 -1.1745900000000000e+00 -1.3805339999999997e+00 -1.4633399999999999e+00 -1.3519059999999998e+00 -9.7821199999999997e-01 -3.2286999999999999e-01  5.2510599999999996e-01  1.3656100000000000e+00
  -3.5000000000000001e-03 -2.4725000000000001e+00 -1.4738819999999999e+00 -3.6844600000000000e-01  5.2880599999999989e-01  1.0758419999999997e+00  1.2959039999999999e+00  1.2772619999999999e+00  1.1091720000000000e+00  8.5956199999999994e-01  5.7068999999999992e-01  2.6223399999999997e-01 -6.0158599999999993e-02 -3.9852399999999999e-01 -7.5923199999999991e-01 -1.1514379999999997e+00 -1.5876679999999999e+00 -2.0839599999999998e+00 -2.6592199999999995e+00 -3.3304399999999998e+00 -4.1044400000000003e+00 -4.9756399999999994e+00 -5.9314199999999992e+00 -6.9535599999999995e+00 -8.0090999999999983e+00 -9.0283999999999995e+00 -9.8656799999999993e+00 -1.0249739999999999e+01 -9.7656799999999997e+00 -7.9409399999999994e+00 -4.5405599999999993e+00  2.6019399999999999e-06  4.5405799999999994e+00  7.9409599999999987e+00  9.7656599999999987e+00  1.0249720000000000e+01  9.8656999999999986e+00  9.0284199999999988e+00  8.0090999999999983e+00  6.9535999999999998e+00  5.9313999999999991e+00  4.9756399999999994e+00  4.1044400000000003e+00  3.3304399999999998e+00  2.6592400000000000e+00  2.0839799999999999e+00  1.5876819999999998e+00  1.1514099999999998e+00  7.5920399999999988e-01  3.9861599999999997e-01  6.0151200000000002e-02 -2.6221199999999995e-01 -5.7068999999999992e-01 -8.5957600000000001e-01 -1.1091419999999999e+00 -1.2772720000000000e+00 -1.2958699999999999e+00 -1.0758479999999999e+00 -5.2884399999999987e-01  3.6843199999999998e-01  1.4738939999999998e+00  2.4725199999999998e+00
  -4.0000000000000001e-03 -3.9517400000000000e+00 -2.7061999999999999e+00 -1.1943820000000001e+00  5.6441600000000001e-02  8.2904800000000001e-01  1.1721480000000000e+00  1.2141459999999999e+00  1.0733679999999999e+00  8.3849199999999990e-01  5.6293399999999993e-01  2.6900199999999996e-01 -3.8673600000000002e-02 -3.6258199999999996e-01 -7.0889999999999997e-01 -1.0865140000000000e+00 -1.5084059999999997e+00 -1.9929239999999999e+00 -2.5640999999999998e+00 -3.2442199999999999e+00 -4.0379399999999990e+00 -4.9320999999999993e+00 -5.9142599999999996e+00 -6.9792399999999999e+00 -8.1172399999999989e+00 -9.2903400000000005e+00 -1.0377620000000000e+01 -1.1093359999999999e+01 -1.0929619999999998e+01 -9.2009399999999992e+00 -5.4084599999999998e+00  3.1088199999999995e-06  5.4084599999999998e+00  9.2009399999999992e+00  1.0929619999999998e+01  1.1093319999999999e+01  1.0377580000000000e+01  9.2903799999999990e+00  8.1171999999999986e+00  6.9792799999999993e+00  5.9143199999999991e+00  4.9320599999999999e+00  4.0378599999999993e+00  3.2441999999999998e+00  2.5640599999999996e+00  1.9928939999999999e+00  1.5084319999999998e+00  1.0865399999999998e+00  7.0886799999999994e-01  3.6261399999999994e-01  3.8631799999999994e-02 -2.6893600000000001e-01 -5.6296799999999991e-01 -8.3850199999999997e-01 -1.0733779999999999e+00 -1.2141839999999999e+00 -1.1721860000000000e+00 -8.2901000000000002e-01 -5.6474400000000001e-02  1.1944079999999999e+00  2.7061799999999998e+00  3.9517400000000000e+00
  -4.4999999999999997e-03 -5.9607399999999995e+00 -4.3138800000000002e+00 -2.1424599999999998e+00 -3.7939999999999996e-01  6.7096999999999996e-01  1.1379759999999999e+00  1.2226779999999999e+00  1.0855340000000000e+00  8.4617799999999987e-01  5.7355799999999990e-01  2.8940399999999999e-01 -5.7916000000000000e-03 -3.1624999999999998e-01 -6.4815199999999995e-01 -1.0101559999999998e+00 -1.4153060000000000e+00 -1.8850719999999996e+00 -2.4530799999999999e+00 -3.1526599999999996e+00 -3.9834799999999997e+00 -4.9139400000000002e+00 -5.9300799999999994e+00 -7.0459399999999999e+00 -8.2849000000000004e+00 -9.6578799999999987e+00 -1.1089879999999999e+01 -1.2288899999999998e+01 -1.2640039999999999e+01 -1.1145759999999999e+01 -6.8087799999999996e+00  4.5269799999999995e-06  6.8087399999999993e+00  1.1145759999999999e+01  1.2640079999999999e+01  1.2288899999999998e+01  1.1089899999999998e+01  9.6578799999999987e+00  8.2848799999999994e+00  7.0458799999999995e+00  5.9300400000000000e+00  4.9139400000000002e+00  3.9835599999999998e+00  3.1526999999999998e+00  2.4530599999999998e+00  1.8850579999999999e+00  1.4152839999999998e+00  1.0101319999999998e+00  6.4817999999999998e-01  3.1623199999999996e-01  5.7261800000000000e-03 -2.8937599999999997e-01 -5.7351999999999992e-01 -8.4614999999999985e-01 -1.0855619999999999e+00 -1.2226260000000000e+00 -1.1380559999999997e+00 -6.7092799999999986e-01  3.7940399999999996e-01  2.1424199999999995e+00  4.3138800000000002e+00  5.9607599999999996e+00
  -5.0000000000000001e-03 -8.7690999999999999e+00 -6.4340399999999995e+00 -3.1538999999999997e+00 -6.6651399999999994e-01  6.9157999999999997e-01  1.2551259999999997e+00  1.3423220000000000e+00  1.1655400000000000e+00  8.9004999999999990e-01  6.0622799999999999e-01  3.2629199999999997e-01  4.0620600000000000e-02 -2.5821200000000000e-01 -5.7656999999999992e-01 -9.2196999999999985e-01 -1.3068379999999999e+00 -1.7560879999999999e+00 -2.3190999999999997e+00 -3.0549999999999997e+00 -3.9529600000000000e+00 -4.9373399999999990e+00 -5.9928999999999997e+00 -7.1649399999999996e+00 -8.5210799999999995e+00 -1.0147440000000000e+01 -1.2054619999999998e+01 -1.3959519999999999e+01 -1.5146360000000000e+01 -1.4195799999999998e+01 -9.1479599999999994e+00  4.4107999999999993e-06  9.1479599999999994e+00  1.4195819999999999e+01  1.5146239999999999e+01  1.3959559999999998e+01  1.2054659999999998e+01  1.0147399999999999e+01  8.5210799999999995e+00  7.1650199999999993e+00  5.9928599999999994e+00  4.9373399999999990e+00  3.9527999999999994e+00  3.0549199999999996e+00  2.3191199999999998e+00  1.7561319999999998e+00  1.3068759999999999e+00  9.2191799999999990e-01  5.7656999999999992e-01  2.5825199999999998e-01 -4.0673599999999997e-02 -3.2625999999999999e-01 -6.0623799999999994e-01 -8.9003999999999983e-01 -1.1655840000000000e+00 -1.3423079999999998e+00 -1.2551280000000000e+00 -6.9154599999999999e-01  6.6648599999999991e-01  3.1538799999999996e+00  6.4340199999999994e+00  8.7690999999999999e+00
# Vertical Kick [micro-rad]
START
                          -2.9999999999999999e-02 -2.9000000000000001e-02 -2.8000000000000001e-02 -2.7000000000000000e-02 -2.5999999999999999e-02 -2.5000000000000001e-02 -2.4000000000000000e-02 -2.3000000000000000e-02 -2.1999999999999999e-02 -2.1000000000000001e-02 -2.0000000000000000e-02 -1.9000000000000000e-02 -1.7999999999999999e-02 -1.7000000000000001e-02 -1.6000000000000000e-02 -1.4999999999999999e-02 -1.4000000000000000e-02 -1.2999999999999999e-02 -1.2000000000000000e-02 -1.0999999999999999e-02 -1.0000000000000000e-02 -8.9999999999999993e-03 -8.0000000000000002e-03 -7.0000000000000001e-03 -6.0000000000000001e-03 -5.0000000000000001e-03 -4.0000000000000001e-03 -3.0000000000000001e-03 -2.0000000000000000e-03 -1.0000000000000000e-03  0.0000000000000000e+00  1.0000000000000000e-03  2.0000000000000000e-03  3.0000000000000001e-03  4.0000000000000001e-03  5.0000000000000001e-03  6.0000000000000001e-03  7.0000000000000001e-03  8.0000000000000002e-03  8.9999999999999993e-03  1.0000000000000000e-02  1.0999999999999999e-02  1.2000000000000000e-02  1.2999999999999999e-02  1.4000000000000000e-02  1.4999999999999999e-02  1.6000000000000000e-02  1.7000000000000001e-02  1.7999999999999999e-02  1.9000000000000000e-02  2.0000000000000000e-02  2.1000000000000001e-02  2.1999999999999999e-02  2.3000000000000000e-02  2.4000000000000000e-02  2.5000000000000001e-02  2.5999999999999999e-02  2.7000000000000000e-02  2.8000000000000001e-02  2.9000000000000001e-02  2.9999999999999999e-02
   5.0000000000000001e-03 -2.2340999999999998e+01 -2.8354399999999995e+01 -3.1745199999999997e+01 -3.2777400000000000e+01 -3.2718799999999995e+01 -3.2326999999999998e+01 -3.1906799999999997e+01 -3.1592199999999998e+01 -3.1414399999999997e+01 -3.1311999999999998e+01 -3.1223399999999994e+01 -3.1123999999999999e+01 -3.1006200000000000e+01 -3.0865599999999997e+01 -3.0694999999999997e+01 -3.0485199999999995e+01 -3.0226599999999998e+01 -2.9929399999999994e+01 -2.9666199999999996e+01 -2.9549799999999998e+01 -2.9594199999999997e+01 -2.9737799999999996e+01 -2.9972000000000001e+01 -3.0375399999999999e+01 -3.1161999999999999e+01 -3.2771999999999998e+01 -3.5792000000000002e+01 -4.0742599999999996e+01 -4.7697399999999995e+01 -5.4942599999999999e+01 -5.8251199999999990e+01 -5.4942599999999999e+01 -4.7697399999999995e+01 -4.0742599999999996e+01 -3.5792000000000002e+01 -3.2772199999999998e+01 -3.1161999999999999e+01 -3.0375399999999999e+01 -2.9972000000000001e+01 -2.9737799999999996e+01 -2.9594199999999997e+01 -2.9549799999999998e+01 -2.9666199999999996e+01 -2.9929399999999994e+01 -3.0226599999999998e+01 -3.0485199999999995e+01 -3.0694999999999997e+01 -3.0865399999999998e+01 -3.1006399999999999e+01 -3.1123999999999999e+01 -3.1223399999999994e+01 -3.1311999999999998e+01 -3.1414399999999997e+01 -3.1591999999999999e+01 -3.1906799999999997e+01 -3.2326999999999998e+01 -3.2718799999999995e+01 -3.2777400000000000e+01 -3.1745199999999997e+01 -2.8354399999999995e+01 -2.2340999999999998e+01
   4.4999999999999997e-03 -1.8397199999999998e+01 -2.2699999999999999e+01 -2.5527799999999996e+01 -2.6848799999999997e+01 -2.7277399999999997e+01 -2.7312200000000001e+01 -2.7214600000000001e+01 -2.7111000000000001e+01 -2.7044999999999998e+01 -2.7001600000000000e+01 -2.6953199999999995e+01 -2.6885999999999999e+01 -2.6794799999999995e+01 -2.6676999999999996e+01 -2.6529000000000000e+01 -2.6346399999999999e+01 -2.6127399999999998e+01 -2.5885199999999994e+01 -2.5664399999999997e+01 -2.5524199999999997e+01 -2.5481199999999998e+01 -2.5517399999999999e+01 -2.5639800000000001e+01 -2.5917999999999999e+01 -2.6519799999999996e+01 -2.7743400000000001e+01 -2.9959199999999996e+01 -3.3440199999999997e+01 -3.8017799999999994e+01 -4.2431599999999996e+01 -4.4347199999999994e+01 -4.2431599999999996e+01 -3.8017799999999994e+01 -3.3440199999999997e+01 -2.9959399999999995e+01 -2.7743400000000001e+01 -2.6519799999999996e+01 -2.5917999999999999e+01 -2.5639800000000001e+01 -2.5517399999999999e+01 -2.5481199999999998e+01 -2.5524199999999997e+01 -2.5664399999999997e+01 -2.5885199999999994e+01 -2.6127399999999998e+01 -2.6346599999999999e+01 -2.6529000000000000e+01 -2.6676999999999996e+01 -2.6794799999999995e+01 -2.6885999999999999e+01 -2.6953199999999995e+01 -2.7001600000000000e+01 -2.7044999999999998e+01 -2.7111000000000001e+01 -2.7214399999999998e+01 -2.7312200000000001e+01 -2.7277399999999997e+01 -2.6848799999999997e+01 -2.5527799999999996e+01 -2.2699999999999999e+01 -1.8397199999999998e+01
   4.0000000000000001e-03 -1.5159639999999998e+01 -1.8335020000000000e+01 -2.0634000000000000e+01 -2.1963799999999999e+01 -2.2617999999999999e+01 -2.2903399999999998e+01 -2.3014999999999997e+01 -2.3059200000000001e+01 -2.3081799999999998e+01 -2.3090000000000000e+01 -2.3076599999999996e+01 -2.3036799999999996e+01 -2.2968999999999998e+01 -2.2872799999999998e+01 -2.2746799999999997e+01 -2.2590399999999999e+01 -2.2404599999999999e+01 -2.2200999999999997e+01 -2.2006599999999999e+01 -2.1854399999999998e+01 -2.1759799999999998e+01 -2.1722999999999995e+01 -2.1759599999999999e+01 -2.1929399999999998e+01 -2.2359199999999998e+01 -2.3253799999999998e+01 -2.4846799999999998e+01 -2.7268200000000000e+01 -3.0298200000000001e+01 -3.3063199999999995e+01 -3.4220399999999998e+01 -3.3063199999999995e+01 -3.0298200000000001e+01 -2.7268200000000000e+01 -2.4846799999999998e+01 -2.3253799999999998e+01 -2.2359199999999998e+01 -2.1929399999999998e+01 -2.1759599999999999e+01 -2.1722999999999995e+01 -2.1759799999999998e+01 -2.1854599999999998e+01 -2.2006599999999999e+01 -2.2200999999999997e+01 -2.2404599999999999e+01 -2.2590399999999999e+01 -2.2746999999999996e+01 -2.2872799999999998e+01 -2.2968999999999998e+01 -2.3036799999999996e+01 -2.3076599999999996e+01 -2.3090000000000000e+01 -2.3081799999999998e+01 -2.3059200000000001e+01 -2.3014999999999997e+01 -2.2903399999999998e+01 -2.2617999999999999e+01 -2.1963799999999999e+01 -2.0634200000000000e+01 -1.8335039999999999e+01 -1.5159639999999998e+01
   3.5000000000000001e-03 -1.2435979999999999e+01 -1.4822960000000000e+01 -1.6666820000000001e+01 -1.7879339999999999e+01 -1.8599679999999999e+01 -1.9008979999999998e+01 -1.9241499999999998e+01 -1.9378979999999999e+01 -1.9463459999999998e+01 -1.9510759999999998e+01 -1.9524819999999998e+01 -1.9507099999999998e+01 -1.9459159999999997e+01 -1.9382320000000000e+01 -1.9277379999999997e+01 -1.9144939999999998e+01 -1.8987700000000000e+01 -1.8814059999999998e+01 -1.8640400000000000e+01 -1.8486159999999998e+01 -1.8363820000000000e+01 -1.8280940000000001e+01 -1.8256580000000000e+01 -1.8339979999999997e+01 -1.8626459999999998e+01 -1.9257839999999998e+01 -2.0382599999999996e+01 -2.2055599999999998e+01 -2.4074999999999999e+01 -2.5847000000000001e+01 -2.6569999999999997e+01 -2.5847000000000001e+01 -2.4074999999999999e+01 -2.2055599999999998e+01 -2.0382599999999996e+01 -1.9257839999999998e+01 -1.8626499999999997e+01 -1.8340000000000000e+01 -1.8256599999999999e+01 -1.8280980000000000e+01 -1.8363820000000000e+01 -1.8486159999999998e+01 -1.8640419999999999e+01 -1.8814099999999996e+01 -1.8987739999999999e+01 -1.9144980000000000e+01 -1.9277379999999997e+01 -1.9382320000000000e+01 -1.9459139999999998e+01 -1.9507120000000000e+01 -1.9524839999999998e+01 -1.9510759999999998e+01 -1.9463439999999999e+01 -1.9378979999999999e+01 -1.9241479999999999e+01 -1.9008939999999999e+01 -1.8599660000000000e+01 -1.7879339999999999e+01 -1.6666820000000001e+01 -1.4822979999999999e+01 -1.2435999999999998e+01
   3.0000000000000001e-03 -1.0094580000000001e+01 -1.1902360000000000e+01 -1.3362860000000000e+01 -1.4407480000000000e+01 -1.5100939999999998e+01 -1.5547459999999999e+01 -1.5834439999999999e+01 -1.6020859999999999e+01 -1.6141279999999998e+01 -1.6213519999999999e+01 -1.6246379999999998e+01 -1.6245019999999997e+01 -1.6213120000000000e+01 -1.6153379999999999e+01 -1.6067599999999999e+01 -1.5957439999999998e+01 -1.5825479999999997e+01 -1.5677559999999998e+01 -1.5523619999999998e+01 -1.5375539999999999e+01 -1.5243179999999999e+01 -1.5136080000000000e+01 -1.5072859999999999e+01 -1.5093639999999997e+01 -1.5269720000000000e+01 -1.5700559999999998e+01 -1.6481439999999999e+01 -1.7630219999999998e+01 -1.8983419999999999e+01 -2.0139199999999999e+01 -2.0602399999999999e+01 -2.0139199999999999e+01 -1.8983439999999998e+01 -1.7630179999999996e+01 -1.6481459999999998e+01 -1.5700599999999998e+01 -1.5269739999999997e+01 -1.5093639999999997e+01 -1.5072900000000001e+01 -1.5136119999999998e+01 -1.5243199999999998e+01 -1.5375559999999997e+01 -1.5523639999999999e+01 -1.5677579999999999e+01 -1.5825479999999997e+01 -1.5957419999999997e+01 -1.6067619999999998e+01 -1.6153359999999999e+01 -1.6213139999999999e+01 -1.6245019999999997e+01 -1.6246399999999998e+01 -1.6213539999999998e+01 -1.6141259999999999e+01 -1.6020879999999998e+01 -1.5834479999999997e+01 -1.5547419999999999e+01 -1.5100939999999998e+01 -1.4407480000000000e+01 -1.3362880000000001e+01 -1.1902360000000000e+01 -1.0094560000000000e+01
   2.5000000000000001e-03 -8.0405400000000000e+00 -9.4039599999999979e+00 -1.0540880000000000e+01 -1.1402019999999998e+01 -1.2016579999999999e+01 -1.2443299999999999e+01 -1.2736759999999999e+01 -1.2937080000000000e+01 -1.3070720000000000e+01 -1.3153980000000001e+01 -1.3196899999999998e+01 -1.3206180000000000e+01 -1.3186539999999999e+01 -1.3141399999999997e+01 -1.3073079999999997e+01 -1.2983479999999998e+01 -1.2874839999999999e+01 -1.2751040000000000e+01 -1.2618059999999998e+01 -1.2483319999999999e+01 -1.2354379999999999e+01 -1.2240399999999999e+01 -1.2157800000000000e+01 -1.2138639999999999e+01 -1.2235859999999999e+01 -1.2519660000000000e+01 -1.3052159999999999e+01 -1.3834600000000000e+01 -1.4742439999999998e+01 -1.5503739999999997e+01 -1.5805319999999998e+01 -1.5503739999999997e+01 -1.4742439999999998e+01 -1.3834579999999999e+01 -1.3052180000000000e+01 -1.2519639999999999e+01 -1.2235859999999999e+01 -1.2138660000000000e+01 -1.2157819999999999e+01 -1.2240399999999999e+01 -1.2354399999999998e+01 -1.2483339999999998e+01 -1.2618079999999999e+01 -1.2751040000000000e+01 -1.2874839999999999e+01 -1.2983479999999998e+01 -1.3073099999999998e+01 -1.3141399999999997e+01 -1.3186559999999998e+01 -1.3206180000000000e+01 -1.3196899999999998e+01 -1.3153980000000001e+01 -1.3070720000000000e+01 -1.2937080000000000e+01 -1.2736780000000000e+01 -1.2443319999999998e+01 -1.2016599999999999e+01 -1.1402039999999998e+01 -1.0540880000000000e+01 -9.4039399999999986e+00 -8.0405400000000000e+00
   2.0000000000000000e-03 -6.2022399999999989e+00 -7.2104200000000001e+00 -8.0702199999999991e+00 -8.7478399999999983e+00 -9.2558000000000007e+00 -9.6265000000000001e+00 -9.8926599999999993e+00 -1.0080340000000000e+01 -1.0208539999999999e+01 -1.0290439999999998e+01 -1.0335360000000000e+01 -1.0349939999999998e+01 -1.0339060000000000e+01 -1.0306159999999998e+01 -1.0253619999999998e+01 -1.0183299999999999e+01 -1.0096919999999999e+01 -9.9969599999999996e+00 -9.8870199999999997e+00 -9.7716999999999992e+00 -9.6566599999999987e+00 -9.5495799999999988e+00 -9.4640399999999989e+00 -9.4245799999999988e+00 -9.4701400000000007e+00 -9.6499799999999993e+00 -1.0004600000000000e+01 -1.0529539999999999e+01 -1.1133719999999999e+01 -1.1634499999999999e+01 -1.1831379999999999e+01 -1.1634499999999999e+01 -1.1133719999999999e+01 -1.0529460000000000e+01 -1.0004619999999999e+01 -9.6499799999999993e+00 -9.4701400000000007e+00 -9.4245799999999988e+00 -9.4641000000000002e+00 -9.5495799999999988e+00 -9.6566799999999997e+00 -9.7717200000000002e+00 -9.8870000000000005e+00 -9.9969599999999996e+00 -1.0096919999999999e+01 -1.0183280000000000e+01 -1.0253619999999998e+01 -1.0306159999999998e+01 -1.0339060000000000e+01 -1.0349959999999999e+01 -1.0335360000000000e+01 -1.0290439999999998e+01 -1.0208559999999999e+01 -1.0080359999999999e+01 -9.8926599999999993e+00 -9.6264799999999990e+00 -9.2558000000000007e+00 -8.7478599999999993e+00 -8.0702399999999983e+00 -7.2104399999999993e+00 -6.2022399999999989e+00
   1.5000000000000000e-03 -4.5230199999999998e+00 -5.2354199999999995e+00 -5.8525799999999988e+00 -6.3523799999999992e+00 -6.7397599999999995e+00 -7.0320799999999997e+00 -7.2481399999999985e+00 -7.4039799999999998e+00 -7.5122200000000001e+00 -7.5825999999999985e+00 -7.6225999999999994e+00 -7.6378799999999991e+00 -7.6326400000000003e+00 -7.6098999999999997e+00 -7.5717799999999986e+00 -7.5197599999999989e+00 -7.4551599999999985e+00 -7.3793999999999995e+00 -7.2946599999999995e+00 -7.2037800000000001e+00 -7.1106399999999992e+00 -7.0212399999999997e+00 -6.9457599999999990e+00 -6.9020999999999999e+00 -6.9177599999999995e+00 -7.0261799999999992e+00 -7.2535200000000000e+00 -7.5938999999999988e+00 -7.9847599999999996e+00 -8.3064199999999992e+00 -8.4322199999999992e+00 -8.3064199999999992e+00 -7.9847599999999996e+00 -7.5939399999999999e+00 -7.2535200000000000e+00 -7.0261799999999992e+00 -6.9177599999999995e+00 -6.9021199999999991e+00 -6.9457599999999990e+00 -7.0212399999999997e+00 -7.1106599999999993e+00 -7.2037800000000001e+00 -7.2946599999999995e+00 -7.3794199999999996e+00 -7.4551599999999985e+00 -7.5197799999999990e+00 -7.5717799999999986e+00 -7.6099199999999989e+00 -7.6326400000000003e+00 -7.6378799999999991e+00 -7.6225999999999994e+00 -7.5825999999999985e+00 -7.5122200000000001e+00 -7.4039799999999998e+00 -7.2481399999999985e+00 -7.0320799999999997e+00 -6.7397599999999995e+00 -6.3523799999999992e+00 -5.8525799999999988e+00 -5.2354399999999996e+00 -4.5230199999999998e+00
   1.0000000000000000e-03 -2.9559199999999999e+00 -3.4114800000000001e+00 -3.8101799999999995e+00 -4.1388800000000003e+00 -4.3992199999999997e+00 -4.5999599999999994e+00 -4.7511799999999997e+00 -4.8618799999999993e+00 -4.9396599999999999e+00 -4.9908399999999995e+00 -5.0205799999999998e+00 -5.0328799999999996e+00 -5.0308199999999994e+00 -5.0166199999999996e+00 -4.9918199999999997e+00 -4.9574800000000003e+00 -4.9144199999999998e+00 -4.8634999999999993e+00 -4.8058399999999999e+00 -4.7431399999999995e+00 -4.6778199999999996e+00 -4.6139200000000002e+00 -4.5582799999999999e+00 -4.5225000000000000e+00 -4.5242199999999997e+00 -4.5842599999999996e+00 -4.7184999999999997e+00 -4.9220199999999998e+00 -5.1558599999999997e+00 -5.3473399999999991e+00 -5.4220799999999993e+00 -5.3474399999999997e+00 -5.1558599999999997e+00 -4.9219999999999997e+00 -4.7184799999999996e+00 -4.5842799999999997e+00 -4.5242199999999997e+00 -4.5225200000000001e+00 -4.5582799999999999e+00 -4.6139399999999995e+00 -4.6778199999999996e+00 -4.7431399999999995e+00 -4.8058599999999991e+00 -4.8635199999999994e+00 -4.9144199999999998e+00 -4.9574800000000003e+00 -4.9918199999999997e+00 -5.0166199999999996e+00 -5.0308199999999994e+00 -5.0328799999999996e+00 -5.0205799999999998e+00 -4.9908599999999996e+00 -4.9396799999999992e+00 -4.8618799999999993e+00 -4.7511999999999999e+00 -4.5999599999999994e+00 -4.3992199999999997e+00 -4.1388800000000003e+00 -3.8101799999999995e+00 -3.4114800000000001e+00 -2.9559199999999999e+00
   5.0000000000000001e-04 -1.4604939999999997e+00 -1.6827079999999996e+00 -1.8783439999999998e+00 -2.0412400000000002e+00 -2.1718599999999997e+00 -2.2738399999999999e+00 -2.3514599999999999e+00 -2.4087800000000001e+00 -2.4493200000000002e+00 -2.4762000000000000e+00 -2.4919799999999999e+00 -2.4987800000000000e+00 -2.4981799999999996e+00 -2.4913799999999995e+00 -2.4791599999999998e+00 -2.4620799999999998e+00 -2.4405599999999996e+00 -2.4149599999999998e+00 -2.3857599999999999e+00 -2.3537599999999999e+00 -2.3201599999999996e+00 -2.2868999999999997e+00 -2.2574600000000000e+00 -2.2376600000000000e+00 -2.2359200000000001e+00 -2.2623599999999997e+00 -2.3244799999999999e+00 -2.4196599999999999e+00 -2.5289999999999999e+00 -2.6184200000000000e+00 -2.6532999999999998e+00 -2.6184200000000000e+00 -2.5289999999999999e+00 -2.4196599999999999e+00 -2.3244799999999999e+00 -2.2623599999999997e+00 -2.2359200000000001e+00 -2.2376799999999997e+00 -2.2574799999999997e+00 -2.2869199999999998e+00 -2.3201799999999997e+00 -2.3537800000000000e+00 -2.3857800000000000e+00 -2.4149799999999999e+00 -2.4405599999999996e+00 -2.4620999999999995e+00 -2.4791799999999995e+00 -2.4913799999999995e+00 -2.4981999999999998e+00 -2.4987800000000000e+00 -2.4919799999999999e+00 -2.4762000000000000e+00 -2.4493399999999999e+00 -2.4087800000000001e+00 -2.3514599999999999e+00 -2.2738399999999999e+00 -2.1718599999999997e+00 -2.0412599999999999e+00 -1.8783580000000000e+00 -1.6827139999999998e+00 -1.4604879999999998e+00
   0.0000000000000000e+00  1.2331880000000000e-05  2.4328399999999996e-06  5.1153399999999994e-06  2.8794199999999996e-06  3.1570199999999997e-06 -3.1639399999999997e-06  3.4191599999999995e-06  3.5202799999999999e-06  3.6420199999999997e-06  3.6961999999999999e-06  3.7948999999999994e-06  3.8023399999999994e-06  3.7591399999999996e-06  3.8629799999999996e-06  3.8667199999999995e-06  3.8763800000000001e-06  3.9123399999999992e-06  3.8562200000000002e-06  3.8291199999999992e-06  3.8611199999999999e-06  3.7123399999999994e-06  3.5763999999999993e-06  3.4637000000000000e-06  3.2663599999999995e-06  3.0106199999999997e-06  2.6976199999999999e-06  2.2904199999999998e-06  1.8162460000000001e-06  1.2891880000000000e-05  6.4729599999999992e-07  0.0000000000000000e+00 -6.4506199999999998e-07 -1.2501140000000001e-06 -1.7893219999999999e-06 -2.2448199999999998e-06 -2.6203799999999998e-06 -2.9006599999999998e-06 -3.3426800000000001e-06 -3.2957000000000001e-06 -3.4163199999999995e-06 -3.5044999999999997e-06 -3.5682399999999998e-06 -3.6468999999999998e-06 -3.6730799999999995e-06 -3.6879599999999994e-06 -3.7136799999999996e-06 -3.7077199999999994e-06 -3.7357799999999993e-06 -3.6643999999999992e-06 -3.6988999999999999e-06 -3.8208799999999996e-06 -3.8077399999999998e-06 -3.6455799999999993e-06 -3.6090600000000001e-06 -3.5171399999999996e-06 -3.3916799999999999e-06 -3.3089400000000000e-06 -3.0732799999999997e-06 -2.8169999999999999e-06  7.3038199999999991e-06  3.2603599999999997e-07
  -5.0000000000000001e-04  1.4604879999999998e+00  1.6827059999999998e+00  1.8783479999999999e+00  2.0412599999999999e+00  2.1718599999999997e+00  2.2738399999999999e+00  2.3514599999999999e+00  2.4087800000000001e+00  2.4493399999999999e+00  2.4762000000000000e+00  2.4919799999999999e+00  2.4987800000000000e+00  2.4981999999999998e+00  2.4913799999999995e+00  2.4791599999999998e+00  2.4620999999999995e+00  2.4405599999999996e+00  2.4149599999999998e+00  2.3857800000000000e+00  2.3537800000000000e+00  2.3201799999999997e+00  2.2869199999999998e+00  2.2574799999999997e+00  2.2376799999999997e+00  2.2359200000000001e+00  2.2623599999999997e+00  2.3244799999999999e+00  2.4196599999999999e+00  2.5289999999999999e+00  2.6184200000000000e+00  2.6532999999999998e+00  2.6184200000000000e+00  2.5289999999999999e+00  2.4196599999999999e+00  2.3244799999999999e+00  2.2623599999999997e+00  2.2359200000000001e+00  2.2376600000000000e+00  2.2574600000000000e+00  2.2868999999999997e+00  2.3201599999999996e+00  2.3537599999999999e+00  2.3857599999999999e+00  2.4149599999999998e+00  2.4405599999999996e+00  2.4620999999999995e+00  2.4791599999999998e+00  2.4913799999999995e+00  2.4981799999999996e+00  2.4987800000000000e+00  2.4919799999999999e+00  2.4762000000000000e+00  2.4493200000000002e+00  2.4087800000000001e+00  2.3514599999999999e+00  2.2738399999999999e+00  2.1718599999999997e+00  2.0412400000000002e+00  1.8783499999999997e+00  1.6827099999999999e+00  1.4604939999999997e+00
  -1.0000000000000000e-03  2.9559199999999999e+00  3.4114599999999999e+00  3.8101999999999991e+00  4.1388800000000003e+00  4.3991999999999996e+00  4.5999599999999994e+00  4.7511999999999999e+00  4.8618799999999993e+00  4.9396799999999992e+00  4.9908599999999996e+00  5.0205799999999998e+00  5.0328799999999996e+00  5.0308199999999994e+00  5.0166199999999996e+00  4.9918199999999997e+00  4.9574800000000003e+00  4.9144399999999990e+00  4.8635199999999994e+00  4.8058399999999999e+00  4.7431399999999995e+00  4.6778199999999996e+00  4.6139200000000002e+00  4.5582799999999999e+00  4.5225200000000001e+00  4.5242199999999997e+00  4.5842799999999997e+00  4.7184799999999996e+00  4.9220399999999991e+00  5.1558599999999997e+00  5.3474199999999996e+00  5.4220799999999993e+00  5.3473399999999991e+00  5.1558599999999997e+00  4.9220199999999998e+00  4.7184999999999997e+00  4.5842599999999996e+00  4.5242199999999997e+00  4.5225000000000000e+00  4.5582599999999998e+00  4.6139399999999995e+00  4.6778199999999996e+00  4.7431399999999995e+00  4.8058399999999999e+00  4.8635199999999994e+00  4.9144199999999998e+00  4.9574800000000003e+00  4.9918199999999997e+00  5.0166199999999996e+00  5.0308199999999994e+00  5.0328599999999994e+00  5.0205799999999998e+00  4.9908399999999995e+00  4.9396599999999999e+00  4.8618799999999993e+00  4.7511799999999997e+00  4.5999599999999994e+00  4.3992199999999997e+00  4.1388800000000003e+00  3.8101799999999995e+00  3.4114800000000001e+00  2.9559199999999999e+00
  -1.5000000000000000e-03  4.5230199999999998e+00  5.2354399999999996e+00  5.8525799999999988e+00  6.3523799999999992e+00  6.7397599999999995e+00  7.0320799999999997e+00  7.2481599999999995e+00  7.4039999999999999e+00  7.5122200000000001e+00  7.5825999999999985e+00  7.6225999999999994e+00  7.6378799999999991e+00  7.6326400000000003e+00  7.6098999999999997e+00  7.5717799999999986e+00  7.5197799999999990e+00  7.4551599999999985e+00  7.3794199999999996e+00  7.2946599999999995e+00  7.2037999999999993e+00  7.1106599999999993e+00  7.0212399999999997e+00  6.9457599999999990e+00  6.9021799999999995e+00  6.9177599999999995e+00  7.0261799999999992e+00  7.2535200000000000e+00  7.5939399999999999e+00  7.9847599999999996e+00  8.3064199999999992e+00  8.4322199999999992e+00  8.3064199999999992e+00  7.9847599999999996e+00  7.5938999999999988e+00  7.2535200000000000e+00  7.0261799999999992e+00  6.9177599999999995e+00  6.9020999999999999e+00  6.9457599999999990e+00  7.0212399999999997e+00  7.1106399999999992e+00  7.2037800000000001e+00  7.2946399999999993e+00  7.3794199999999996e+00  7.4551599999999985e+00  7.5197599999999989e+00  7.5717799999999986e+00  7.6098999999999997e+00  7.6326400000000003e+00  7.6378599999999999e+00  7.6225999999999994e+00  7.5825999999999985e+00  7.5122200000000001e+00  7.4039799999999998e+00  7.2481399999999985e+00  7.0320799999999997e+00  6.7397599999999995e+00  6.3523799999999992e+00  5.8525599999999995e+00  5.2354199999999995e+00  4.5230199999999998e+00
  -2.0000000000000000e-03  6.2022399999999989e+00  7.2104399999999993e+00  8.0702399999999983e+00  8.7478599999999993e+00  9.2558000000000007e+00  9.6265000000000001e+00  9.8926799999999986e+00  1.0080379999999998e+01  1.0208559999999999e+01  1.0290439999999998e+01  1.0335360000000000e+01  1.0349959999999999e+01  1.0339060000000000e+01  1.0306159999999998e+01  1.0253619999999998e+01  1.0183299999999999e+01  1.0096919999999999e+01  9.9969599999999996e+00  9.8870199999999997e+00  9.7716999999999992e+00  9.6566799999999997e+00  9.5495799999999988e+00  9.4640799999999992e+00  9.4245799999999988e+00  9.4701400000000007e+00  9.6499799999999993e+00  1.0004619999999999e+01  1.0529460000000000e+01  1.1133719999999999e+01  1.1634499999999999e+01  1.1831379999999999e+01  1.1634499999999999e+01  1.1133719999999999e+01  1.0529539999999999e+01  1.0004600000000000e+01  9.6499799999999993e+00  9.4701400000000007e+00  9.4245799999999988e+00  9.4640599999999999e+00  9.5495799999999988e+00  9.6566599999999987e+00  9.7716999999999992e+00  9.8870000000000005e+00  9.9969599999999996e+00  1.0096939999999998e+01  1.0183280000000000e+01  1.0253619999999998e+01  1.0306159999999998e+01  1.0339060000000000e+01  1.0349939999999998e+01  1.0335360000000000e+01  1.0290439999999998e+01  1.0208539999999999e+01  1.0080359999999999e+01  9.8926599999999993e+00  9.6264799999999990e+00  9.2558000000000007e+00  8.7478399999999983e+00  8.0702199999999991e+00  7.2104200000000001e+00  6.2022199999999996e+00
  -2.5000000000000001e-03  8.0405400000000000e+00  9.4039399999999986e+00  1.0540880000000000e+01  1.1402039999999998e+01  1.2016599999999999e+01  1.2443319999999998e+01  1.2736759999999999e+01  1.2937080000000000e+01  1.3070720000000000e+01  1.3153980000000001e+01  1.3196919999999999e+01  1.3206180000000000e+01  1.3186559999999998e+01  1.3141419999999998e+01  1.3073099999999998e+01  1.2983479999999998e+01  1.2874839999999999e+01  1.2751059999999999e+01  1.2618079999999999e+01  1.2483319999999999e+01  1.2354399999999998e+01  1.2240399999999999e+01  1.2157819999999999e+01  1.2138639999999999e+01  1.2235859999999999e+01  1.2519660000000000e+01  1.3052159999999999e+01  1.3834579999999999e+01  1.4742439999999998e+01  1.5503739999999997e+01  1.5805319999999998e+01  1.5503739999999997e+01  1.4742439999999998e+01  1.3834600000000000e+01  1.3052159999999999e+01  1.2519660000000000e+01  1.2235859999999999e+01  1.2138639999999999e+01  1.2157800000000000e+01  1.2240399999999999e+01  1.2354379999999999e+01  1.2483319999999999e+01  1.2618059999999998e+01  1.2751040000000000e+01  1.2874839999999999e+01  1.2983479999999998e+01  1.3073099999999998e+01  1.3141419999999998e+01  1.3186559999999998e+01  1.3206180000000000e+01  1.3196899999999998e+01  1.3153960000000000e+01  1.3070720000000000e+01  1.2937080000000000e+01  1.2736759999999999e+01  1.2443299999999999e+01  1.2016599999999999e+01  1.1401999999999999e+01  1.0540880000000000e+01  9.4039599999999979e+00  8.0405400000000000e+00
  -3.0000000000000001e-03  1.0094560000000000e+01  1.1902379999999999e+01  1.3362860000000000e+01  1.4407480000000000e+01  1.5100939999999998e+01  1.5547459999999999e+01  1.5834479999999997e+01  1.6020879999999998e+01  1.6141279999999998e+01  1.6213539999999998e+01  1.6246379999999998e+01  1.6245019999999997e+01  1.6213139999999999e+01  1.6153419999999997e+01  1.6067619999999998e+01  1.5957419999999997e+01  1.5825499999999998e+01  1.5677600000000000e+01  1.5523639999999999e+01  1.5375559999999997e+01  1.5243199999999998e+01  1.5136119999999998e+01  1.5072900000000001e+01  1.5093639999999997e+01  1.5269720000000000e+01  1.5700599999999998e+01  1.6481539999999999e+01  1.7630179999999996e+01  1.8983439999999998e+01  2.0139199999999999e+01  2.0602399999999999e+01  2.0139199999999999e+01  1.8983419999999999e+01  1.7630219999999998e+01  1.6481439999999999e+01  1.5700599999999998e+01  1.5269720000000000e+01  1.5093659999999998e+01  1.5072859999999999e+01  1.5136099999999997e+01  1.5243179999999999e+01  1.5375559999999997e+01  1.5523639999999999e+01  1.5677559999999998e+01  1.5825479999999997e+01  1.5957439999999998e+01  1.6067599999999999e+01  1.6153379999999999e+01  1.6213120000000000e+01  1.6245019999999997e+01  1.6246379999999998e+01  1.6213539999999998e+01  1.6141279999999998e+01  1.6020840000000000e+01  1.5834460000000000e+01  1.5547419999999999e+01  1.5100939999999998e+01  1.4407499999999997e+01  1.3362880000000001e+01  1.1902379999999999e+01  1.0094560000000000e+01
  -3.5000000000000001e-03  1.2435979999999999e+01  1.4822979999999999e+01  1.6666839999999997e+01  1.7879339999999999e+01  1.8599660000000000e+01  1.9008939999999999e+01  1.9241519999999998e+01  1.9378979999999999e+01  1.9463419999999999e+01  1.9510759999999998e+01  1.9524879999999996e+01  1.9507120000000000e+01  1.9459159999999997e+01  1.9382320000000000e+01  1.9277400000000000e+01  1.9144980000000000e+01  1.8987739999999999e+01  1.8814080000000001e+01  1.8640400000000000e+01  1.8486139999999999e+01  1.8363839999999996e+01  1.8280999999999999e+01  1.8256599999999999e+01  1.8339979999999997e+01  1.8626499999999997e+01  1.9257839999999998e+01  2.0382599999999996e+01  2.2055599999999998e+01  2.4074999999999999e+01  2.5847000000000001e+01  2.6569999999999997e+01  2.5847000000000001e+01  2.4074999999999999e+01  2.2055599999999998e+01  2.0382800000000000e+01  1.9257839999999998e+01  1.8626499999999997e+01  1.8339979999999997e+01  1.8256580000000000e+01  1.8280959999999997e+01  1.8363820000000000e+01  1.8486159999999998e+01  1.8640400000000000e+01  1.8814059999999998e+01  1.8987700000000000e+01  1.9144939999999998e+01  1.9277379999999997e+01  1.9382320000000000e+01  1.9459139999999998e+01  1.9507099999999998e+01  1.9524799999999999e+01  1.9510819999999999e+01  1.9463439999999999e+01  1.9378959999999999e+01  1.9241499999999998e+01  1.9008959999999998e+01  1.8599660000000000e+01  1.7879320000000000e+01  1.6666820000000001e+01  1.4822979999999999e+01  1.2435960000000000e+01
  -4.0000000000000001e-03  1.5159639999999998e+01  1.8335039999999999e+01  2.0634000000000000e+01  2.1963799999999999e+01  2.2617999999999999e+01  2.2903399999999998e+01  2.3014999999999997e+01  2.3059200000000001e+01  2.3081999999999997e+01  2.3090000000000000e+01  2.3076599999999996e+01  2.3036799999999996e+01  2.2968999999999998e+01  2.2872799999999998e+01  2.2746999999999996e+01  2.2590399999999999e+01  2.2404599999999999e+01  2.2200999999999997e+01  2.2006599999999999e+01  2.1854599999999998e+01  2.1759799999999998e+01  2.1722999999999995e+01  2.1759599999999999e+01  2.1929399999999998e+01  2.2359199999999998e+01  2.3253799999999998e+01  2.4846799999999998e+01  2.7268200000000000e+01  3.0298200000000001e+01  3.3063199999999995e+01  3.4220399999999998e+01  3.3063199999999995e+01  3.0298200000000001e+01  2.7268200000000000e+01  2.4846799999999998e+01  2.3253799999999998e+01  2.2359199999999998e+01  2.1929399999999998e+01  2.1759599999999999e+01  2.1722999999999995e+01  2.1759799999999998e+01  2.1854599999999998e+01  2.2006599999999999e+01  2.2200999999999997e+01  2.2404599999999999e+01  2.2590399999999999e+01  2.2746999999999996e+01  2.2872799999999998e+01  2.2968999999999998e+01  2.3036799999999996e+01  2.3076599999999996e+01  2.3090000000000000e+01  2.3081799999999998e+01  2.3059200000000001e+01  2.3014999999999997e+01  2.2903399999999998e+01  2.2617999999999999e+01  2.1963799999999999e+01  2.0634200000000000e+01  1.8335039999999999e+01  1.5159639999999998e+01
  -4.4999999999999997e-03  1.8397199999999998e+01  2.2699999999999999e+01  2.5527799999999996e+01  2.6848799999999997e+01  2.7277399999999997e+01  2.7312200000000001e+01  2.7214600000000001e+01  2.7111000000000001e+01  2.7044999999999998e+01  2.7001600000000000e+01  2.6953199999999995e+01  2.6885999999999999e+01  2.6794799999999995e+01  2.6676999999999996e+01  2.6529000000000000e+01  2.6346599999999999e+01  2.6127399999999998e+01  2.5885199999999994e+01  2.5664399999999997e+01  2.5524199999999997e+01  2.5481199999999998e+01  2.5517399999999999e+01  2.5639800000000001e+01  2.5917999999999999e+01  2.6519799999999996e+01  2.7743400000000001e+01  2.9959399999999995e+01  3.3440199999999997e+01  3.8017799999999994e+01  4.2431599999999996e+01  4.4347199999999994e+01  4.2431599999999996e+01  3.8017799999999994e+01  3.3440199999999997e+01  2.9959199999999996e+01  2.7743400000000001e+01  2.6519799999999996e+01  2.5917999999999999e+01  2.5639800000000001e+01  2.5517399999999999e+01  2.5481199999999998e+01  2.5524199999999997e+01  2.5664399999999997e+01  2.5885199999999994e+01  2.6127399999999998e+01  2.6346399999999999e+01  2.6529000000000000e+01  2.6676999999999996e+01  2.6794799999999995e+01  2.6885999999999999e+01  2.6953199999999995e+01  2.7001400000000000e+01  2.7044999999999998e+01  2.7111000000000001e+01  2.7214399999999998e+01  2.7312200000000001e+01  2.7277399999999997e+01  2.6848799999999997e+01  2.5527799999999996e+01  2.2699999999999999e+01  1.8397179999999999e+01
  -5.0000000000000001e-03  2.2340999999999998e+01  2.8354599999999998e+01  3.1745199999999997e+01  3.2777400000000000e+01  3.2718799999999995e+01  3.2326999999999998e+01  3.1906799999999997e+01  3.1591999999999999e+01  3.1414399999999997e+01  3.1311999999999998e+01  3.1223399999999994e+01  3.1123999999999999e+01  3.1006399999999999e+01  3.0865399999999998e+01  3.0694999999999997e+01  3.0485199999999995e+01  3.0226599999999998e+01  2.9929399999999994e+01  2.9666000000000000e+01  2.9549799999999998e+01  2.9594199999999997e+01  2.9737799999999996e+01  2.9972000000000001e+01  3.0375399999999999e+01  3.1161999999999999e+01  3.2772199999999998e+01  3.5792200000000001e+01  4.0742599999999996e+01  4.7697399999999995e+01  5.4942599999999999e+01  5.8251199999999990e+01  5.4942799999999998e+01  4.7697399999999995e+01  4.0742599999999996e+01  3.5792200000000001e+01  3.2771999999999998e+01  3.1161999999999999e+01  3.0375399999999999e+01  2.9972000000000001e+01  2.9737799999999996e+01  2.9594199999999997e+01  2.9549799999999998e+01  2.9666000000000000e+01  2.9929399999999994e+01  3.0226599999999998e+01  3.0485199999999995e+01  3.0694999999999997e+01  3.0865399999999998e+01  3.1006200000000000e+01  3.1123999999999999e+01  3.1223399999999994e+01  3.1311999999999998e+01  3.1414399999999997e+01  3.1591999999999999e+01  3.1906799999999997e+01  3.2327199999999998e+01  3.2718799999999995e+01  3.2777400000000000e+01  3.1745199999999997e+01  2.8354399999999995e+01  2.2340999999999998e+01
# Longitudinally Integrated Squared Transverse Magnetic Field [T2m]
START
                          -2.9999999999999999e-02 -2.9000000000000001e-02 -2.8000000000000001e-02 -2.7000000000000000e-02 -2.5999999999999999e-02 -2.5000000000000001e-02 -2.4000000000000000e-02 -2.3000000000000000e-02 -2.1999999999999999e-02 -2.1000000000000001e-02 -2.0000000000000000e-02 -1.9000000000000000e-02 -1.7999999999999999e-02 -1.7000000000000001e-02 -1.6000000000000000e-02 -1.4999999999999999e-02 -1.4000000000000000e-02 -1.2999999999999999e-02 -1.2000000000000000e-02 -1.0999999999999999e-02 -1.0000000000000000e-02 -8.9999999999999993e-03 -8.0000000000000002e-03 -7.0000000000000001e-03 -6.0000000000000001e-03 -5.0000000000000001e-03 -4.0000000000000001e-03 -3.0000000000000001e-03 -2.0000000000000000e-03 -1.0000000000000000e-03  0.0000000000000000e+00  1.0000000000000000e-03  2.0000000000000000e-03  3.0000000000000001e-03  4.0000000000000001e-03  5.0000000000000001e-03  6.0000000000000001e-03  7.0000000000000001e-03  8.0000000000000002e-03  8.9999999999999993e-03  1.0000000000000000e-02  1.0999999999999999e-02  1.2000000000000000e-02  1.2999999999999999e-02  1.4000000000000000e-02  1.4999999999999999e-02  1.6000000000000000e-02  1.7000000000000001e-02  1.7999999999999999e-02  1.9000000000000000e-02  2.0000000000000000e-02  2.1000000000000001e-02  2.1999999999999999e-02  2.3000000000000000e-02  2.4000000000000000e-02  2.5000000000000001e-02  2.5999999999999999e-02  2.7000000000000000e-02  2.8000000000000001e-02  2.9000000000000001e-02  2.9999999999999999e-02
   5.0000000000000001e-03  1.4928520000000001e-01  1.6802280000000000e-01  1.7959559999999999e-01  1.8403319999999998e-01  1.8387560000000000e-01  1.8146199999999998e-01  1.7829699999999998e-01  1.7526499999999998e-01  1.7279979999999998e-01  1.7101299999999997e-01  1.6990099999999997e-01  1.6946579999999997e-01  1.6973219999999997e-01  1.7074039999999999e-01  1.7254639999999999e-01  1.7522919999999997e-01  1.7891060000000000e-01  1.8380019999999997e-01  1.9024980000000000e-01  1.9868719999999998e-01  2.0941200000000001e-01  2.2259399999999999e-01  2.3845200000000000e-01  2.5733799999999996e-01  2.7979599999999993e-01  3.0652199999999996e-01  3.3792399999999995e-01  3.7322000000000000e-01  4.0913399999999994e-01  4.3814599999999992e-01  4.4966799999999990e-01  4.3814599999999992e-01  4.0913399999999994e-01  3.7322000000000000e-01  3.3792399999999995e-01  3.0652199999999996e-01  2.7979599999999993e-01  2.5733799999999996e-01  2.3845200000000000e-01  2.2259399999999999e-01  2.0941200000000001e-01  1.9868719999999998e-01  1.9024980000000000e-01  1.8380019999999997e-01  1.7891060000000000e-01  1.7522919999999997e-01  1.7254639999999999e-01  1.7074039999999999e-01  1.6973219999999997e-01  1.6946579999999997e-01  1.6990079999999999e-01  1.7101299999999997e-01  1.7279979999999998e-01  1.7526499999999998e-01  1.7829699999999998e-01  1.8146199999999998e-01  1.8387560000000000e-01  1.8403319999999998e-01  1.7959559999999999e-01  1.6802280000000000e-01  1.4928520000000001e-01
   4.4999999999999997e-03  1.2472579999999998e-01  1.3734040000000000e-01  1.4515319999999998e-01  1.4810199999999998e-01  1.4765859999999997e-01  1.4541799999999999e-01  1.4253839999999998e-01  1.3974219999999998e-01  1.3741499999999998e-01  1.3571040000000001e-01  1.3467640000000000e-01  1.3433899999999999e-01  1.3472980000000001e-01  1.3589379999999998e-01  1.3789279999999998e-01  1.4081399999999999e-01  1.4478579999999999e-01  1.5000279999999999e-01  1.5674659999999999e-01  1.6534519999999997e-01  1.7607839999999997e-01  1.8916179999999999e-01  2.0481400000000000e-01  2.2329799999999997e-01  2.4492999999999998e-01  2.6996599999999998e-01  2.9824799999999996e-01  3.2853599999999994e-01  3.5765199999999997e-01  3.7985999999999998e-01  3.8835199999999997e-01  3.7985999999999998e-01  3.5765199999999997e-01  3.2853599999999994e-01  2.9824799999999996e-01  2.6996599999999998e-01  2.4492999999999998e-01  2.2329799999999997e-01  2.0481400000000000e-01  1.8916179999999999e-01  1.7607839999999997e-01  1.6534519999999997e-01  1.5674659999999999e-01  1.5000279999999999e-01  1.4478579999999999e-01  1.4081399999999999e-01  1.3789260000000000e-01  1.3589379999999998e-01  1.3472980000000001e-01  1.3433899999999999e-01  1.3467640000000000e-01  1.3571040000000001e-01  1.3741499999999998e-01  1.3974219999999998e-01  1.4253839999999998e-01  1.4541799999999999e-01  1.4765859999999997e-01  1.4810199999999998e-01  1.4515299999999998e-01  1.3734040000000000e-01  1.2472559999999998e-01
   4.0000000000000001e-03  1.0448120000000000e-01  1.1263479999999998e-01  1.1735359999999997e-01  1.1866599999999999e-01  1.1752839999999999e-01  1.1506339999999998e-01  1.1215360000000001e-01  1.0937920000000000e-01  1.0706940000000000e-01  1.0538059999999999e-01  1.0437979999999999e-01  1.0410440000000000e-01  1.0458980000000000e-01  1.0588259999999999e-01  1.0804720000000000e-01  1.1117459999999998e-01  1.1539219999999999e-01  1.2088039999999999e-01  1.2787759999999998e-01  1.3665759999999999e-01  1.4748119999999998e-01  1.6057279999999999e-01  1.7613679999999998e-01  1.9436059999999997e-01  2.1538199999999999e-01  2.3915799999999995e-01  2.6517599999999997e-01  2.9196399999999995e-01  3.1659599999999999e-01  3.3459999999999995e-01  3.4130199999999994e-01  3.3459999999999995e-01  3.1659599999999999e-01  2.9196399999999995e-01  2.6517599999999997e-01  2.3915799999999995e-01  2.1538199999999999e-01  1.9436059999999997e-01  1.7613679999999998e-01  1.6057279999999999e-01  1.4748099999999997e-01  1.3665759999999999e-01  1.2787759999999998e-01  1.2088039999999999e-01  1.1539219999999999e-01  1.1117439999999999e-01  1.0804720000000000e-01  1.0588239999999999e-01  1.0458980000000000e-01  1.0410440000000000e-01  1.0437979999999999e-01  1.0538059999999999e-01  1.0706940000000000e-01  1.0937920000000000e-01  1.1215360000000001e-01  1.1506339999999998e-01  1.1752839999999999e-01  1.1866599999999999e-01  1.1735340000000000e-01  1.1263479999999998e-01  1.0448120000000000e-01
   3.5000000000000001e-03  8.7827799999999998e-02  9.2652599999999988e-02  9.4873399999999983e-02  9.4631799999999988e-02  9.2639399999999997e-02  8.9732999999999993e-02  8.6598999999999995e-02  8.3703599999999989e-02  8.1321399999999988e-02  7.9593999999999998e-02  7.8589399999999990e-02  7.8346399999999997e-02  7.8900399999999996e-02  8.0297199999999999e-02  8.2601399999999991e-02  8.5904199999999986e-02  9.0330199999999999e-02  9.6047999999999994e-02  1.0326979999999998e-01  1.1223899999999999e-01  1.2319919999999998e-01  1.3636979999999999e-01  1.5193340000000000e-01  1.7001299999999997e-01  1.9061219999999998e-01  2.1348399999999998e-01  2.3788799999999999e-01  2.6225199999999999e-01  2.8390599999999999e-01  2.9924599999999996e-01  3.0484800000000001e-01  2.9924599999999996e-01  2.8390599999999999e-01  2.6225199999999999e-01  2.3788799999999999e-01  2.1348399999999998e-01  1.9061219999999998e-01  1.7001299999999997e-01  1.5193340000000000e-01  1.3636979999999999e-01  1.2319919999999998e-01  1.1223899999999999e-01  1.0326979999999998e-01  9.6047800000000003e-02  9.0330199999999999e-02  8.5903999999999994e-02  8.2601399999999991e-02  8.0297199999999999e-02  7.8900399999999996e-02  7.8346399999999997e-02  7.8589399999999990e-02  7.9593999999999998e-02  8.1321399999999988e-02  8.3703599999999989e-02  8.6598999999999995e-02  8.9732999999999993e-02  9.2639399999999997e-02  9.4631799999999988e-02  9.4873399999999983e-02  9.2652599999999988e-02  8.7827799999999998e-02
   3.0000000000000001e-03  7.4228999999999989e-02  7.6538799999999990e-02  7.6768000000000003e-02  7.5153599999999987e-02  7.2292199999999987e-02  6.8854399999999996e-02  6.5394799999999989e-02  6.2294799999999990e-02  5.9782599999999991e-02  5.7978599999999998e-02  5.6942800000000002e-02  5.6709200000000001e-02  5.7310199999999999e-02  5.8788999999999994e-02  6.1208599999999995e-02  6.4658400000000005e-02  6.9260400000000000e-02  7.5173599999999993e-02  8.2595599999999991e-02  9.1750799999999993e-02  1.0286900000000000e-01  1.1615960000000000e-01  1.3178199999999998e-01  1.4980559999999998e-01  1.7013439999999999e-01  1.9237899999999997e-01  2.1565399999999998e-01  2.3834799999999998e-01  2.5800999999999996e-01  2.7162799999999998e-01  2.7653200000000000e-01  2.7162799999999998e-01  2.5800999999999996e-01  2.3834799999999998e-01  2.1565399999999998e-01  1.9237899999999997e-01  1.7013439999999999e-01  1.4980559999999998e-01  1.3178199999999998e-01  1.1615960000000000e-01  1.0286900000000000e-01  9.1750799999999993e-02  8.2595599999999991e-02  7.5173599999999993e-02  6.9260400000000000e-02  6.4658400000000005e-02  6.1208599999999995e-02  5.8788999999999994e-02  5.7310199999999999e-02  5.6709200000000001e-02  5.6942800000000002e-02  5.7978599999999998e-02  5.9782599999999991e-02  6.2294799999999990e-02  6.5394799999999989e-02  6.8854399999999996e-02  7.2292199999999987e-02  7.5153599999999987e-02  7.6767799999999997e-02  7.6538799999999990e-02  7.4228999999999989e-02
   2.5000000000000001e-03  6.3282400000000003e-02  6.3688599999999984e-02  6.2352399999999988e-02  5.9582399999999994e-02  5.5921999999999999e-02  5.1947199999999999e-02  4.8128399999999995e-02  4.4788399999999999e-02  4.2117799999999997e-02  4.0216399999999999e-02  3.9132199999999999e-02  3.8892399999999994e-02  3.9523399999999993e-02  4.1065199999999996e-02  4.3577999999999999e-02  4.7148799999999998e-02  5.1896799999999993e-02  5.7975399999999996e-02  6.5572599999999995e-02  7.4900999999999995e-02  8.6180599999999982e-02  9.9608599999999992e-02  1.1532379999999999e-01  1.3335179999999999e-01  1.5352279999999999e-01  1.7534599999999997e-01  1.9784319999999997e-01  2.1939399999999998e-01  2.3771999999999999e-01  2.5020799999999999e-01  2.5466199999999994e-01  2.5020799999999999e-01  2.3771999999999999e-01  2.1939399999999998e-01  1.9784319999999997e-01  1.7534599999999997e-01  1.5352279999999999e-01  1.3335179999999999e-01  1.1532379999999999e-01  9.9608599999999992e-02  8.6180399999999990e-02  7.4900999999999995e-02  6.5572599999999995e-02  5.7975399999999996e-02  5.1896799999999993e-02  4.7148799999999998e-02  4.3577799999999993e-02  4.1065199999999996e-02  3.9523399999999993e-02  3.8892399999999994e-02  3.9132199999999999e-02  4.0216399999999999e-02  4.2117799999999997e-02  4.4788399999999999e-02  4.8128399999999995e-02  5.1947199999999999e-02  5.5921999999999999e-02  5.9582399999999994e-02  6.2352399999999988e-02  6.3688599999999984e-02  6.3282400000000003e-02
   2.0000000000000000e-03  5.4685199999999996e-02  5.3666599999999995e-02  5.1127199999999991e-02  4.7425599999999998e-02  4.3081799999999996e-02  3.8619199999999992e-02  3.4456799999999996e-02  3.0877399999999996e-02  2.8045199999999996e-02  2.6041199999999997e-02  2.4901999999999997e-02  2.4646399999999995e-02  2.5294999999999998e-02  2.6883600000000001e-02  2.9469199999999997e-02  3.3137000000000000e-02  3.8003399999999993e-02  4.4218199999999999e-02  5.1963599999999992e-02  6.1445000000000000e-02  7.2874399999999992e-02  8.6438999999999988e-02  1.0225919999999998e-01  1.2032699999999999e-01  1.4041719999999999e-01  1.6196800000000000e-01  1.8394059999999998e-01  2.0471799999999998e-01  2.2214999999999996e-01  2.3389399999999999e-01  2.3805399999999996e-01  2.3389399999999999e-01  2.2214999999999996e-01  2.0471799999999998e-01  1.8394059999999998e-01  1.6196800000000000e-01  1.4041719999999999e-01  1.2032699999999999e-01  1.0225919999999998e-01  8.6438999999999988e-02  7.2874399999999992e-02  6.1445000000000000e-02  5.1963400000000000e-02  4.4218199999999999e-02  3.8003399999999993e-02  3.3137000000000000e-02  2.9469199999999997e-02  2.6883600000000001e-02  2.5294999999999998e-02  2.4646399999999995e-02  2.4901999999999997e-02  2.6041199999999997e-02  2.8045199999999996e-02  3.0877399999999996e-02  3.4456799999999996e-02  3.8619199999999992e-02  4.3081799999999996e-02  4.7425599999999998e-02  5.1126999999999999e-02  5.3666599999999995e-02  5.4685199999999996e-02
   1.5000000000000000e-03  4.8211199999999996e-02  4.6158199999999996e-02  4.2728799999999997e-02  3.8314999999999995e-02  3.3427600000000002e-02  2.8560600000000002e-02  2.4103199999999998e-02  2.0313200000000000e-02  1.7335259999999998e-02  1.5237400000000000e-02  1.4045399999999998e-02  1.3770619999999999e-02  1.4428460000000001e-02  1.6050239999999997e-02  1.8690619999999998e-02  2.2432599999999997e-02  2.7390599999999998e-02  3.3712399999999997e-02  4.1576200000000001e-02  5.1183799999999995e-02  6.2740599999999994e-02  7.6426200000000000e-02  9.2346199999999989e-02  1.1046720000000000e-01  1.3052439999999998e-01  1.5190640000000000e-01  1.7353519999999997e-01  1.9379979999999999e-01  2.1064400000000000e-01  2.2190199999999999e-01  2.2586999999999999e-01  2.2190199999999999e-01  2.1064400000000000e-01  1.9379979999999999e-01  1.7353519999999997e-01  1.5190640000000000e-01  1.3052439999999998e-01  1.1046720000000000e-01  9.2346199999999989e-02  7.6426200000000000e-02  6.2740599999999994e-02  5.1183799999999995e-02  4.1576200000000001e-02  3.3712399999999997e-02  2.7390599999999998e-02  2.2432599999999997e-02  1.8690619999999998e-02  1.6050220000000000e-02  1.4428439999999999e-02  1.3770599999999999e-02  1.4045379999999998e-02  1.5237400000000000e-02  1.7335259999999998e-02  2.0312999999999998e-02  2.4103199999999998e-02  2.8560600000000002e-02  3.3427600000000002e-02  3.8314999999999995e-02  4.2728799999999997e-02  4.6158199999999996e-02  4.8211199999999996e-02
   1.0000000000000000e-03  4.3696800000000001e-02  4.0941399999999996e-02  3.6899799999999996e-02  3.1985399999999997e-02  2.6705000000000000e-02  2.1537999999999998e-02  1.6856299999999998e-02  1.2903059999999999e-02  9.8110799999999998e-03  7.6383799999999993e-03  6.4032400000000001e-03  6.1110599999999998e-03  6.7728399999999987e-03  8.4166999999999992e-03  1.1095079999999998e-02  1.4889339999999999e-02  1.9912759999999998e-02  2.6311399999999999e-02  3.4262199999999993e-02  4.3963400000000000e-02  5.5617399999999990e-02  6.9396999999999986e-02  8.5397999999999988e-02  1.0356899999999999e-01  1.2361819999999998e-01  1.4490199999999998e-01  1.6631720000000000e-01  1.8625979999999998e-01  2.0273400000000000e-01  2.1368799999999999e-01  2.1753799999999998e-01  2.1368799999999999e-01  2.0273400000000000e-01  1.8625979999999998e-01  1.6631720000000000e-01  1.4490199999999998e-01  1.2361819999999998e-01  1.0356899999999999e-01  8.5397999999999988e-02  6.9396999999999986e-02  5.5617399999999990e-02  4.3963400000000000e-02  3.4262199999999993e-02  2.6311399999999999e-02  1.9912739999999998e-02  1.4889339999999999e-02  1.1095059999999999e-02  8.4166999999999992e-03  6.7728399999999987e-03  6.1110599999999998e-03  6.4032199999999994e-03  7.6383799999999993e-03  9.8110599999999999e-03  1.2903059999999999e-02  1.6856280000000001e-02  2.1537999999999998e-02  2.6705000000000000e-02  3.1985399999999997e-02  3.6899799999999996e-02  4.0941399999999996e-02  4.3696800000000001e-02
   5.0000000000000001e-04  4.1030999999999998e-02  3.7867800000000000e-02  3.3468199999999997e-02  2.8256599999999996e-02  2.2739400000000000e-02  1.7388259999999999e-02  1.2567099999999999e-02  8.5111800000000001e-03  5.3466999999999994e-03  3.1260399999999996e-03  1.8627959999999997e-03  1.5586559999999998e-03  2.2217599999999997e-03  3.8781599999999994e-03  6.5788799999999988e-03  1.0404280000000000e-02  1.5466879999999999e-02  2.1912200000000000e-02  2.9915599999999994e-02  3.9674799999999996e-02  5.1389199999999996e-02  6.5228399999999992e-02  8.1281800000000001e-02  9.9487399999999990e-02  1.1953819999999998e-01  1.4077160000000000e-01  1.6207119999999997e-01  1.8183700000000000e-01  1.9810799999999998e-01  2.0889600000000000e-01  2.1268199999999998e-01  2.0889600000000000e-01  1.9810799999999998e-01  1.8183700000000000e-01  1.6207119999999997e-01  1.4077160000000000e-01  1.1953819999999998e-01  9.9487399999999990e-02  8.1281800000000001e-02  6.5228399999999992e-02  5.1389199999999996e-02  3.9674799999999996e-02  2.9915599999999994e-02  2.1912200000000000e-02  1.5466879999999999e-02  1.0404280000000000e-02  6.5788599999999997e-03  3.8781599999999994e-03  2.2217599999999997e-03  1.5586539999999998e-03  1.8627939999999996e-03  3.1260399999999996e-03  5.3466999999999994e-03  8.5111800000000001e-03  1.2567080000000000e-02  1.7388259999999999e-02  2.2739400000000000e-02  2.8256599999999996e-02  3.3468199999999997e-02  3.7867800000000000e-02  4.1030999999999998e-02
   0.0000000000000000e+00  4.0149400000000002e-02  3.6852599999999999e-02  3.2335000000000003e-02  2.7024999999999997e-02  2.1428599999999999e-02  1.6015599999999998e-02  1.1147139999999998e-02  7.0562200000000002e-03  3.8668999999999999e-03  1.6297619999999997e-03  3.5677600000000000e-04  4.8387999999999998e-05  7.1175999999999998e-04  2.3722199999999995e-03  5.0802999999999994e-03  8.9160600000000000e-03  1.3991719999999997e-02  2.0452600000000001e-02  2.8473799999999997e-02  3.8252599999999998e-02  4.9987399999999994e-02  6.3846999999999987e-02  7.9918400000000001e-02  9.8136599999999991e-02  1.1818880000000000e-01  1.3940680000000000e-01  1.6066979999999997e-01  1.8037939999999997e-01  1.9658560000000000e-01  2.0731999999999998e-01  2.1108600000000000e-01  2.0731999999999998e-01  1.9658560000000000e-01  1.8037939999999997e-01  1.6066979999999997e-01  1.3940680000000000e-01  1.1818880000000000e-01  9.8136599999999991e-02  7.9918400000000001e-02  6.3846999999999987e-02  4.9987399999999994e-02  3.8252599999999998e-02  2.8473799999999997e-02  2.0452600000000001e-02  1.3991719999999997e-02  8.9160600000000000e-03  5.0802999999999994e-03  2.3722199999999995e-03  7.1175999999999998e-04  4.8387999999999998e-05  3.5677600000000000e-04  1.6297619999999997e-03  3.8668999999999999e-03  7.0562200000000002e-03  1.1147139999999998e-02  1.6015599999999998e-02  2.1428599999999999e-02  2.7024999999999997e-02  3.2335000000000003e-02  3.6852599999999999e-02  4.0149400000000002e-02
  -5.0000000000000001e-04  4.1030999999999998e-02  3.7867800000000000e-02  3.3468199999999997e-02  2.8256599999999996e-02  2.2739400000000000e-02  1.7388259999999999e-02  1.2567080000000000e-02  8.5111800000000001e-03  5.3466799999999995e-03  3.1260399999999996e-03  1.8627939999999996e-03  1.5586539999999998e-03  2.2217599999999997e-03  3.8781599999999994e-03  6.5788799999999988e-03  1.0404280000000000e-02  1.5466879999999999e-02  2.1912200000000000e-02  2.9915599999999994e-02  3.9674799999999996e-02  5.1389199999999996e-02  6.5228399999999992e-02  8.1281800000000001e-02  9.9487399999999990e-02  1.1953819999999998e-01  1.4077160000000000e-01  1.6207119999999997e-01  1.8183700000000000e-01  1.9810799999999998e-01  2.0889600000000000e-01  2.1268199999999998e-01  2.0889600000000000e-01  1.9810799999999998e-01  1.8183700000000000e-01  1.6207119999999997e-01  1.4077160000000000e-01  1.1953819999999998e-01  9.9487399999999990e-02  8.1281800000000001e-02  6.5228399999999992e-02  5.1389199999999996e-02  3.9674799999999996e-02  2.9915599999999994e-02  2.1912200000000000e-02  1.5466899999999999e-02  1.0404280000000000e-02  6.5788799999999988e-03  3.8781599999999994e-03  2.2217599999999997e-03  1.5586559999999998e-03  1.8627959999999997e-03  3.1260399999999996e-03  5.3466999999999994e-03  8.5111800000000001e-03  1.2567099999999999e-02  1.7388259999999999e-02  2.2739400000000000e-02  2.8256599999999996e-02  3.3468199999999997e-02  3.7867800000000000e-02  4.1030999999999998e-02
  -1.0000000000000000e-03  4.3696800000000001e-02  4.0941399999999996e-02  3.6899799999999996e-02  3.1985399999999997e-02  2.6705000000000000e-02  2.1537999999999998e-02  1.6856280000000001e-02  1.2903059999999999e-02  9.8110599999999999e-03  7.6383799999999993e-03  6.4032199999999994e-03  6.1110599999999998e-03  6.7728399999999987e-03  8.4166999999999992e-03  1.1095059999999999e-02  1.4889339999999999e-02  1.9912739999999998e-02  2.6311399999999999e-02  3.4262199999999993e-02  4.3963400000000000e-02  5.5617399999999990e-02  6.9396999999999986e-02  8.5397999999999988e-02  1.0356899999999999e-01  1.2361819999999998e-01  1.4490199999999998e-01  1.6631720000000000e-01  1.8625999999999998e-01  2.0273400000000000e-01  2.1368799999999999e-01  2.1753799999999998e-01  2.1368799999999999e-01  2.0273400000000000e-01  1.8625979999999998e-01  1.6631720000000000e-01  1.4490199999999998e-01  1.2361819999999998e-01  1.0356899999999999e-01  8.5397999999999988e-02  6.9396999999999986e-02  5.5617399999999990e-02  4.3963400000000000e-02  3.4262199999999993e-02  2.6311399999999999e-02  1.9912759999999998e-02  1.4889339999999999e-02  1.1095079999999998e-02  8.4166999999999992e-03  6.7728399999999987e-03  6.1110599999999998e-03  6.4032400000000001e-03  7.6383799999999993e-03  9.8110799999999998e-03  1.2903059999999999e-02  1.6856299999999998e-02  2.1537999999999998e-02  2.6705000000000000e-02  3.1985399999999997e-02  3.6899799999999996e-02  4.0941399999999996e-02  4.3696800000000001e-02
  -1.5000000000000000e-03  4.8211199999999996e-02  4.6158199999999996e-02  4.2728799999999997e-02  3.8314999999999995e-02  3.3427600000000002e-02  2.8560600000000002e-02  2.4103199999999998e-02  2.0312999999999998e-02  1.7335259999999998e-02  1.5237400000000000e-02  1.4045399999999998e-02  1.3770599999999999e-02  1.4428439999999999e-02  1.6050220000000000e-02  1.8690619999999998e-02  2.2432599999999997e-02  2.7390599999999998e-02  3.3712399999999997e-02  4.1576200000000001e-02  5.1183799999999995e-02  6.2740599999999994e-02  7.6426200000000000e-02  9.2346199999999989e-02  1.1046720000000000e-01  1.3052439999999998e-01  1.5190640000000000e-01  1.7353519999999997e-01  1.9379979999999999e-01  2.1064400000000000e-01  2.2190199999999999e-01  2.2586999999999999e-01  2.2190199999999999e-01  2.1064400000000000e-01  1.9379979999999999e-01  1.7353519999999997e-01  1.5190640000000000e-01  1.3052439999999998e-01  1.1046720000000000e-01  9.2346199999999989e-02  7.6426200000000000e-02  6.2740599999999994e-02  5.1183799999999995e-02  4.1576200000000001e-02  3.3712399999999997e-02  2.7390599999999998e-02  2.2432599999999997e-02  1.8690619999999998e-02  1.6050239999999997e-02  1.4428460000000001e-02  1.3770619999999999e-02  1.4045399999999998e-02  1.5237400000000000e-02  1.7335259999999998e-02  2.0313200000000000e-02  2.4103199999999998e-02  2.8560600000000002e-02  3.3427600000000002e-02  3.8314999999999995e-02  4.2728799999999997e-02  4.6158199999999996e-02  4.8211199999999996e-02
  -2.0000000000000000e-03  5.4685199999999996e-02  5.3666599999999995e-02  5.1126999999999999e-02  4.7425599999999998e-02  4.3081799999999996e-02  3.8619199999999992e-02  3.4456799999999996e-02  3.0877399999999996e-02  2.8045199999999996e-02  2.6041199999999997e-02  2.4901999999999997e-02  2.4646399999999995e-02  2.5294999999999998e-02  2.6883600000000001e-02  2.9469199999999997e-02  3.3137000000000000e-02  3.8003399999999993e-02  4.4218199999999999e-02  5.1963599999999992e-02  6.1445000000000000e-02  7.2874399999999992e-02  8.6438999999999988e-02  1.0225919999999998e-01  1.2032699999999999e-01  1.4041719999999999e-01  1.6196800000000000e-01  1.8394059999999998e-01  2.0471799999999998e-01  2.2214999999999996e-01  2.3389399999999999e-01  2.3805399999999996e-01  2.3389399999999999e-01  2.2214999999999996e-01  2.0471799999999998e-01  1.8394059999999998e-01  1.6196800000000000e-01  1.4041719999999999e-01  1.2032699999999999e-01  1.0225919999999998e-01  8.6438999999999988e-02  7.2874399999999992e-02  6.1445000000000000e-02  5.1963599999999992e-02  4.4218199999999999e-02  3.8003399999999993e-02  3.3137000000000000e-02  2.9469199999999997e-02  2.6883600000000001e-02  2.5294999999999998e-02  2.4646399999999995e-02  2.4901999999999997e-02  2.6041199999999997e-02  2.8045199999999996e-02  3.0877399999999996e-02  3.4456799999999996e-02  3.8619199999999992e-02  4.3081799999999996e-02  4.7425599999999998e-02  5.1127199999999991e-02  5.3666599999999995e-02  5.4685199999999996e-02
  -2.5000000000000001e-03  6.3282400000000003e-02  6.3688599999999984e-02  6.2352399999999988e-02  5.9582399999999994e-02  5.5921999999999999e-02  5.1947199999999999e-02  4.8128399999999995e-02  4.4788399999999999e-02  4.2117799999999997e-02  4.0216399999999999e-02  3.9132199999999999e-02  3.8892399999999994e-02  3.9523399999999993e-02  4.1065199999999996e-02  4.3577799999999993e-02  4.7148799999999998e-02  5.1896799999999993e-02  5.7975399999999996e-02  6.5572599999999995e-02  7.4900999999999995e-02  8.6180399999999990e-02  9.9608599999999992e-02  1.1532379999999999e-01  1.3335179999999999e-01  1.5352279999999999e-01  1.7534599999999997e-01  1.9784319999999997e-01  2.1939399999999998e-01  2.3771999999999999e-01  2.5020799999999999e-01  2.5466199999999994e-01  2.5020799999999999e-01  2.3771999999999999e-01  2.1939399999999998e-01  1.9784319999999997e-01  1.7534599999999997e-01  1.5352279999999999e-01  1.3335179999999999e-01  1.1532379999999999e-01  9.9608599999999992e-02  8.6180599999999982e-02  7.4900999999999995e-02  6.5572599999999995e-02  5.7975399999999996e-02  5.1896799999999993e-02  4.7148799999999998e-02  4.3577999999999999e-02  4.1065199999999996e-02  3.9523399999999993e-02  3.8892399999999994e-02  3.9132199999999999e-02  4.0216399999999999e-02  4.2117799999999997e-02  4.4788399999999999e-02  4.8128399999999995e-02  5.1947199999999999e-02  5.5921999999999999e-02  5.9582399999999994e-02  6.2352399999999988e-02  6.3688599999999984e-02  6.3282400000000003e-02
  -3.0000000000000001e-03  7.4228999999999989e-02  7.6538799999999990e-02  7.6767799999999997e-02  7.5153599999999987e-02  7.2292199999999987e-02  6.8854399999999996e-02  6.5394799999999989e-02  6.2294799999999990e-02  5.9782599999999991e-02  5.7978599999999998e-02  5.6942800000000002e-02  5.6709200000000001e-02  5.7310199999999999e-02  5.8788999999999994e-02  6.1208599999999995e-02  6.4658400000000005e-02  6.9260400000000000e-02  7.5173599999999993e-02  8.2595599999999991e-02  9.1750799999999993e-02  1.0286900000000000e-01  1.1615960000000000e-01  1.3178199999999998e-01  1.4980559999999998e-01  1.7013439999999999e-01  1.9237899999999997e-01  2.1565399999999998e-01  2.3834799999999998e-01  2.5800999999999996e-01  2.7162799999999998e-01  2.7653200000000000e-01  2.7162799999999998e-01  2.5800999999999996e-01  2.3834799999999998e-01  2.1565399999999998e-01  1.9237899999999997e-01  1.7013439999999999e-01  1.4980559999999998e-01  1.3178199999999998e-01  1.1615960000000000e-01  1.0286900000000000e-01  9.1750799999999993e-02  8.2595599999999991e-02  7.5173599999999993e-02  6.9260400000000000e-02  6.4658400000000005e-02  6.1208599999999995e-02  5.8788999999999994e-02  5.7310199999999999e-02  5.6709200000000001e-02  5.6942800000000002e-02  5.7978599999999998e-02  5.9782599999999991e-02  6.2294799999999990e-02  6.5394799999999989e-02  6.8854399999999996e-02  7.2292199999999987e-02  7.5153599999999987e-02  7.6768000000000003e-02  7.6538799999999990e-02  7.4228999999999989e-02
  -3.5000000000000001e-03  8.7827799999999998e-02  9.2652599999999988e-02  9.4873399999999983e-02  9.4631799999999988e-02  9.2639399999999997e-02  8.9732999999999993e-02  8.6598999999999995e-02  8.3703599999999989e-02  8.1321399999999988e-02  7.9593999999999998e-02  7.8589399999999990e-02  7.8346399999999997e-02  7.8900399999999996e-02  8.0297199999999999e-02  8.2601399999999991e-02  8.5903999999999994e-02  9.0330199999999999e-02  9.6047800000000003e-02  1.0326979999999998e-01  1.1223899999999999e-01  1.2319919999999998e-01  1.3636979999999999e-01  1.5193340000000000e-01  1.7001299999999997e-01  1.9061219999999998e-01  2.1348399999999998e-01  2.3788799999999999e-01  2.6225199999999999e-01  2.8390599999999999e-01  2.9924599999999996e-01  3.0484800000000001e-01  2.9924599999999996e-01  2.8390599999999999e-01  2.6225199999999999e-01  2.3788799999999999e-01  2.1348399999999998e-01  1.9061219999999998e-01  1.7001299999999997e-01  1.5193340000000000e-01  1.3636979999999999e-01  1.2319919999999998e-01  1.1223899999999999e-01  1.0326979999999998e-01  9.6047999999999994e-02  9.0330199999999999e-02  8.5904199999999986e-02  8.2601399999999991e-02  8.0297199999999999e-02  7.8900399999999996e-02  7.8346399999999997e-02  7.8589399999999990e-02  7.9593999999999998e-02  8.1321399999999988e-02  8.3703599999999989e-02  8.6598999999999995e-02  8.9732999999999993e-02  9.2639399999999997e-02  9.4631799999999988e-02  9.4873399999999983e-02  9.2652599999999988e-02  8.7827799999999998e-02
  -4.0000000000000001e-03  1.0448120000000000e-01  1.1263479999999998e-01  1.1735359999999997e-01  1.1866599999999999e-01  1.1752839999999999e-01  1.1506339999999998e-01  1.1215360000000001e-01  1.0937920000000000e-01  1.0706940000000000e-01  1.0538059999999999e-01  1.0437979999999999e-01  1.0410440000000000e-01  1.0458980000000000e-01  1.0588259999999999e-01  1.0804720000000000e-01  1.1117439999999999e-01  1.1539219999999999e-01  1.2088039999999999e-01  1.2787759999999998e-01  1.3665759999999999e-01  1.4748099999999997e-01  1.6057279999999999e-01  1.7613679999999998e-01  1.9436059999999997e-01  2.1538199999999999e-01  2.3915799999999995e-01  2.6517599999999997e-01  2.9196399999999995e-01  3.1659599999999999e-01  3.3459999999999995e-01  3.4130199999999994e-01  3.3459999999999995e-01  3.1659599999999999e-01  2.9196399999999995e-01  2.6517599999999997e-01  2.3915799999999995e-01  2.1538199999999999e-01  1.9436059999999997e-01  1.7613679999999998e-01  1.6057279999999999e-01  1.4748119999999998e-01  1.3665759999999999e-01  1.2787759999999998e-01  1.2088039999999999e-01  1.1539219999999999e-01  1.1117459999999998e-01  1.0804720000000000e-01  1.0588259999999999e-01  1.0458980000000000e-01  1.0410440000000000e-01  1.0437979999999999e-01  1.0538059999999999e-01  1.0706940000000000e-01  1.0937920000000000e-01  1.1215360000000001e-01  1.1506339999999998e-01  1.1752839999999999e-01  1.1866599999999999e-01  1.1735359999999997e-01  1.1263479999999998e-01  1.0448120000000000e-01
  -4.4999999999999997e-03  1.2472559999999998e-01  1.3734040000000000e-01  1.4515299999999998e-01  1.4810199999999998e-01  1.4765859999999997e-01  1.4541799999999999e-01  1.4253839999999998e-01  1.3974219999999998e-01  1.3741499999999998e-01  1.3571040000000001e-01  1.3467640000000000e-01  1.3433899999999999e-01  1.3472980000000001e-01  1.3589379999999998e-01  1.3789260000000000e-01  1.4081399999999999e-01  1.4478579999999999e-01  1.5000279999999999e-01  1.5674659999999999e-01  1.6534519999999997e-01  1.7607839999999997e-01  1.8916179999999999e-01  2.0481400000000000e-01  2.2329799999999997e-01  2.4492999999999998e-01  2.6996599999999998e-01  2.9824799999999996e-01  3.2853599999999994e-01  3.5765199999999997e-01  3.7985999999999998e-01  3.8835199999999997e-01  3.7985999999999998e-01  3.5765199999999997e-01  3.2853599999999994e-01  2.9824799999999996e-01  2.6996599999999998e-01  2.4492999999999998e-01  2.2329799999999997e-01  2.0481400000000000e-01  1.8916179999999999e-01  1.7607839999999997e-01  1.6534519999999997e-01  1.5674659999999999e-01  1.5000279999999999e-01  1.4478579999999999e-01  1.4081399999999999e-01  1.3789279999999998e-01  1.3589379999999998e-01  1.3472980000000001e-01  1.3433899999999999e-01  1.3467640000000000e-01  1.3571040000000001e-01  1.3741499999999998e-01  1.3974219999999998e-01  1.4253839999999998e-01  1.4541799999999999e-01  1.4765859999999997e-01  1.4810199999999998e-01  1.4515319999999998e-01  1.3734040000000000e-01  1.2472579999999998e-01
  -5.0000000000000001e-03  1.4928520000000001e-01  1.6802280000000000e-01  1.7959559999999999e-01  1.8403319999999998e-01  1.8387560000000000e-01  1.8146199999999998e-01  1.7829699999999998e-01  1.7526499999999998e-01  1.7279979999999998e-01  1.7101299999999997e-01  1.6990079999999999e-01  1.6946579999999997e-01  1.6973219999999997e-01  1.7074039999999999e-01  1.7254639999999999e-01  1.7522919999999997e-01  1.7891060000000000e-01  1.8380019999999997e-01  1.9024980000000000e-01  1.9868719999999998e-01  2.0941200000000001e-01  2.2259399999999999e-01  2.3845200000000000e-01  2.5733799999999996e-01  2.7979599999999993e-01  3.0652199999999996e-01  3.3792399999999995e-01  3.7322000000000000e-01  4.0913399999999994e-01  4.3814599999999992e-01  4.4966799999999990e-01  4.3814599999999992e-01  4.0913399999999994e-01  3.7322000000000000e-01  3.3792399999999995e-01  3.0652199999999996e-01  2.7979599999999993e-01  2.5733799999999996e-01  2.3845200000000000e-01  2.2259399999999999e-01  2.0941200000000001e-01  1.9868719999999998e-01  1.9024980000000000e-01  1.8380019999999997e-01  1.7891060000000000e-01  1.7522919999999997e-01  1.7254639999999999e-01  1.7074039999999999e-01  1.6973219999999997e-01  1.6946579999999997e-01  1.6990099999999997e-01  1.7101299999999997e-01  1.7279979999999998e-01  1.7526499999999998e-01  1.7829699999999998e-01  1.8146199999999998e-01  1.8387560000000000e-01  1.8403319999999998e-01  1.7959559999999999e-01  1.6802280000000000e-01  1.4928520000000001e-01
