# Auto-generated by pyeletra.utils.kickmap.generate_Radia_kickmap_file()
# Undulator Length [m]
1.4
# Number of Horizontal Points
61
# Number of Vertical Points
21
# Horizontal Kick [micro-rad]
START
                          -2.9999999999999999e-02 -2.9000000000000001e-02 -2.8000000000000001e-02 -2.7000000000000000e-02 -2.5999999999999999e-02 -2.5000000000000001e-02 -2.4000000000000000e-02 -2.3000000000000000e-02 -2.1999999999999999e-02 -2.1000000000000001e-02 -2.0000000000000000e-02 -1.9000000000000000e-02 -1.7999999999999999e-02 -1.7000000000000001e-02 -1.6000000000000000e-02 -1.4999999999999999e-02 -1.4000000000000000e-02 -1.2999999999999999e-02 -1.2000000000000000e-02 -1.0999999999999999e-02 -1.0000000000000000e-02 -8.9999999999999993e-03 -8.0000000000000002e-03 -7.0000000000000001e-03 -6.0000000000000001e-03 -5.0000000000000001e-03 -4.0000000000000001e-03 -3.0000000000000001e-03 -2.0000000000000000e-03 -1.0000000000000000e-03  0.0000000000000000e+00  1.0000000000000000e-03  2.0000000000000000e-03  3.0000000000000001e-03  4.0000000000000001e-03  5.0000000000000001e-03  6.0000000000000001e-03  7.0000000000000001e-03  8.0000000000000002e-03  8.9999999999999993e-03  1.0000000000000000e-02  1.0999999999999999e-02  1.2000000000000000e-02  1.2999999999999999e-02  1.4000000000000000e-02  1.4999999999999999e-02  1.6000000000000000e-02  1.7000000000000001e-02  1.7999999999999999e-02  1.9000000000000000e-02  2.0000000000000000e-02  2.1000000000000001e-02  2.1999999999999999e-02  2.3000000000000000e-02  2.4000000000000000e-02  2.5000000000000001e-02  2.5999999999999999e-02  2.7000000000000000e-02  2.8000000000000001e-02  2.9000000000000001e-02  2.9999999999999999e-02
   5.0000000000000001e-03 -9.8758999999999997e+00 -1.0011239999999999e+01 -8.9174999999999986e+00 -7.0236399999999994e+00 -4.6204979999999995e+00 -2.4482939999999997e+00 -8.8853199999999999e-01  3.6836599999999997e-02  2.9751519999999998e-01  1.0982819999999999e-01 -1.1326099999999999e-01 -1.1701660000000000e-01  1.8117499999999998e-02  1.0793299999999999e-01  1.0163459999999999e-01 -1.7188339999999996e-02 -2.4340499999999998e-01 -5.3482279999999993e-01 -8.2080599999999992e-01 -9.8021799999999992e-01 -8.7784399999999996e-01 -4.2952039999999997e-01  5.4793639999999998e-02  1.8677739999999998e-01  4.5035999999999993e-01  2.2772059999999996e+00  6.4428399999999995e+00  1.0070079999999999e+01  8.8228200000000001e+00  3.9580419999999994e+00 -7.6857799999999988e-06 -3.9580159999999998e+00 -8.8228200000000001e+00 -1.0069979999999999e+01 -6.4429599999999985e+00 -2.2772839999999999e+00 -4.5033679999999998e-01 -1.8674299999999996e-01 -5.4819619999999999e-02  4.2958059999999992e-01  8.7779399999999985e-01  9.8030399999999984e-01  8.2083200000000001e-01  5.3479499999999991e-01  2.4338139999999997e-01  1.7203759999999998e-02 -1.0161759999999999e-01 -1.0794919999999998e-01 -1.8094340000000000e-02  1.1699479999999998e-01  1.1322239999999999e-01 -1.0981220000000000e-01 -2.9751079999999996e-01 -3.6768539999999995e-02  8.8858399999999993e-01  2.4482919999999999e+00  4.6204219999999996e+00  7.0236599999999987e+00  8.9175199999999997e+00  1.0011220000000000e+01  9.8759399999999999e+00
   4.4999999999999997e-03 -7.1623000000000001e+00 -7.4197599999999992e+00 -6.8312999999999997e+00 -5.5816239999999997e+00 -3.9157839999999995e+00 -2.2990300000000001e+00 -1.0501459999999998e+00 -2.6727639999999997e-01  3.7645779999999997e-02  1.0520479999999999e-02 -8.8700999999999988e-02 -8.8519799999999996e-02 -8.3411399999999986e-03  5.2979939999999996e-02  4.5793219999999996e-02 -4.4723979999999997e-02 -2.0938619999999999e-01 -4.1005559999999996e-01 -5.8464619999999989e-01 -6.5000799999999992e-01 -5.2401199999999992e-01 -1.8654019999999999e-01  1.9943319999999998e-01  5.0460260000000001e-01  1.0934400000000000e+00  2.7372459999999998e+00  5.5366419999999996e+00  7.6538199999999996e+00  6.8016599999999992e+00  3.5162199999999997e+00 -5.0049280000000001e-06 -3.5161899999999999e+00 -6.8016599999999992e+00 -7.6538599999999999e+00 -5.5366700000000000e+00 -2.7372679999999998e+00 -1.0934499999999998e+00 -5.0461859999999992e-01 -1.9934659999999998e-01  1.8653699999999998e-01  5.2399180000000001e-01  6.4995399999999992e-01  5.8460020000000001e-01  4.1010520000000000e-01  2.0937719999999999e-01  4.4718539999999994e-02 -4.5830339999999997e-02 -5.3036819999999991e-02  8.3528800000000000e-03  8.8549599999999992e-02  8.8717399999999988e-02 -1.0561579999999999e-02 -3.7596739999999997e-02  2.6732559999999994e-01  1.0501119999999999e+00  2.2990879999999998e+00  3.9157259999999998e+00  5.5816119999999989e+00  6.8313199999999989e+00  7.4197400000000000e+00  7.1622799999999991e+00
   4.0000000000000001e-03 -5.1641139999999996e+00 -5.4134039999999990e+00 -5.0988879999999996e+00 -4.2934559999999991e+00 -3.1603580000000000e+00 -1.9941439999999999e+00 -1.0378460000000000e+00 -4.0313239999999995e-01 -1.0632539999999999e-01 -5.3691459999999996e-02 -8.1247799999999995e-02 -7.2450799999999996e-02 -2.1514459999999996e-02  1.9348279999999999e-02  1.2768180000000001e-02 -5.3328599999999997e-02 -1.6903759999999998e-01 -3.0215179999999997e-01 -4.0364319999999992e-01 -4.1610259999999993e-01 -2.9158259999999997e-01 -2.8181659999999994e-02  2.9626839999999999e-01  6.6185799999999995e-01  1.3165319999999998e+00  2.6419920000000001e+00  4.5026519999999994e+00  5.7369219999999990e+00  5.0918759999999992e+00  2.7937379999999998e+00 -3.7863979999999998e-06 -2.7937419999999995e+00 -5.0919159999999994e+00 -5.7369259999999995e+00 -4.5026319999999993e+00 -2.6419239999999995e+00 -1.3165819999999999e+00 -6.6184399999999988e-01 -2.9625239999999997e-01  2.8168219999999997e-02  2.9157959999999994e-01  4.1620119999999994e-01  4.0361979999999992e-01  3.0223659999999997e-01  1.6910499999999998e-01  5.3314579999999993e-02 -1.2792599999999999e-02 -1.9308039999999999e-02  2.1519040000000000e-02  7.2470199999999985e-02  8.1212799999999988e-02  5.3710979999999992e-02  1.0639819999999998e-01  4.0317280000000000e-01  1.0379039999999999e+00  1.9941939999999998e+00  3.1603539999999994e+00  4.2934759999999992e+00  5.0988480000000003e+00  5.4134179999999992e+00  5.1641259999999996e+00
   3.5000000000000001e-03 -3.6551279999999995e+00 -3.8548019999999998e+00 -3.6892200000000002e+00 -3.1825199999999998e+00 -2.4311579999999999e+00 -1.6180239999999999e+00 -9.1667199999999993e-01 -4.2594299999999996e-01 -1.6761959999999998e-01 -8.5250800000000002e-02 -7.5957999999999998e-02 -6.1020459999999992e-02 -2.6615119999999996e-02  7.5669399999999992e-04 -4.2488520000000000e-03 -5.0495840000000000e-02 -1.2894059999999999e-01 -2.1389699999999998e-01 -2.6874899999999996e-01 -2.5483239999999996e-01 -1.4403919999999998e-01  6.2159960000000000e-02  3.3146999999999999e-01  6.8230999999999997e-01  1.2705519999999999e+00  2.2655659999999997e+00  3.4803039999999998e+00  4.1868580000000000e+00  3.6841019999999998e+00  2.0726680000000002e+00 -3.1197219999999997e-06 -2.0726739999999997e+00 -3.6840839999999999e+00 -4.1868479999999995e+00 -3.4802860000000000e+00 -2.2655479999999999e+00 -1.2705620000000000e+00 -6.8232599999999999e-01 -3.3147119999999997e-01 -6.2137699999999990e-02  1.4403259999999998e-01  2.5485479999999994e-01  2.6875479999999996e-01  2.1389960000000000e-01  1.2890919999999997e-01  5.0482539999999992e-02  4.2786879999999992e-03 -7.3156199999999995e-04  2.6597079999999999e-02  6.1017439999999992e-02  7.5928799999999991e-02  8.5281399999999993e-02  1.6764379999999998e-01  4.2589539999999998e-01  9.1668199999999989e-01  1.6180040000000000e+00  2.4311379999999998e+00  3.1825639999999997e+00  3.6892179999999999e+00  3.8547859999999998e+00  3.6551220000000000e+00
   3.0000000000000001e-03 -2.5016839999999996e+00 -2.6441659999999998e+00 -2.5590799999999998e+00 -2.2508459999999997e+00 -1.7707560000000000e+00 -1.2274719999999999e+00 -7.3753199999999997e-01 -3.7834340000000000e-01 -1.7324719999999999e-01 -9.0617799999999998e-02 -6.7035999999999984e-02 -5.0358279999999998e-02 -2.6248100000000000e-02 -7.7112399999999994e-03 -1.0788720000000000e-02 -4.1548279999999993e-02 -9.2562599999999981e-02 -1.4452460000000000e-01 -1.7124360000000000e-01 -1.4728059999999998e-01 -5.6438479999999999e-02  1.0006179999999999e-01  3.1187359999999997e-01  6.0498699999999994e-01  1.0711059999999999e+00  1.7729340000000000e+00  2.5431100000000000e+00  2.9332840000000000e+00  2.5506659999999997e+00  1.4478400000000000e+00 -2.6845859999999997e-06 -1.4478460000000000e+00 -2.5506699999999998e+00 -2.9332979999999997e+00 -2.5431200000000000e+00 -1.7729819999999998e+00 -1.0711219999999999e+00 -6.0500179999999992e-01 -3.1187879999999996e-01 -1.0007619999999999e-01  5.6443960000000001e-02  1.4725739999999998e-01  1.7121239999999999e-01  1.4453320000000000e-01  9.2581399999999994e-02  4.1519479999999997e-02  1.0795119999999998e-02  7.6557999999999991e-03  2.6255419999999998e-02  5.0370679999999994e-02  6.7029199999999997e-02  9.0626199999999990e-02  1.7323539999999998e-01  3.7838279999999996e-01  7.3751599999999995e-01  1.2274200000000000e+00  1.7707599999999999e+00  2.2508579999999996e+00  2.5590899999999999e+00  2.6442039999999998e+00  2.5016879999999997e+00
   2.5000000000000001e-03 -1.6197899999999998e+00 -1.7100460000000000e+00 -1.6676020000000000e+00 -1.4903079999999997e+00 -1.2011440000000000e+00 -8.5962200000000000e-01 -5.3861539999999997e-01 -2.9338239999999999e-01 -1.4501439999999999e-01 -7.7751399999999998e-02 -5.3653579999999999e-02 -3.9113799999999997e-02 -2.2355020000000000e-02 -9.5774199999999997e-03 -1.0875479999999998e-02 -3.0127700000000000e-02 -6.1806340000000001e-02 -9.1996399999999992e-02 -1.0291840000000001e-01 -7.8648200000000001e-02 -1.0409699999999999e-02  1.0092119999999999e-01  2.5382240000000000e-01  4.7045700000000001e-01  8.0184200000000005e-01  1.2633039999999998e+00  1.7292319999999999e+00  1.9322019999999998e+00  1.6584279999999998e+00  9.4179399999999991e-01 -2.3031600000000000e-06 -9.4179799999999991e-01 -1.6584320000000001e+00 -1.9322120000000000e+00 -1.7292019999999999e+00 -1.2633239999999999e+00 -8.0183599999999988e-01 -4.7043299999999993e-01 -2.5381879999999996e-01 -1.0094499999999999e-01  1.0407580000000000e-02  7.8642599999999993e-02  1.0291920000000000e-01  9.2007599999999995e-02  6.1803759999999992e-02  3.0133839999999999e-02  1.0880059999999999e-02  9.5765199999999981e-03  2.2376679999999996e-02  3.9122679999999993e-02  5.3643339999999991e-02  7.7752199999999994e-02  1.4501660000000000e-01  2.9337979999999997e-01  5.3860900000000000e-01  8.5961599999999982e-01  1.2011539999999998e+00  1.4902920000000000e+00  1.6676100000000000e+00  1.7100660000000001e+00  1.6197959999999998e+00
   2.0000000000000000e-03 -9.5419199999999982e-01 -1.0013859999999999e+00 -9.8071199999999981e-01 -8.8904200000000000e-01 -7.3241599999999996e-01 -5.3819899999999998e-01 -3.4725659999999997e-01 -1.9566899999999998e-01 -1.0034039999999998e-01 -5.4818420000000000e-02 -3.7458419999999992e-02 -2.7497039999999997e-02 -1.6566879999999999e-02 -7.7943199999999995e-03 -7.6009799999999994e-03 -1.8683979999999999e-02 -3.7178699999999995e-02 -5.3702340000000001e-02 -5.6823840000000000e-02 -3.7368419999999999e-02  8.4616799999999992e-03  7.9307799999999984e-02  1.7601279999999997e-01  3.1430659999999999e-01  5.2164020000000000e-01  7.9659599999999997e-01  1.0567839999999999e+00  1.1521839999999999e+00  9.7435799999999984e-01  5.5019660000000004e-01 -1.8987900000000001e-06 -5.5020079999999993e-01 -9.7433599999999987e-01 -1.1521900000000000e+00 -1.0567880000000001e+00 -7.9660599999999993e-01 -5.2164159999999993e-01 -3.1431480000000001e-01 -1.7597279999999998e-01 -7.9303399999999996e-02 -8.4725599999999988e-03  3.7362899999999998e-02  5.6829359999999988e-02  5.3709879999999995e-02  3.7177299999999996e-02  1.8685219999999999e-02  7.6093799999999998e-03  7.7852599999999987e-03  1.6568039999999999e-02  2.7495979999999996e-02  3.7458659999999998e-02  5.4810959999999992e-02  1.0034059999999999e-01  1.9567999999999999e-01  3.4725659999999997e-01  5.3818559999999993e-01  7.3241599999999996e-01  8.8903599999999983e-01  9.8069599999999990e-01  1.0013879999999999e+00  9.5419999999999994e-01
   1.5000000000000000e-03 -4.6790520000000002e-01 -4.8209659999999999e-01 -4.7186180000000000e-01 -4.3513839999999998e-01 -3.6818719999999994e-01 -2.7774739999999998e-01 -1.8249299999999999e-01 -1.0334499999999999e-01 -5.2653360000000003e-02 -2.9049259999999997e-02 -2.1041639999999997e-02 -1.6536539999999999e-02 -1.0323259999999999e-02 -4.3894360000000000e-03 -3.1507019999999996e-03 -8.6904800000000004e-03 -1.8631780000000001e-02 -2.7003619999999999e-02 -2.7063839999999999e-02 -1.4337200000000000e-02  1.1526599999999998e-02  4.8143559999999995e-02  9.6035799999999991e-02  1.6520939999999998e-01  2.7052579999999998e-01  4.0864960000000000e-01  5.3305259999999999e-01  5.6895359999999995e-01  4.7130079999999996e-01  2.6187519999999997e-01 -1.4605219999999998e-06 -2.6187800000000000e-01 -4.7130400000000000e-01 -5.6895739999999995e-01 -5.3305839999999993e-01 -4.0865359999999995e-01 -2.7052599999999999e-01 -1.6520399999999999e-01 -9.6034599999999998e-02 -4.8142020000000001e-02 -1.1523279999999999e-02  1.4342499999999999e-02  2.7061059999999994e-02  2.7018940000000002e-02  1.8636559999999996e-02  8.6923999999999994e-03  3.1490439999999997e-03  4.3880439999999998e-03  1.0320759999999998e-02  1.6537600000000000e-02  2.1037159999999996e-02  2.9047519999999997e-02  5.2650200000000001e-02  1.0334259999999999e-01  1.8248719999999999e-01  2.7774820000000000e-01  3.6819279999999999e-01  4.3515079999999995e-01  4.7187219999999991e-01  4.8209499999999994e-01  4.6791999999999995e-01
   1.0000000000000000e-03 -1.3609800000000000e-01 -1.2722380000000000e-01 -1.2158459999999999e-01 -1.1855259999999999e-01 -1.0893720000000000e-01 -8.7047599999999989e-02 -5.7012459999999994e-02 -2.9140639999999999e-02 -1.1859919999999999e-02 -6.3138439999999999e-03 -7.0611599999999995e-03 -7.5059200000000001e-03 -4.8766479999999999e-03 -9.0785799999999989e-04  9.7410199999999991e-04 -1.0769159999999998e-03 -5.8122019999999998e-03 -9.6686999999999988e-03 -9.0861599999999994e-03 -2.7352139999999997e-03  7.4916799999999997e-03  1.8059279999999997e-02  2.8329719999999999e-02  4.4307179999999995e-02  7.5135399999999991e-02  1.2040599999999999e-01  1.5984860000000001e-01  1.6505499999999998e-01  1.2706139999999999e-01  6.4942999999999987e-02 -9.9086199999999992e-07 -6.4944999999999989e-02 -1.2706360000000000e-01 -1.6505700000000001e-01 -1.5986119999999998e-01 -1.2040779999999998e-01 -7.5137200000000001e-02 -4.4307399999999997e-02 -2.8330100000000000e-02 -1.8063159999999998e-02 -7.4813199999999988e-03  2.7333059999999996e-03  9.0755999999999996e-03  9.6829399999999993e-03  5.8037599999999998e-03  1.0721799999999998e-03 -9.7349600000000002e-04  9.0885199999999982e-04  4.8794459999999991e-03  7.5080399999999997e-03  7.0594999999999998e-03  6.3138359999999998e-03  1.1862459999999998e-02  2.9140880000000001e-02  5.7013319999999999e-02  8.7047599999999989e-02  1.0894520000000001e-01  1.1855379999999999e-01  1.2158939999999999e-01  1.2721679999999999e-01  1.3610459999999999e-01
   5.0000000000000001e-04  5.7098299999999998e-02  7.9563999999999996e-02  8.3467599999999989e-02  6.8329599999999990e-02  4.6054039999999997e-02  2.9006599999999997e-02  2.1173319999999999e-02  1.8543160000000000e-02  1.5241719999999999e-02  9.0661000000000005e-03  2.2824919999999997e-03 -1.5688000000000000e-03 -1.2042099999999998e-03  1.5886739999999998e-03  3.8069099999999997e-03  3.6618039999999994e-03  1.6875239999999999e-03  5.7920579999999993e-06  3.9748399999999998e-04  2.3249239999999999e-03  2.5709719999999995e-03 -3.2028939999999995e-03 -1.6571159999999998e-02 -3.3826460000000003e-02 -4.8069219999999996e-02 -5.6452880000000004e-02 -6.3430399999999998e-02 -7.2367799999999996e-02 -7.3441399999999990e-02 -4.9376019999999993e-02 -5.0068619999999995e-07  4.9374659999999994e-02  7.3440399999999989e-02  7.2366399999999997e-02  6.3429199999999991e-02  5.6451779999999993e-02  4.8069040000000000e-02  3.3826519999999999e-02  1.6578319999999997e-02  3.2040839999999998e-03 -2.5710999999999998e-03 -2.3247599999999999e-03 -4.0557239999999996e-04 -3.8947319999999994e-06 -1.6875759999999999e-03 -3.6611679999999998e-03 -3.8061939999999997e-03 -1.5889339999999997e-03  1.2032019999999998e-03  1.5681079999999999e-03 -2.2809459999999998e-03 -9.0657199999999993e-03 -1.5244959999999998e-02 -1.8539959999999998e-02 -2.1172439999999997e-02 -2.9004819999999997e-02 -4.6053680000000000e-02 -6.8329399999999985e-02 -8.3464999999999998e-02 -7.9573199999999997e-02 -5.7087359999999997e-02
   0.0000000000000000e+00  1.2052460000000000e-01  1.4748980000000000e-01  1.5098119999999998e-01  1.3008739999999999e-01  9.7617200000000001e-02  6.7942400000000000e-02  4.7699019999999995e-02  3.4946419999999999e-02  2.4708439999999998e-02  1.4483519999999998e-02  5.5586579999999993e-03  5.0303739999999993e-04  9.2058199999999992e-05  2.4889379999999996e-03  4.8100759999999999e-03  5.2643599999999992e-03  4.1441020000000002e-03  3.1149659999999998e-03  3.3372819999999996e-03  3.6938279999999993e-03  4.7795499999999991e-04 -1.0848479999999999e-02 -3.2258900000000000e-02 -6.0751519999999996e-02 -9.0086599999999989e-02 -1.1599619999999998e-01 -1.3773579999999999e-01 -1.5068319999999999e-01 -1.3927199999999998e-01 -8.6869399999999986e-02  5.4717839999999993e-11  8.6869399999999986e-02  1.3927199999999998e-01  1.5070580000000000e-01  1.3773579999999999e-01  1.1599619999999998e-01  9.0095799999999990e-02  6.0719519999999999e-02  3.2251419999999996e-02  1.0841379999999999e-02 -4.8084119999999993e-04 -3.7066539999999998e-03 -3.3372299999999996e-03 -3.1223739999999998e-03 -4.1449579999999998e-03 -5.2674999999999996e-03 -4.8097979999999997e-03 -2.4895639999999997e-03 -9.2260400000000002e-05 -5.0314339999999998e-04 -5.5587719999999992e-03 -1.4484400000000000e-02 -2.4708439999999998e-02 -3.4946539999999998e-02 -4.7698999999999998e-02 -6.7942400000000000e-02 -9.7616999999999995e-02 -1.3008739999999999e-01 -1.5097879999999997e-01 -1.4749939999999997e-01 -1.2053480000000000e-01
  -5.0000000000000001e-04  5.7097599999999998e-02  7.9575999999999994e-02  8.3464999999999998e-02  6.8329199999999993e-02  4.6055879999999993e-02  2.9004219999999994e-02  2.1174599999999998e-02  1.8540559999999998e-02  1.5241399999999999e-02  9.0662799999999995e-03  2.2813099999999999e-03 -1.5681919999999997e-03 -1.2024959999999999e-03  1.5883919999999999e-03  3.8065399999999998e-03  3.6616679999999994e-03  1.6867579999999998e-03  1.2150399999999998e-05  4.0557060000000000e-04  2.3255419999999999e-03  2.5713979999999999e-03 -3.2032940000000002e-03 -1.6571119999999998e-02 -3.3827339999999997e-02 -4.8069119999999993e-02 -5.6451599999999998e-02 -6.3429199999999991e-02 -7.2366399999999997e-02 -7.3440399999999989e-02 -4.9374379999999995e-02 -1.1893899999999998e-05  4.9375719999999998e-02  7.3417999999999997e-02  7.2367599999999990e-02  6.3430600000000004e-02  5.6452699999999995e-02  4.8069439999999998e-02  3.3827079999999995e-02  1.6578480000000000e-02  3.2293179999999997e-03 -2.5711699999999998e-03 -2.3244640000000000e-03 -4.0531120000000001e-04 -3.3524859999999997e-06 -1.6870619999999998e-03 -3.6588799999999993e-03 -3.8067359999999998e-03 -1.5888519999999998e-03  1.2035219999999998e-03  1.5688259999999997e-03 -2.2822559999999999e-03 -9.0662999999999994e-03 -1.5241959999999997e-02 -1.8543499999999997e-02 -2.1172859999999998e-02 -2.9006799999999996e-02 -4.6061519999999995e-02 -6.8329599999999990e-02 -8.3464999999999998e-02 -7.9563799999999990e-02 -5.7098400000000001e-02
  -1.0000000000000000e-03 -1.3609420000000000e-01 -1.2721359999999998e-01 -1.2158239999999999e-01 -1.1855439999999998e-01 -1.0894459999999999e-01 -8.7047599999999989e-02 -5.7014719999999991e-02 -2.9139399999999996e-02 -1.1862559999999999e-02 -6.3131199999999993e-03 -7.0590599999999998e-03 -7.5101200000000003e-03 -4.8790299999999995e-03 -9.1096999999999999e-04  9.7348799999999989e-04 -1.0712839999999998e-03 -5.8099939999999997e-03 -9.6667999999999997e-03 -9.0928199999999997e-03 -2.7340679999999997e-03  7.4809200000000003e-03  1.8059900000000000e-02  2.8331019999999998e-02  4.4306959999999999e-02  7.5137200000000001e-02  1.2040779999999998e-01  1.5986219999999998e-01  1.6505739999999999e-01  1.2706379999999998e-01  6.4944999999999989e-02  9.8568800000000003e-07 -6.4942999999999987e-02 -1.2706160000000000e-01 -1.6505499999999998e-01 -1.5984840000000000e-01 -1.2040519999999998e-01 -7.5133399999999989e-02 -4.4307199999999998e-02 -2.8328779999999994e-02 -1.8059939999999997e-02 -7.4834999999999988e-03  2.7310040000000000e-03  9.0750599999999994e-03  9.6809199999999991e-03  5.8024279999999992e-03  1.0724699999999998e-03 -9.7458599999999994e-04  9.0933200000000000e-04  4.8786919999999996e-03  7.5063199999999986e-03  7.0593799999999996e-03  6.3133919999999993e-03  1.1859799999999998e-02  2.9141660000000000e-02  5.7012059999999996e-02  8.7047599999999989e-02  1.0893939999999999e-01  1.1855299999999999e-01  1.2158119999999997e-01  1.2723540000000000e-01  1.3610919999999999e-01
  -1.5000000000000000e-03 -4.6790379999999998e-01 -4.8209819999999992e-01 -4.7186760000000000e-01 -4.3514879999999995e-01 -3.6818219999999996e-01 -2.7775379999999994e-01 -1.8249359999999998e-01 -1.0334119999999999e-01 -5.2653380000000000e-02 -2.9049099999999998e-02 -2.1044660000000000e-02 -1.6543659999999998e-02 -1.0322739999999999e-02 -4.3875519999999994e-03 -3.1527419999999996e-03 -8.6952399999999999e-03 -1.8635219999999997e-02 -2.6999440000000000e-02 -2.7058199999999998e-02 -1.4337959999999999e-02  1.1524280000000000e-02  4.8143479999999995e-02  9.6024600000000002e-02  1.6520340000000000e-01  2.7052659999999995e-01  4.0865400000000002e-01  5.3305839999999993e-01  5.6895739999999995e-01  4.7130419999999995e-01  2.6187759999999999e-01  1.4466099999999999e-06 -2.6187539999999998e-01 -4.7130099999999991e-01 -5.6895519999999999e-01 -5.3305259999999999e-01 -4.0865179999999995e-01 -2.7052520000000002e-01 -1.6517299999999999e-01 -9.6027799999999983e-02 -4.8140839999999997e-02 -1.1524760000000000e-02  1.4347860000000000e-02  2.7073099999999999e-02  2.7008839999999999e-02  1.8633079999999996e-02  8.6895599999999990e-03  3.1519539999999998e-03  4.3890019999999995e-03  1.0323060000000000e-02  1.6532060000000001e-02  2.1035639999999998e-02  2.9045579999999998e-02  5.2653319999999997e-02  1.0333920000000001e-01  1.8249939999999998e-01  2.7774879999999996e-01  3.6819599999999997e-01  4.3514579999999997e-01  4.7187379999999995e-01  4.8209799999999992e-01  4.6791579999999999e-01
  -2.0000000000000000e-03 -9.5419999999999994e-01 -1.0013899999999998e+00 -9.8069599999999990e-01 -8.8903599999999983e-01 -7.3240600000000000e-01 -5.3819519999999998e-01 -3.4725459999999997e-01 -1.9567019999999999e-01 -1.0034059999999999e-01 -5.4819539999999993e-02 -3.7458599999999995e-02 -2.7496099999999999e-02 -1.6568099999999999e-02 -7.7862199999999999e-03 -7.6095599999999996e-03 -1.8687119999999998e-02 -3.7177259999999997e-02 -5.3704599999999998e-02 -5.6829799999999993e-02 -3.7360939999999995e-02  8.4725999999999985e-03  7.9303599999999988e-02  1.7597279999999998e-01  3.1431300000000001e-01  5.2164159999999993e-01  7.9660599999999993e-01  1.0567880000000001e+00  1.1521900000000000e+00  9.7433599999999987e-01  5.5020040000000003e-01  1.8738059999999999e-06 -5.5019660000000004e-01 -9.7435799999999984e-01 -1.1521839999999999e+00 -1.0567859999999998e+00 -7.9659599999999997e-01 -5.2164579999999994e-01 -3.1429819999999997e-01 -1.7601459999999999e-01 -7.9305799999999996e-02 -8.4568199999999986e-03  3.7373099999999992e-02  5.6823900000000004e-02  5.3709399999999990e-02  3.7185980000000000e-02  1.8687599999999999e-02  7.6028599999999995e-03  7.7936199999999994e-03  1.6566819999999996e-02  2.7496920000000001e-02  3.7458499999999999e-02  5.4819959999999994e-02  1.0033620000000000e-01  1.9567739999999997e-01  3.4725459999999997e-01  5.3819539999999999e-01  7.3240799999999995e-01  8.8903999999999994e-01  9.8071399999999997e-01  1.0013899999999998e+00  9.5418999999999987e-01
  -2.5000000000000001e-03 -1.6197959999999998e+00 -1.7100660000000001e+00 -1.6676100000000000e+00 -1.4903119999999999e+00 -1.2011520000000000e+00 -8.5961999999999994e-01 -5.3862839999999990e-01 -2.9338239999999999e-01 -1.4501399999999998e-01 -7.7753000000000003e-02 -5.3643280000000002e-02 -3.9120080000000002e-02 -2.2368879999999997e-02 -9.5775599999999989e-03 -1.0865719999999999e-02 -3.0122739999999995e-02 -6.1813239999999998e-02 -9.2002399999999984e-02 -1.0294299999999999e-01 -7.8638199999999991e-02 -1.0410539999999999e-02  1.0091140000000000e-01  2.5380239999999998e-01  4.7044799999999998e-01  8.0183999999999989e-01  1.2633239999999999e+00  1.7292019999999999e+00  1.9322099999999998e+00  1.6584320000000001e+00  9.4179799999999991e-01  2.2629419999999999e-06 -9.4179199999999996e-01 -1.6584279999999998e+00 -1.9321979999999999e+00 -1.7291879999999997e+00 -1.2633039999999998e+00 -8.0184200000000005e-01 -4.7045700000000001e-01 -2.5381999999999993e-01 -1.0093039999999999e-01  1.0409699999999999e-02  7.8647999999999996e-02  1.0293039999999999e-01  9.2008199999999984e-02  6.1799539999999993e-02  3.0132399999999997e-02  1.0879320000000000e-02  9.5759199999999999e-03  2.2357940000000000e-02  3.9113719999999998e-02  5.3653360000000004e-02  7.7750799999999995e-02  1.4501439999999999e-01  2.9337419999999997e-01  5.3861179999999997e-01  8.5960999999999987e-01  1.2011559999999999e+00  1.4903099999999998e+00  1.6676059999999999e+00  1.7100460000000000e+00  1.6197919999999999e+00
  -3.0000000000000001e-03 -2.5016839999999996e+00 -2.6441719999999997e+00 -2.5590940000000000e+00 -2.2508539999999999e+00 -1.7707560000000000e+00 -1.2274459999999998e+00 -7.3751399999999989e-01 -3.7837319999999997e-01 -1.7325140000000000e-01 -9.0620399999999990e-02 -6.7022599999999988e-02 -5.0398619999999998e-02 -2.6249559999999998e-02 -7.6763599999999993e-03 -1.0789600000000000e-02 -4.1520499999999995e-02 -9.2584399999999997e-02 -1.4453519999999997e-01 -1.7122379999999998e-01 -1.4726079999999997e-01 -5.6423099999999997e-02  1.0001519999999998e-01  3.1187879999999996e-01  6.0499639999999999e-01  1.0710839999999999e+00  1.7729839999999999e+00  2.5431200000000000e+00  2.9332979999999997e+00  2.5506699999999998e+00  1.4478460000000000e+00  2.6350419999999996e-06 -1.4478400000000000e+00 -2.5506659999999997e+00 -2.9333100000000001e+00 -2.5431019999999998e+00 -1.7729159999999999e+00 -1.0711180000000000e+00 -6.0499239999999999e-01 -3.1187879999999996e-01 -1.0006139999999998e-01  5.6447699999999996e-02  1.4728319999999998e-01  1.7125520000000000e-01  1.4453179999999999e-01  9.2555600000000002e-02  4.1550979999999994e-02  1.0764339999999999e-02  7.7113799999999986e-03  2.6254239999999998e-02  5.0382299999999998e-02  6.7035599999999987e-02  9.0624199999999988e-02  1.7324899999999999e-01  3.7837260000000000e-01  7.3755799999999994e-01  1.2274520000000000e+00  1.7707619999999997e+00  2.2508599999999999e+00  2.5591080000000002e+00  2.6441900000000000e+00  2.5016879999999997e+00
  -3.5000000000000001e-03 -3.6551239999999998e+00 -3.8547899999999995e+00 -3.6892419999999997e+00 -3.1825539999999997e+00 -2.4311259999999999e+00 -1.6179960000000000e+00 -9.1668800000000006e-01 -4.2592179999999996e-01 -1.6766739999999999e-01 -8.5253399999999993e-02 -7.5935799999999998e-02 -6.1009979999999991e-02 -2.6540319999999999e-02  7.3098999999999994e-04 -4.2787559999999999e-03 -5.0483299999999995e-02 -1.2891680000000000e-01 -2.1389040000000001e-01 -2.6875059999999995e-01 -2.5484059999999997e-01 -1.4403239999999998e-01  6.2151579999999991e-02  3.3150140000000000e-01  6.8232599999999999e-01  1.2705460000000000e+00  2.2655999999999996e+00  3.4802860000000000e+00  4.1868459999999992e+00  3.6840859999999997e+00  2.0726739999999997e+00  3.0534119999999993e-06 -2.0726680000000002e+00 -3.6840719999999996e+00 -4.1868580000000000e+00 -3.4803039999999998e+00 -2.2655779999999996e+00 -1.2705279999999999e+00 -6.8231399999999998e-01 -3.3146179999999997e-01 -6.2166559999999996e-02  1.4403919999999998e-01  2.5484519999999999e-01  2.6875539999999998e-01  2.1390399999999998e-01  1.2893259999999998e-01  5.0493259999999991e-02  4.2498340000000001e-03 -7.5739399999999999e-04  2.6635979999999997e-02  6.1005519999999994e-02  7.5957799999999992e-02  8.5250199999999984e-02  1.6764679999999998e-01  4.2594459999999995e-01  9.1667799999999988e-01  1.6180319999999997e+00  2.4311259999999999e+00  3.1825220000000001e+00  3.6892319999999996e+00  3.8548000000000000e+00  3.6551259999999997e+00
  -4.0000000000000001e-03 -5.1641240000000002e+00 -5.4134259999999994e+00 -5.0988599999999993e+00 -4.2934880000000000e+00 -3.1603219999999999e+00 -1.9941859999999996e+00 -1.0379179999999999e+00 -4.0318099999999996e-01 -1.0637539999999999e-01 -5.3726280000000001e-02 -8.1221199999999993e-02 -7.2437799999999997e-02 -2.1518939999999997e-02  1.9308779999999998e-02  1.2796219999999999e-02 -5.3308439999999999e-02 -1.6910359999999999e-01 -3.0222820000000000e-01 -4.0364859999999997e-01 -4.1619840000000002e-01 -2.9160079999999999e-01 -2.8161499999999999e-02  2.9625199999999996e-01  6.6187199999999990e-01  1.3165739999999999e+00  2.6419319999999997e+00  4.5026279999999996e+00  5.7369259999999995e+00  5.0919099999999995e+00  2.7937399999999997e+00  3.6727219999999993e-06 -2.7937360000000000e+00 -5.0919059999999998e+00 -5.7369219999999990e+00 -4.5026519999999994e+00 -2.6419599999999996e+00 -1.3165199999999999e+00 -6.6192200000000001e-01 -2.9623059999999996e-01  2.8212319999999999e-02  2.9158259999999997e-01  4.1614679999999998e-01  4.0364559999999999e-01  3.0219339999999995e-01  1.6906679999999999e-01  5.3330819999999994e-02 -1.2770300000000000e-02 -1.9338439999999998e-02  2.1555959999999996e-02  7.2400599999999996e-02  8.1289000000000000e-02  5.3690819999999993e-02  1.0635699999999998e-01  4.0316239999999998e-01  1.0378780000000001e+00  1.9941519999999999e+00  3.1603659999999998e+00  4.2934640000000002e+00  5.0988899999999999e+00  5.4134099999999989e+00  5.1641139999999996e+00
  -4.4999999999999997e-03 -7.1622599999999998e+00 -7.4197199999999990e+00 -6.8312999999999997e+00 -5.5815839999999994e+00 -3.9157279999999997e+00 -2.2991139999999999e+00 -1.0501039999999999e+00 -2.6731319999999997e-01  3.7623600000000000e-02  1.0562999999999999e-02 -8.8670199999999991e-02 -8.8549999999999990e-02 -8.3524199999999993e-03  5.3037619999999994e-02  4.5834459999999994e-02 -4.4728539999999997e-02 -2.0937700000000001e-01 -4.1011059999999994e-01 -5.8460239999999997e-01 -6.4991800000000000e-01 -5.2395019999999992e-01 -1.8657159999999998e-01  1.9931540000000000e-01  5.0459120000000002e-01  1.0934499999999998e+00  2.7372599999999996e+00  5.5366700000000000e+00  7.6538999999999993e+00  6.8016599999999992e+00  3.5161899999999999e+00  5.7065259999999998e-06 -3.5162179999999998e+00 -6.8016599999999992e+00 -7.6538399999999989e+00 -5.5366339999999994e+00 -2.7371939999999997e+00 -1.0934439999999999e+00 -5.0463479999999994e-01 -1.9940119999999997e-01  1.8652219999999997e-01  5.2398579999999995e-01  6.5001199999999992e-01  5.8465059999999991e-01  4.1008459999999997e-01  2.0935480000000001e-01  4.4701379999999999e-02 -4.5858059999999999e-02 -5.3006240000000003e-02  8.3402599999999986e-03  8.8491399999999984e-02  8.8701399999999986e-02 -1.0528659999999999e-02 -3.7608019999999992e-02  2.6727379999999995e-01  1.0501519999999998e+00  2.2990399999999998e+00  3.9157839999999995e+00  5.5815999999999999e+00  6.8312799999999987e+00  7.4197400000000000e+00  7.1622799999999991e+00
  -5.0000000000000001e-03 -9.8759599999999992e+00 -1.0011220000000000e+01 -8.9175199999999997e+00 -7.0236599999999987e+00 -4.6204019999999995e+00 -2.4482939999999997e+00 -8.8861399999999990e-01  3.6778300000000000e-02  2.9750959999999999e-01  1.0981299999999999e-01 -1.1322280000000000e-01 -1.1704819999999999e-01  1.8124959999999999e-02  1.0794799999999999e-01  1.0157419999999999e-01 -1.7206420000000000e-02 -2.4338639999999995e-01 -5.3479840000000001e-01 -8.2083399999999995e-01 -9.8030599999999990e-01 -8.7780400000000003e-01 -4.2957299999999993e-01  5.4819639999999996e-02  1.8674299999999996e-01  4.5029559999999996e-01  2.2772839999999999e+00  6.4429199999999991e+00  1.0069960000000000e+01  8.8228200000000001e+00  3.9580139999999995e+00  7.4646199999999994e-06 -3.9580060000000001e+00 -8.8228200000000001e+00 -1.0070079999999999e+01 -6.4428399999999995e+00 -2.2771939999999997e+00 -4.5032599999999995e-01 -1.8677739999999998e-01 -5.4793139999999990e-02  4.2953059999999998e-01  8.7783399999999989e-01  9.8017999999999994e-01  8.2075399999999987e-01  5.3479719999999997e-01  2.4341459999999998e-01  1.7239999999999998e-02 -1.0162420000000000e-01 -1.0794399999999998e-01 -1.8076259999999997e-02  1.1700539999999998e-01  1.1326059999999999e-01 -1.0982819999999999e-01 -2.9751799999999995e-01 -3.6839199999999996e-02  8.8862399999999997e-01  2.4483020000000000e+00  4.6204539999999996e+00  7.0236599999999987e+00  8.9174999999999986e+00  1.0011199999999999e+01  9.8759399999999999e+00
# Vertical Kick [micro-rad]
START
                          -2.9999999999999999e-02 -2.9000000000000001e-02 -2.8000000000000001e-02 -2.7000000000000000e-02 -2.5999999999999999e-02 -2.5000000000000001e-02 -2.4000000000000000e-02 -2.3000000000000000e-02 -2.1999999999999999e-02 -2.1000000000000001e-02 -2.0000000000000000e-02 -1.9000000000000000e-02 -1.7999999999999999e-02 -1.7000000000000001e-02 -1.6000000000000000e-02 -1.4999999999999999e-02 -1.4000000000000000e-02 -1.2999999999999999e-02 -1.2000000000000000e-02 -1.0999999999999999e-02 -1.0000000000000000e-02 -8.9999999999999993e-03 -8.0000000000000002e-03 -7.0000000000000001e-03 -6.0000000000000001e-03 -5.0000000000000001e-03 -4.0000000000000001e-03 -3.0000000000000001e-03 -2.0000000000000000e-03 -1.0000000000000000e-03  0.0000000000000000e+00  1.0000000000000000e-03  2.0000000000000000e-03  3.0000000000000001e-03  4.0000000000000001e-03  5.0000000000000001e-03  6.0000000000000001e-03  7.0000000000000001e-03  8.0000000000000002e-03  8.9999999999999993e-03  1.0000000000000000e-02  1.0999999999999999e-02  1.2000000000000000e-02  1.2999999999999999e-02  1.4000000000000000e-02  1.4999999999999999e-02  1.6000000000000000e-02  1.7000000000000001e-02  1.7999999999999999e-02  1.9000000000000000e-02  2.0000000000000000e-02  2.1000000000000001e-02  2.1999999999999999e-02  2.3000000000000000e-02  2.4000000000000000e-02  2.5000000000000001e-02  2.5999999999999999e-02  2.7000000000000000e-02  2.8000000000000001e-02  2.9000000000000001e-02  2.9999999999999999e-02
   5.0000000000000001e-03 -1.7139240000000001e+01 -2.3429619999999996e+01 -2.8639159999999997e+01 -3.2430720000000001e+01 -3.4559100000000001e+01 -3.5170139999999996e+01 -3.4897519999999993e+01 -3.4182879999999997e+01 -3.3405020000000000e+01 -3.2952659999999995e+01 -3.2901939999999996e+01 -3.3006720000000001e+01 -3.3007619999999996e+01 -3.2895319999999998e+01 -3.2754559999999998e+01 -3.2637459999999997e+01 -3.2620080000000002e+01 -3.2771140000000003e+01 -3.3165759999999999e+01 -3.3826439999999998e+01 -3.4668839999999996e+01 -3.5422939999999997e+01 -3.5831499999999998e+01 -3.6308499999999995e+01 -3.7615079999999999e+01 -3.9599299999999999e+01 -3.9967979999999997e+01 -3.6251899999999999e+01 -3.0821159999999995e+01 -2.8673259999999996e+01 -2.8923020000000001e+01 -2.8673259999999996e+01 -3.0821140000000000e+01 -3.6251839999999994e+01 -3.9967939999999999e+01 -3.9599439999999994e+01 -3.7615199999999994e+01 -3.6308499999999995e+01 -3.5831519999999998e+01 -3.5422899999999998e+01 -3.4668900000000001e+01 -3.3826479999999997e+01 -3.3165779999999998e+01 -3.2771140000000003e+01 -3.2620159999999998e+01 -3.2637479999999996e+01 -3.2754579999999997e+01 -3.2895280000000000e+01 -3.3007639999999995e+01 -3.3006720000000001e+01 -3.2901879999999998e+01 -3.2952699999999993e+01 -3.3405099999999997e+01 -3.4182839999999999e+01 -3.4897539999999992e+01 -3.5170119999999997e+01 -3.4559139999999999e+01 -3.2430700000000002e+01 -2.8639279999999999e+01 -2.3429639999999999e+01 -1.7139219999999998e+01
   4.4999999999999997e-03 -1.4207400000000000e+01 -1.8874240000000000e+01 -2.3085799999999999e+01 -2.6387659999999997e+01 -2.8500899999999998e+01 -2.9456279999999996e+01 -2.9607659999999996e+01 -2.9308359999999997e+01 -2.8877659999999995e+01 -2.8593219999999999e+01 -2.8535639999999997e+01 -2.8582599999999999e+01 -2.8585919999999998e+01 -2.8519600000000001e+01 -2.8429419999999997e+01 -2.8364619999999999e+01 -2.8382179999999998e+01 -2.8534179999999996e+01 -2.8858640000000001e+01 -2.9349659999999997e+01 -2.9928279999999997e+01 -3.0424720000000001e+01 -3.0727699999999995e+01 -3.1056479999999997e+01 -3.1719679999999997e+01 -3.2377539999999996e+01 -3.1620999999999995e+01 -2.8349619999999998e+01 -2.4076979999999999e+01 -2.1567899999999998e+01 -2.1037299999999998e+01 -2.1567879999999999e+01 -2.4076999999999998e+01 -2.8349599999999995e+01 -3.1621019999999994e+01 -3.2377559999999995e+01 -3.1719839999999998e+01 -3.1056479999999997e+01 -3.0727759999999996e+01 -3.0424659999999996e+01 -2.9928259999999998e+01 -2.9349699999999999e+01 -2.8858679999999996e+01 -2.8534199999999995e+01 -2.8382179999999998e+01 -2.8364679999999996e+01 -2.8429419999999997e+01 -2.8519619999999996e+01 -2.8585919999999998e+01 -2.8582659999999997e+01 -2.8535700000000002e+01 -2.8593219999999999e+01 -2.8877699999999997e+01 -2.9308280000000000e+01 -2.9607619999999994e+01 -2.9456279999999996e+01 -2.8500899999999998e+01 -2.6387680000000000e+01 -2.3085839999999997e+01 -1.8874319999999997e+01 -1.4207419999999997e+01
   4.0000000000000001e-03 -1.1791699999999999e+01 -1.5331519999999999e+01 -1.8690700000000000e+01 -2.1477999999999998e+01 -2.3432699999999997e+01 -2.4517339999999997e+01 -2.4923299999999998e+01 -2.4906879999999997e+01 -2.4719519999999999e+01 -2.4568139999999996e+01 -2.4531219999999998e+01 -2.4556539999999998e+01 -2.4562419999999999e+01 -2.4526099999999996e+01 -2.4473559999999999e+01 -2.4443999999999999e+01 -2.4480079999999997e+01 -2.4617699999999996e+01 -2.4873659999999997e+01 -2.5229659999999999e+01 -2.5618799999999997e+01 -2.5932179999999999e+01 -2.6110619999999997e+01 -2.6249400000000001e+01 -2.6425059999999998e+01 -2.6298479999999998e+01 -2.5034779999999998e+01 -2.2182579999999998e+01 -1.8752619999999997e+01 -1.6418539999999997e+01 -1.5706019999999999e+01 -1.6418539999999997e+01 -1.8752659999999999e+01 -2.2182579999999998e+01 -2.5034679999999998e+01 -2.6298539999999999e+01 -2.6425099999999997e+01 -2.6249379999999999e+01 -2.6110619999999997e+01 -2.5932179999999999e+01 -2.5618799999999997e+01 -2.5229740000000000e+01 -2.4873639999999998e+01 -2.4617699999999996e+01 -2.4480139999999999e+01 -2.4444019999999998e+01 -2.4473599999999998e+01 -2.4526119999999999e+01 -2.4562499999999996e+01 -2.4556539999999998e+01 -2.4531239999999997e+01 -2.4568139999999996e+01 -2.4719599999999996e+01 -2.4906859999999998e+01 -2.4923259999999996e+01 -2.4517319999999998e+01 -2.3432679999999998e+01 -2.1478019999999997e+01 -1.8690739999999998e+01 -1.5331540000000000e+01 -1.1791699999999999e+01
   3.5000000000000001e-03 -9.7388800000000000e+00 -1.2455240000000000e+01 -1.5114059999999998e+01 -1.7415880000000001e+01 -1.9141139999999996e+01 -2.0222139999999996e+01 -2.0754999999999999e+01 -2.0914719999999999e+01 -2.0890219999999999e+01 -2.0837479999999999e+01 -2.0828639999999996e+01 -2.0849919999999997e+01 -2.0859739999999999e+01 -2.0843339999999998e+01 -2.0817039999999999e+01 -2.0809960000000000e+01 -2.0853200000000001e+01 -2.0969899999999999e+01 -2.1165019999999998e+01 -2.1416099999999997e+01 -2.1668620000000001e+01 -2.1848339999999997e+01 -2.1912719999999997e+01 -2.1883160000000000e+01 -2.1731520000000000e+01 -2.1182060000000000e+01 -1.9756839999999997e+01 -1.7314139999999998e+01 -1.4558379999999998e+01 -1.2573019999999998e+01 -1.1896419999999999e+01 -1.2573019999999998e+01 -1.4558379999999998e+01 -1.7314119999999999e+01 -1.9756819999999998e+01 -2.1182079999999999e+01 -2.1731579999999997e+01 -2.1883199999999999e+01 -2.1912739999999996e+01 -2.1848379999999999e+01 -2.1668599999999998e+01 -2.1416119999999999e+01 -2.1165039999999998e+01 -2.0969939999999998e+01 -2.0853240000000000e+01 -2.0809999999999999e+01 -2.0817039999999999e+01 -2.0843360000000001e+01 -2.0859719999999996e+01 -2.0849940000000000e+01 -2.0828679999999999e+01 -2.0837499999999999e+01 -2.0890199999999997e+01 -2.0914719999999999e+01 -2.0754980000000000e+01 -2.0222120000000000e+01 -1.9141120000000001e+01 -1.7415899999999997e+01 -1.5114080000000000e+01 -1.2455280000000000e+01 -9.7389200000000002e+00
   3.0000000000000001e-03 -7.9523199999999994e+00 -1.0041599999999999e+01 -1.2127439999999998e+01 -1.3991159999999999e+01 -1.5458799999999998e+01 -1.6455879999999997e+01 -1.7024000000000001e+01 -1.7277400000000000e+01 -1.7352699999999999e+01 -1.7367039999999999e+01 -1.7383199999999999e+01 -1.7407139999999998e+01 -1.7421039999999998e+01 -1.7417779999999997e+01 -1.7408580000000001e+01 -1.7414659999999998e+01 -1.7457799999999999e+01 -1.7552080000000000e+01 -1.7696079999999998e+01 -1.7867400000000000e+01 -1.8022300000000001e+01 -1.8106719999999999e+01 -1.8082499999999996e+01 -1.7932679999999998e+01 -1.7591619999999999e+01 -1.6856999999999999e+01 -1.5466659999999997e+01 -1.3421960000000000e+01 -1.1229279999999999e+01 -9.6204400000000003e+00 -9.0485399999999991e+00 -9.6204199999999993e+00 -1.1229279999999999e+01 -1.3421919999999998e+01 -1.5466679999999998e+01 -1.6857039999999998e+01 -1.7591659999999997e+01 -1.7932699999999997e+01 -1.8082560000000001e+01 -1.8106739999999999e+01 -1.8022340000000000e+01 -1.7867419999999999e+01 -1.7696100000000001e+01 -1.7552099999999996e+01 -1.7457799999999999e+01 -1.7414659999999998e+01 -1.7408600000000000e+01 -1.7417779999999997e+01 -1.7421080000000000e+01 -1.7407159999999998e+01 -1.7383219999999998e+01 -1.7367039999999999e+01 -1.7352699999999999e+01 -1.7277439999999999e+01 -1.7024039999999999e+01 -1.6455860000000001e+01 -1.5458799999999998e+01 -1.3991179999999998e+01 -1.2127479999999998e+01 -1.0041620000000000e+01 -7.9522999999999993e+00
   2.5000000000000001e-03 -6.3655999999999997e+00 -7.9596000000000000e+00 -9.5716399999999986e+00 -1.1046040000000000e+01 -1.2250679999999999e+01 -1.3116980000000000e+01 -1.3657060000000000e+01 -1.3942379999999998e+01 -1.4068659999999999e+01 -1.4122380000000000e+01 -1.4155639999999998e+01 -1.4182919999999998e+01 -1.4199739999999998e+01 -1.4204419999999997e+01 -1.4205459999999999e+01 -1.4217919999999999e+01 -1.4256639999999997e+01 -1.4329699999999999e+01 -1.4432459999999999e+01 -1.4544820000000000e+01 -1.4632040000000000e+01 -1.4652740000000000e+01 -1.4571399999999999e+01 -1.4355179999999997e+01 -1.3933840000000000e+01 -1.3168579999999999e+01 -1.1924539999999999e+01 -1.0261839999999999e+01 -8.5490599999999990e+00 -7.2905399999999991e+00 -6.8358799999999995e+00 -7.2905399999999991e+00 -8.5490599999999990e+00 -1.0261839999999999e+01 -1.1924559999999998e+01 -1.3168579999999999e+01 -1.3933860000000001e+01 -1.4355179999999997e+01 -1.4571440000000001e+01 -1.4652740000000000e+01 -1.4632040000000000e+01 -1.4544839999999999e+01 -1.4432480000000000e+01 -1.4329699999999999e+01 -1.4256659999999998e+01 -1.4217919999999999e+01 -1.4205459999999999e+01 -1.4204419999999997e+01 -1.4199759999999999e+01 -1.4182919999999998e+01 -1.4155659999999999e+01 -1.4122399999999997e+01 -1.4068679999999999e+01 -1.3942379999999998e+01 -1.3657079999999999e+01 -1.3116999999999997e+01 -1.2250700000000000e+01 -1.1046040000000000e+01 -9.5716399999999986e+00 -7.9596000000000000e+00 -6.3656199999999989e+00
   2.0000000000000000e-03 -4.9297040000000001e+00 -6.1184559999999992e+00 -7.3309600000000001e+00 -8.4590599999999991e+00 -9.4062399999999986e+00 -1.0115679999999999e+01 -1.0585120000000000e+01 -1.0857519999999999e+01 -1.0997719999999999e+01 -1.1067779999999999e+01 -1.1108679999999998e+01 -1.1136859999999999e+01 -1.1154499999999999e+01 -1.1163060000000000e+01 -1.1169199999999998e+01 -1.1183419999999998e+01 -1.1215479999999998e+01 -1.1269539999999999e+01 -1.1340139999999998e+01 -1.1410319999999999e+01 -1.1453220000000000e+01 -1.1436799999999998e+01 -1.1329680000000000e+01 -1.1096200000000000e+01 -1.0676419999999998e+01 -9.9800799999999992e+00 -8.9440999999999988e+00 -7.6446799999999993e+00 -6.3473599999999992e+00 -5.3991719999999992e+00 -5.0548520000000003e+00 -5.3991739999999995e+00 -6.3473599999999992e+00 -7.6445999999999987e+00 -8.9440999999999988e+00 -9.9801000000000002e+00 -1.0676419999999998e+01 -1.1096219999999999e+01 -1.1329739999999999e+01 -1.1436799999999998e+01 -1.1453259999999998e+01 -1.1410359999999999e+01 -1.1340139999999998e+01 -1.1269539999999999e+01 -1.1215499999999999e+01 -1.1183419999999998e+01 -1.1169199999999998e+01 -1.1163079999999999e+01 -1.1154519999999998e+01 -1.1136879999999998e+01 -1.1108699999999999e+01 -1.1067779999999999e+01 -1.0997759999999998e+01 -1.0857539999999998e+01 -1.0585139999999999e+01 -1.0115659999999998e+01 -9.4062399999999986e+00 -8.4590800000000002e+00 -7.3309799999999994e+00 -6.1184859999999999e+00 -4.9297059999999995e+00
   1.5000000000000000e-03 -3.6058119999999998e+00 -4.4509419999999995e+00 -5.3178359999999998e+00 -6.1342119999999998e+00 -6.8332400000000000e+00 -7.3720200000000000e+00 -7.7431799999999988e+00 -7.9712399999999999e+00 -8.0981199999999998e+00 -8.1662400000000002e+00 -8.2057799999999990e+00 -8.2312599999999989e+00 -8.2472999999999992e+00 -8.2565399999999993e+00 -8.2640600000000006e+00 -8.2769199999999987e+00 -8.3012599999999992e+00 -8.3389600000000002e+00 -8.3849599999999995e+00 -8.4262400000000000e+00 -8.4428599999999996e+00 -8.4110799999999983e+00 -8.3054599999999983e+00 -8.0952799999999989e+00 -7.7355999999999989e+00 -7.1710400000000005e+00 -6.3765999999999989e+00 -5.4214119999999992e+00 -4.4900799999999990e+00 -3.8141219999999993e+00 -3.5684439999999999e+00 -3.8141240000000001e+00 -4.4900839999999995e+00 -5.4214519999999995e+00 -6.3765999999999989e+00 -7.1710599999999998e+00 -7.7356199999999991e+00 -8.0952799999999989e+00 -8.3054599999999983e+00 -8.4110999999999994e+00 -8.4428799999999988e+00 -8.4262599999999992e+00 -8.3849599999999995e+00 -8.3389799999999994e+00 -8.3012799999999984e+00 -8.2769399999999997e+00 -8.2640799999999999e+00 -8.2565600000000003e+00 -8.2473200000000002e+00 -8.2312799999999982e+00 -8.2057799999999990e+00 -8.1662599999999994e+00 -8.0981399999999990e+00 -7.9712399999999999e+00 -7.7431999999999999e+00 -7.3720399999999993e+00 -6.8332599999999992e+00 -6.1342260000000000e+00 -5.3178440000000000e+00 -4.4509679999999996e+00 -3.6058239999999997e+00
   1.0000000000000000e-03 -2.3614519999999999e+00 -2.9040859999999995e+00 -3.4626299999999999e+00 -3.9929259999999998e+00 -4.4530320000000003e+00 -4.8144779999999994e+00 -5.0700599999999998e+00 -5.2326799999999993e+00 -5.3272119999999994e+00 -5.3799719999999995e+00 -5.4106920000000001e+00 -5.4299759999999990e+00 -5.4421179999999998e+00 -5.4496419999999999e+00 -5.4559879999999996e+00 -5.4655079999999989e+00 -5.4817700000000000e+00 -5.5054559999999997e+00 -5.5327659999999996e+00 -5.5548919999999997e+00 -5.5585999999999993e+00 -5.5280679999999993e+00 -5.4454239999999992e+00 -5.2887899999999997e+00 -5.0288679999999992e+00 -4.6345279999999995e+00 -4.0986119999999993e+00 -3.4716059999999995e+00 -2.8703040000000000e+00 -2.4363720000000000e+00 -2.2788559999999998e+00 -2.4364699999999999e+00 -2.8703079999999996e+00 -3.4715899999999995e+00 -4.0986099999999999e+00 -4.6345419999999997e+00 -5.0288819999999994e+00 -5.2888039999999990e+00 -5.4454359999999999e+00 -5.5280899999999997e+00 -5.5586159999999998e+00 -5.5549059999999990e+00 -5.5327839999999995e+00 -5.5054779999999992e+00 -5.4817779999999994e+00 -5.4655160000000000e+00 -5.4559980000000001e+00 -5.4496560000000001e+00 -5.4421339999999994e+00 -5.4299899999999992e+00 -5.4107059999999993e+00 -5.3799899999999994e+00 -5.3272279999999999e+00 -5.2326939999999995e+00 -5.0700719999999997e+00 -4.8144899999999993e+00 -4.4530419999999999e+00 -3.9929439999999996e+00 -3.4626399999999995e+00 -2.9040959999999996e+00 -2.3614499999999996e+00
   5.0000000000000001e-04 -1.1682139999999999e+00 -1.4335319999999998e+00 -1.7071599999999998e+00 -1.9681619999999997e+00 -2.1963480000000000e+00 -2.3775919999999999e+00 -2.5076359999999998e+00 -2.5919840000000001e+00 -2.6421459999999999e+00 -2.6707119999999995e+00 -2.6874079999999996e+00 -2.6977759999999997e+00 -2.7043079999999997e+00 -2.7084799999999998e+00 -2.7120419999999998e+00 -2.7170660000000000e+00 -2.7251759999999998e+00 -2.7365679999999997e+00 -2.7492119999999995e+00 -2.7586439999999999e+00 -2.7583159999999998e+00 -2.7401879999999994e+00 -2.6951599999999996e+00 -2.6120059999999996e+00 -2.4762439999999999e+00 -2.2740980000000000e+00 -2.0046260000000000e+00 -1.6942240000000000e+00 -1.3992919999999998e+00 -1.1873819999999999e+00 -1.1105619999999998e+00 -1.1873839999999998e+00 -1.3992959999999999e+00 -1.6942319999999997e+00 -2.0046359999999996e+00 -2.2741099999999999e+00 -2.4762480000000000e+00 -2.6120219999999996e+00 -2.6951739999999997e+00 -2.7402080000000000e+00 -2.7583319999999998e+00 -2.7586580000000001e+00 -2.7492280000000000e+00 -2.7365960000000000e+00 -2.7251939999999997e+00 -2.7170819999999996e+00 -2.7120579999999999e+00 -2.7084939999999995e+00 -2.7043219999999999e+00 -2.6977899999999999e+00 -2.6874239999999996e+00 -2.6707280000000000e+00 -2.6421619999999999e+00 -2.5919979999999998e+00 -2.5076479999999997e+00 -2.3776060000000001e+00 -2.1963619999999997e+00 -1.9681759999999999e+00 -1.7071819999999998e+00 -1.4335439999999999e+00 -1.1682139999999999e+00
   0.0000000000000000e+00  1.5660599999999997e-05  6.1243359999999993e-06  8.8838599999999987e-06  6.4693599999999992e-06  6.4524399999999988e-06 -9.6406599999999989e-08  6.4580599999999989e-06  6.7454399999999992e-06  7.1660199999999994e-06  7.4801199999999995e-06  7.6917199999999993e-06  7.6544599999999999e-06  7.4835399999999990e-06  7.4824799999999994e-06  7.4852599999999990e-06  7.6162999999999986e-06  7.8346599999999986e-06  7.9006799999999990e-06  7.8282199999999987e-06  7.6574799999999994e-06  7.3102400000000002e-06  7.1770399999999995e-06  7.2965399999999998e-06  7.3338199999999988e-06  6.9909599999999994e-06  6.1196060000000004e-06  4.8257039999999995e-06  3.4322980000000001e-06  1.3775279999999999e-05  1.0225219999999999e-06 -9.4947200000000002e-12 -1.0202519999999999e-06 -2.1336380000000000e-06 -3.4053659999999995e-06 -4.7800659999999997e-06 -6.0423719999999992e-06 -6.8810199999999996e-06 -7.4101399999999998e-06 -7.1285200000000001e-06 -7.0169399999999991e-06 -7.1024400000000002e-06 -7.3646200000000003e-06 -7.6460599999999984e-06 -7.7175399999999996e-06 -7.6102999999999989e-06 -7.4536000000000001e-06 -7.3262399999999997e-06 -7.3552800000000000e-06 -7.3887999999999986e-06 -7.5510199999999991e-06 -7.7176999999999990e-06 -7.5916399999999989e-06 -7.1695799999999994e-06 -6.8342200000000003e-06 -6.5560399999999998e-06 -6.4591999999999991e-06 -6.6043600000000004e-06 -6.6632399999999994e-06 -6.5855199999999996e-06  3.6122879999999994e-06 -3.0026840000000000e-06
  -5.0000000000000001e-04  1.1682139999999999e+00  1.4335380000000000e+00  1.7071719999999997e+00  1.9681739999999999e+00  2.1963599999999999e+00  2.3776079999999999e+00  2.5076499999999999e+00  2.5919979999999998e+00  2.6421619999999999e+00  2.6707280000000000e+00  2.6874239999999996e+00  2.6977899999999999e+00  2.7043239999999997e+00  2.7084939999999995e+00  2.7120539999999997e+00  2.7170819999999996e+00  2.7251899999999996e+00  2.7365839999999997e+00  2.7492280000000000e+00  2.7586599999999999e+00  2.7583319999999998e+00  2.7402019999999996e+00  2.6951739999999997e+00  2.6120219999999996e+00  2.4762480000000000e+00  2.2741099999999999e+00  2.0046359999999996e+00  1.6942319999999997e+00  1.3992959999999999e+00  1.1873839999999998e+00  1.1105619999999998e+00  1.1873819999999999e+00  1.3992919999999998e+00  1.6942240000000000e+00  2.0046260000000000e+00  2.2740980000000000e+00  2.4762439999999999e+00  2.6120079999999999e+00  2.6951599999999996e+00  2.7401879999999994e+00  2.7583179999999996e+00  2.7586419999999996e+00  2.7492119999999995e+00  2.7365799999999996e+00  2.7251779999999997e+00  2.7170699999999997e+00  2.7120419999999998e+00  2.7084799999999998e+00  2.7043079999999997e+00  2.6977759999999997e+00  2.6874079999999996e+00  2.6707119999999995e+00  2.6421459999999999e+00  2.5919840000000001e+00  2.5076359999999998e+00  2.3775939999999998e+00  2.1963480000000000e+00  1.9681599999999997e+00  1.7071660000000000e+00  1.4335319999999998e+00  1.1682139999999999e+00
  -1.0000000000000000e-03  2.3614579999999998e+00  2.9040859999999995e+00  3.4626459999999999e+00  3.9929379999999997e+00  4.4530320000000003e+00  4.8144879999999999e+00  5.0700719999999997e+00  5.2326959999999998e+00  5.3272279999999999e+00  5.3799880000000000e+00  5.4107079999999996e+00  5.4299899999999992e+00  5.4421339999999994e+00  5.4496560000000001e+00  5.4559999999999995e+00  5.4655199999999997e+00  5.4817819999999990e+00  5.5054779999999992e+00  5.5327799999999998e+00  5.5549059999999990e+00  5.5586159999999998e+00  5.5280759999999995e+00  5.4454419999999990e+00  5.2888139999999995e+00  5.0288819999999994e+00  4.6345419999999997e+00  4.0986099999999999e+00  3.4716339999999999e+00  2.8703079999999996e+00  2.4364679999999996e+00  2.2788559999999998e+00  2.4363720000000000e+00  2.8703040000000000e+00  3.4716079999999994e+00  4.0986119999999993e+00  4.6345179999999999e+00  5.0288699999999995e+00  5.2887899999999997e+00  5.4454179999999992e+00  5.5280699999999996e+00  5.5585999999999993e+00  5.5548940000000000e+00  5.5327659999999996e+00  5.5054639999999990e+00  5.4817639999999992e+00  5.4655059999999995e+00  5.4559879999999996e+00  5.4496399999999996e+00  5.4421179999999998e+00  5.4299719999999994e+00  5.4106920000000001e+00  5.3799719999999995e+00  5.3272119999999994e+00  5.2326799999999993e+00  5.0700620000000001e+00  4.8144799999999996e+00  4.4530299999999992e+00  3.9929259999999998e+00  3.4626259999999998e+00  2.9040859999999995e+00  2.3614419999999998e+00
  -1.5000000000000000e-03  3.6058259999999995e+00  4.4509679999999996e+00  5.3178500000000000e+00  6.1342199999999991e+00  6.8332599999999992e+00  7.3720399999999993e+00  7.7431999999999999e+00  7.9712399999999999e+00  8.0981399999999990e+00  8.1662599999999994e+00  8.2057799999999990e+00  8.2312799999999982e+00  8.2473200000000002e+00  8.2565600000000003e+00  8.2640799999999999e+00  8.2769199999999987e+00  8.3012799999999984e+00  8.3389799999999994e+00  8.3849799999999988e+00  8.4262599999999992e+00  8.4428799999999988e+00  8.4110999999999994e+00  8.3054599999999983e+00  8.0953599999999994e+00  7.7356399999999983e+00  7.1710599999999998e+00  6.3765999999999989e+00  5.4214519999999995e+00  4.4900839999999995e+00  3.8141240000000001e+00  3.5684439999999999e+00  3.8141219999999993e+00  4.4900799999999990e+00  5.4213999999999993e+00  6.3765999999999989e+00  7.1710400000000005e+00  7.7355999999999989e+00  8.0952599999999997e+00  8.3054599999999983e+00  8.4110999999999994e+00  8.4428799999999988e+00  8.4262400000000000e+00  8.3849599999999995e+00  8.3389600000000002e+00  8.3012599999999992e+00  8.2769199999999987e+00  8.2640600000000006e+00  8.2565399999999993e+00  8.2472999999999992e+00  8.2312599999999989e+00  8.2057799999999990e+00  8.1662400000000002e+00  8.0981199999999998e+00  7.9712199999999989e+00  7.7431799999999988e+00  7.3720200000000000e+00  6.8332400000000000e+00  6.1342119999999998e+00  5.3178279999999996e+00  4.4509520000000000e+00  3.6058140000000001e+00
  -2.0000000000000000e-03  4.9297119999999994e+00  6.1184759999999994e+00  7.3309799999999994e+00  8.4590800000000002e+00  9.4062399999999986e+00  1.0115679999999999e+01  1.0585139999999999e+01  1.0857559999999998e+01  1.0997759999999998e+01  1.1067779999999999e+01  1.1108699999999999e+01  1.1136859999999999e+01  1.1154519999999998e+01  1.1163079999999999e+01  1.1169199999999998e+01  1.1183419999999998e+01  1.1215479999999998e+01  1.1269559999999998e+01  1.1340139999999998e+01  1.1410339999999998e+01  1.1453259999999998e+01  1.1436799999999998e+01  1.1329720000000000e+01  1.1096219999999999e+01  1.0676419999999998e+01  9.9800799999999992e+00  8.9440999999999988e+00  7.6445999999999987e+00  6.3473599999999992e+00  5.3991739999999995e+00  5.0548520000000003e+00  5.3991719999999992e+00  6.3473599999999992e+00  7.6446799999999993e+00  8.9440999999999988e+00  9.9800799999999992e+00  1.0676419999999998e+01  1.1096200000000000e+01  1.1329680000000000e+01  1.1436799999999998e+01  1.1453239999999999e+01  1.1410339999999998e+01  1.1340119999999999e+01  1.1269539999999999e+01  1.1215479999999998e+01  1.1183399999999999e+01  1.1169199999999998e+01  1.1163060000000000e+01  1.1154499999999999e+01  1.1136859999999999e+01  1.1108679999999998e+01  1.1067759999999998e+01  1.0997739999999999e+01  1.0857539999999998e+01  1.0585120000000000e+01  1.0115659999999998e+01  9.4062399999999986e+00  8.4590599999999991e+00  7.3309600000000001e+00  6.1184579999999995e+00  4.9296919999999993e+00
  -2.5000000000000001e-03  6.3656199999999989e+00  7.9596199999999993e+00  9.5716399999999986e+00  1.1046040000000000e+01  1.2250700000000000e+01  1.3116999999999997e+01  1.3657079999999999e+01  1.3942399999999999e+01  1.4068659999999999e+01  1.4122399999999997e+01  1.4155680000000000e+01  1.4182919999999998e+01  1.4199759999999999e+01  1.4204419999999997e+01  1.4205480000000000e+01  1.4217939999999997e+01  1.4256679999999999e+01  1.4329699999999999e+01  1.4432480000000000e+01  1.4544820000000000e+01  1.4632040000000000e+01  1.4652740000000000e+01  1.4571440000000001e+01  1.4355179999999997e+01  1.3933860000000001e+01  1.3168579999999999e+01  1.1924539999999999e+01  1.0261839999999999e+01  8.5490599999999990e+00  7.2905399999999991e+00  6.8358799999999995e+00  7.2905399999999991e+00  8.5490599999999990e+00  1.0261839999999999e+01  1.1924539999999999e+01  1.3168579999999999e+01  1.3933840000000000e+01  1.4355160000000000e+01  1.4571399999999999e+01  1.4652740000000000e+01  1.4632040000000000e+01  1.4544820000000000e+01  1.4432459999999999e+01  1.4329679999999998e+01  1.4256659999999998e+01  1.4217919999999999e+01  1.4205459999999999e+01  1.4204419999999997e+01  1.4199739999999998e+01  1.4182919999999998e+01  1.4155639999999998e+01  1.4122359999999999e+01  1.4068659999999999e+01  1.3942379999999998e+01  1.3657079999999999e+01  1.3116980000000000e+01  1.2250679999999999e+01  1.1046019999999999e+01  9.5716399999999986e+00  7.9596000000000000e+00  6.3655999999999997e+00
  -3.0000000000000001e-03  7.9523199999999994e+00  1.0041620000000000e+01  1.2127459999999999e+01  1.3991179999999998e+01  1.5458799999999998e+01  1.6455900000000000e+01  1.7024019999999997e+01  1.7277439999999999e+01  1.7352699999999999e+01  1.7367039999999999e+01  1.7383199999999999e+01  1.7407159999999998e+01  1.7421080000000000e+01  1.7417819999999999e+01  1.7408600000000000e+01  1.7414639999999999e+01  1.7457819999999998e+01  1.7552119999999999e+01  1.7696100000000001e+01  1.7867439999999998e+01  1.8022340000000000e+01  1.8106759999999998e+01  1.8082560000000001e+01  1.7932699999999997e+01  1.7591639999999998e+01  1.6857039999999998e+01  1.5466759999999997e+01  1.3421919999999998e+01  1.1229279999999999e+01  9.6204199999999993e+00  9.0485399999999991e+00  9.6204400000000003e+00  1.1229279999999999e+01  1.3421960000000000e+01  1.5466659999999997e+01  1.6857039999999998e+01  1.7591619999999999e+01  1.7932699999999997e+01  1.8082499999999996e+01  1.8106719999999999e+01  1.8022300000000001e+01  1.7867439999999998e+01  1.7696079999999998e+01  1.7552059999999997e+01  1.7457780000000000e+01  1.7414659999999998e+01  1.7408580000000001e+01  1.7417779999999997e+01  1.7421039999999998e+01  1.7407139999999998e+01  1.7383199999999999e+01  1.7367039999999999e+01  1.7352699999999999e+01  1.7277379999999997e+01  1.7024000000000001e+01  1.6455839999999998e+01  1.5458799999999998e+01  1.3991159999999999e+01  1.2127459999999999e+01  1.0041639999999999e+01  7.9522999999999993e+00
  -3.5000000000000001e-03  9.7388800000000000e+00  1.2455280000000000e+01  1.5114099999999997e+01  1.7415880000000001e+01  1.9141120000000001e+01  2.0222120000000000e+01  2.0755019999999998e+01  2.0914739999999998e+01  2.0890199999999997e+01  2.0837499999999999e+01  2.0828720000000001e+01  2.0849940000000000e+01  2.0859739999999999e+01  2.0843339999999998e+01  2.0817080000000001e+01  2.0809999999999999e+01  2.0853240000000000e+01  2.0969919999999998e+01  2.1165039999999998e+01  2.1416119999999999e+01  2.1668620000000001e+01  2.1848399999999998e+01  2.1912739999999996e+01  2.1883199999999999e+01  2.1731579999999997e+01  2.1182079999999999e+01  1.9756819999999998e+01  1.7314119999999999e+01  1.4558379999999998e+01  1.2573019999999998e+01  1.1896419999999999e+01  1.2573019999999998e+01  1.4558359999999999e+01  1.7314139999999998e+01  1.9756839999999997e+01  2.1182060000000000e+01  2.1731539999999999e+01  2.1883179999999996e+01  2.1912719999999997e+01  2.1848359999999996e+01  2.1668599999999998e+01  2.1416119999999999e+01  2.1165019999999998e+01  2.0969899999999999e+01  2.0853200000000001e+01  2.0809960000000000e+01  2.0817039999999999e+01  2.0843339999999998e+01  2.0859719999999996e+01  2.0849919999999997e+01  2.0828620000000001e+01  2.0837540000000001e+01  2.0890199999999997e+01  2.0914699999999996e+01  2.0754999999999999e+01  2.0222139999999996e+01  1.9141120000000001e+01  1.7415880000000001e+01  1.5114059999999998e+01  1.2455259999999999e+01  9.7388599999999990e+00
  -4.0000000000000001e-03  1.1791699999999999e+01  1.5331540000000000e+01  1.8690719999999999e+01  2.1478019999999997e+01  2.3432679999999998e+01  2.4517339999999997e+01  2.4923240000000000e+01  2.4906859999999998e+01  2.4719639999999998e+01  2.4568179999999998e+01  2.4531239999999997e+01  2.4556539999999998e+01  2.4562459999999998e+01  2.4526119999999999e+01  2.4473599999999998e+01  2.4444019999999998e+01  2.4480119999999996e+01  2.4617760000000001e+01  2.4873639999999998e+01  2.5229740000000000e+01  2.5618779999999997e+01  2.5932179999999999e+01  2.6110619999999997e+01  2.6249419999999997e+01  2.6425119999999996e+01  2.6298539999999999e+01  2.5034699999999997e+01  2.2182579999999998e+01  1.8752659999999999e+01  1.6418539999999997e+01  1.5706019999999999e+01  1.6418539999999997e+01  1.8752619999999997e+01  2.2182599999999997e+01  2.5034800000000001e+01  2.6298479999999998e+01  2.6425059999999998e+01  2.6249400000000001e+01  2.6110619999999997e+01  2.5932179999999999e+01  2.5618819999999996e+01  2.5229699999999998e+01  2.4873639999999998e+01  2.4617719999999998e+01  2.4480079999999997e+01  2.4443999999999999e+01  2.4473599999999998e+01  2.4526099999999996e+01  2.4562419999999999e+01  2.4556539999999998e+01  2.4531260000000000e+01  2.4568139999999996e+01  2.4719519999999999e+01  2.4906859999999998e+01  2.4923320000000000e+01  2.4517319999999998e+01  2.3432639999999999e+01  2.1478039999999996e+01  1.8690739999999998e+01  1.5331540000000000e+01  1.1791699999999999e+01
  -4.4999999999999997e-03  1.4207400000000000e+01  1.8874319999999997e+01  2.3085839999999997e+01  2.6387699999999999e+01  2.8500920000000001e+01  2.9456279999999996e+01  2.9607659999999996e+01  2.9308319999999995e+01  2.8877699999999997e+01  2.8593200000000000e+01  2.8535679999999999e+01  2.8582599999999999e+01  2.8585939999999997e+01  2.8519600000000001e+01  2.8429439999999996e+01  2.8364659999999997e+01  2.8382179999999998e+01  2.8534179999999996e+01  2.8858699999999995e+01  2.9349699999999999e+01  2.9928259999999998e+01  3.0424659999999996e+01  3.0727739999999997e+01  3.1056459999999994e+01  3.1719760000000001e+01  3.2377559999999995e+01  3.1621039999999997e+01  2.8349599999999995e+01  2.4076999999999998e+01  2.1567899999999998e+01  2.1037299999999998e+01  2.1567899999999998e+01  2.4076979999999999e+01  2.8349619999999998e+01  3.1620999999999995e+01  3.2377559999999995e+01  3.1719719999999999e+01  3.1056459999999994e+01  3.0727719999999998e+01  3.0424679999999999e+01  2.9928279999999997e+01  2.9349659999999997e+01  2.8858659999999997e+01  2.8534199999999995e+01  2.8382220000000000e+01  2.8364619999999999e+01  2.8429419999999997e+01  2.8519600000000001e+01  2.8585959999999996e+01  2.8582619999999995e+01  2.8535639999999997e+01  2.8593159999999997e+01  2.8877659999999995e+01  2.9308339999999998e+01  2.9607619999999994e+01  2.9456279999999996e+01  2.8500879999999999e+01  2.6387599999999996e+01  2.3085799999999999e+01  1.8874240000000000e+01  1.4207379999999999e+01
  -5.0000000000000001e-03  1.7139240000000001e+01  2.3429659999999998e+01  2.8639260000000000e+01  3.2430700000000002e+01  3.4559139999999999e+01  3.5170139999999996e+01  3.4897539999999992e+01  3.4182859999999998e+01  3.3405079999999998e+01  3.2952699999999993e+01  3.2901919999999997e+01  3.3006720000000001e+01  3.3007639999999995e+01  3.2895280000000000e+01  3.2754579999999997e+01  3.2637459999999997e+01  3.2620159999999998e+01  3.2771159999999995e+01  3.3165779999999998e+01  3.3826519999999995e+01  3.4668859999999995e+01  3.5422859999999993e+01  3.5831539999999997e+01  3.6308459999999997e+01  3.7615199999999994e+01  3.9599439999999994e+01  3.9967979999999997e+01  3.6251839999999994e+01  3.0821140000000000e+01  2.8673259999999996e+01  2.8923020000000001e+01  2.8673279999999998e+01  3.0821140000000000e+01  3.6251899999999999e+01  3.9967999999999996e+01  3.9599299999999999e+01  3.7615060000000000e+01  3.6308499999999995e+01  3.5831519999999998e+01  3.5422939999999997e+01  3.4668880000000001e+01  3.3826439999999998e+01  3.3165740000000000e+01  3.2771119999999996e+01  3.2620100000000001e+01  3.2637519999999995e+01  3.2754519999999999e+01  3.2895299999999992e+01  3.3007619999999996e+01  3.3006760000000000e+01  3.2901919999999997e+01  3.2952659999999995e+01  3.3405020000000000e+01  3.4182859999999998e+01  3.4897539999999992e+01  3.5170199999999994e+01  3.4559100000000001e+01  3.2430720000000001e+01  2.8639199999999999e+01  2.3429619999999996e+01  1.7139259999999997e+01
# Longitudinally Integrated Squared Transverse Magnetic Field [T2m]
START
                          -2.9999999999999999e-02 -2.9000000000000001e-02 -2.8000000000000001e-02 -2.7000000000000000e-02 -2.5999999999999999e-02 -2.5000000000000001e-02 -2.4000000000000000e-02 -2.3000000000000000e-02 -2.1999999999999999e-02 -2.1000000000000001e-02 -2.0000000000000000e-02 -1.9000000000000000e-02 -1.7999999999999999e-02 -1.7000000000000001e-02 -1.6000000000000000e-02 -1.4999999999999999e-02 -1.4000000000000000e-02 -1.2999999999999999e-02 -1.2000000000000000e-02 -1.0999999999999999e-02 -1.0000000000000000e-02 -8.9999999999999993e-03 -8.0000000000000002e-03 -7.0000000000000001e-03 -6.0000000000000001e-03 -5.0000000000000001e-03 -4.0000000000000001e-03 -3.0000000000000001e-03 -2.0000000000000000e-03 -1.0000000000000000e-03  0.0000000000000000e+00  1.0000000000000000e-03  2.0000000000000000e-03  3.0000000000000001e-03  4.0000000000000001e-03  5.0000000000000001e-03  6.0000000000000001e-03  7.0000000000000001e-03  8.0000000000000002e-03  8.9999999999999993e-03  1.0000000000000000e-02  1.0999999999999999e-02  1.2000000000000000e-02  1.2999999999999999e-02  1.4000000000000000e-02  1.4999999999999999e-02  1.6000000000000000e-02  1.7000000000000001e-02  1.7999999999999999e-02  1.9000000000000000e-02  2.0000000000000000e-02  2.1000000000000001e-02  2.1999999999999999e-02  2.3000000000000000e-02  2.4000000000000000e-02  2.5000000000000001e-02  2.5999999999999999e-02  2.7000000000000000e-02  2.8000000000000001e-02  2.9000000000000001e-02  2.9999999999999999e-02
   5.0000000000000001e-03  1.4928520000000001e-01  1.6802280000000000e-01  1.7959559999999999e-01  1.8403319999999998e-01  1.8387560000000000e-01  1.8146199999999998e-01  1.7829699999999998e-01  1.7526499999999998e-01  1.7279979999999998e-01  1.7101299999999997e-01  1.6990099999999997e-01  1.6946579999999997e-01  1.6973219999999997e-01  1.7074039999999999e-01  1.7254639999999999e-01  1.7522919999999997e-01  1.7891060000000000e-01  1.8380019999999997e-01  1.9024980000000000e-01  1.9868719999999998e-01  2.0941200000000001e-01  2.2259440000000000e-01  2.3845159999999999e-01  2.5733779999999995e-01  2.7979539999999997e-01  3.0652279999999998e-01  3.3792419999999995e-01  3.7321919999999997e-01  4.0913379999999999e-01  4.3814700000000001e-01  4.4966699999999998e-01  4.3814700000000001e-01  4.0913379999999999e-01  3.7321919999999997e-01  3.3792419999999995e-01  3.0652279999999998e-01  2.7979539999999997e-01  2.5733779999999995e-01  2.3845159999999999e-01  2.2259440000000000e-01  2.0941179999999998e-01  1.9868719999999998e-01  1.9024980000000000e-01  1.8380019999999997e-01  1.7891060000000000e-01  1.7522919999999997e-01  1.7254639999999999e-01  1.7074039999999999e-01  1.6973219999999997e-01  1.6946579999999997e-01  1.6990079999999999e-01  1.7101299999999997e-01  1.7279979999999998e-01  1.7526499999999998e-01  1.7829699999999998e-01  1.8146199999999998e-01  1.8387560000000000e-01  1.8403319999999998e-01  1.7959559999999999e-01  1.6802280000000000e-01  1.4928520000000001e-01
   4.4999999999999997e-03  1.2472579999999998e-01  1.3734040000000000e-01  1.4515319999999998e-01  1.4810199999999998e-01  1.4765859999999997e-01  1.4541799999999999e-01  1.4253839999999998e-01  1.3974219999999998e-01  1.3741499999999998e-01  1.3571040000000001e-01  1.3467640000000000e-01  1.3433899999999999e-01  1.3472980000000001e-01  1.3589379999999998e-01  1.3789279999999998e-01  1.4081399999999999e-01  1.4478579999999999e-01  1.5000279999999999e-01  1.5674659999999999e-01  1.6534519999999997e-01  1.7607839999999997e-01  1.8916179999999999e-01  2.0481300000000000e-01  2.2329779999999999e-01  2.4492919999999996e-01  2.6996579999999998e-01  2.9824739999999994e-01  3.2853559999999998e-01  3.5765179999999996e-01  3.7985959999999996e-01  3.8835119999999995e-01  3.7985959999999996e-01  3.5765179999999996e-01  3.2853559999999998e-01  2.9824739999999994e-01  2.6996579999999998e-01  2.4492919999999996e-01  2.2329779999999999e-01  2.0481300000000000e-01  1.8916179999999999e-01  1.7607839999999997e-01  1.6534519999999997e-01  1.5674659999999999e-01  1.5000279999999999e-01  1.4478579999999999e-01  1.4081399999999999e-01  1.3789260000000000e-01  1.3589379999999998e-01  1.3472980000000001e-01  1.3433899999999999e-01  1.3467640000000000e-01  1.3571040000000001e-01  1.3741499999999998e-01  1.3974219999999998e-01  1.4253839999999998e-01  1.4541799999999999e-01  1.4765859999999997e-01  1.4810199999999998e-01  1.4515299999999998e-01  1.3734040000000000e-01  1.2472559999999998e-01
   4.0000000000000001e-03  1.0448120000000000e-01  1.1263479999999998e-01  1.1735359999999997e-01  1.1866599999999999e-01  1.1752839999999999e-01  1.1506339999999998e-01  1.1215360000000001e-01  1.0937920000000000e-01  1.0706940000000000e-01  1.0538059999999999e-01  1.0437979999999999e-01  1.0410440000000000e-01  1.0458980000000000e-01  1.0588259999999999e-01  1.0804720000000000e-01  1.1117459999999998e-01  1.1539219999999999e-01  1.2088039999999999e-01  1.2787759999999998e-01  1.3665759999999999e-01  1.4748119999999998e-01  1.6057279999999999e-01  1.7613679999999998e-01  1.9436059999999997e-01  2.1538140000000000e-01  2.3915860000000000e-01  2.6517559999999996e-01  2.9196479999999997e-01  3.1659619999999999e-01  3.3460059999999997e-01  3.4130159999999993e-01  3.3460059999999997e-01  3.1659619999999999e-01  2.9196479999999997e-01  2.6517559999999996e-01  2.3915860000000000e-01  2.1538140000000000e-01  1.9436059999999997e-01  1.7613679999999998e-01  1.6057279999999999e-01  1.4748099999999997e-01  1.3665759999999999e-01  1.2787759999999998e-01  1.2088039999999999e-01  1.1539219999999999e-01  1.1117439999999999e-01  1.0804720000000000e-01  1.0588239999999999e-01  1.0458980000000000e-01  1.0410440000000000e-01  1.0437979999999999e-01  1.0538059999999999e-01  1.0706940000000000e-01  1.0937920000000000e-01  1.1215360000000001e-01  1.1506339999999998e-01  1.1752839999999999e-01  1.1866599999999999e-01  1.1735340000000000e-01  1.1263479999999998e-01  1.0448120000000000e-01
   3.5000000000000001e-03  8.7827799999999998e-02  9.2652599999999988e-02  9.4873399999999983e-02  9.4631799999999988e-02  9.2639399999999997e-02  8.9732999999999993e-02  8.6598999999999995e-02  8.3703599999999989e-02  8.1321399999999988e-02  7.9593999999999998e-02  7.8589399999999990e-02  7.8346399999999997e-02  7.8900399999999996e-02  8.0297199999999999e-02  8.2601399999999991e-02  8.5904199999999986e-02  9.0330199999999999e-02  9.6047999999999994e-02  1.0326979999999998e-01  1.1223899999999999e-01  1.2319919999999998e-01  1.3636979999999999e-01  1.5193340000000000e-01  1.7001299999999997e-01  1.9061219999999998e-01  2.1348460000000000e-01  2.3788859999999998e-01  2.6225279999999995e-01  2.8390599999999999e-01  2.9924699999999999e-01  3.0484760000000000e-01  2.9924699999999999e-01  2.8390599999999999e-01  2.6225279999999995e-01  2.3788859999999998e-01  2.1348460000000000e-01  1.9061219999999998e-01  1.7001299999999997e-01  1.5193340000000000e-01  1.3636979999999999e-01  1.2319919999999998e-01  1.1223899999999999e-01  1.0326979999999998e-01  9.6047800000000003e-02  9.0330199999999999e-02  8.5903999999999994e-02  8.2601399999999991e-02  8.0297199999999999e-02  7.8900399999999996e-02  7.8346399999999997e-02  7.8589399999999990e-02  7.9593999999999998e-02  8.1321399999999988e-02  8.3703599999999989e-02  8.6598999999999995e-02  8.9732999999999993e-02  9.2639399999999997e-02  9.4631799999999988e-02  9.4873399999999983e-02  9.2652599999999988e-02  8.7827799999999998e-02
   3.0000000000000001e-03  7.4228999999999989e-02  7.6538799999999990e-02  7.6768000000000003e-02  7.5153599999999987e-02  7.2292199999999987e-02  6.8854399999999996e-02  6.5394799999999989e-02  6.2294759999999998e-02  5.9782559999999992e-02  5.7978660000000001e-02  5.6942719999999995e-02  5.6709240000000001e-02  5.7310259999999995e-02  5.8789099999999997e-02  6.1208699999999998e-02  6.4658400000000005e-02  6.9260400000000000e-02  7.5173599999999993e-02  8.2595599999999991e-02  9.1750799999999993e-02  1.0286900000000000e-01  1.1615960000000000e-01  1.3178199999999998e-01  1.4980559999999998e-01  1.7013439999999999e-01  1.9237899999999997e-01  2.1565359999999997e-01  2.3834739999999999e-01  2.5800960000000001e-01  2.7162799999999998e-01  2.7653219999999995e-01  2.7162799999999998e-01  2.5800960000000001e-01  2.3834739999999999e-01  2.1565359999999997e-01  1.9237899999999997e-01  1.7013439999999999e-01  1.4980559999999998e-01  1.3178199999999998e-01  1.1615960000000000e-01  1.0286900000000000e-01  9.1750799999999993e-02  8.2595599999999991e-02  7.5173599999999993e-02  6.9260400000000000e-02  6.4658400000000005e-02  6.1208680000000001e-02  5.8789080000000001e-02  5.7310259999999995e-02  5.6709200000000001e-02  5.6942699999999999e-02  5.7978639999999998e-02  5.9782539999999988e-02  6.2294740000000001e-02  6.5394799999999989e-02  6.8854399999999996e-02  7.2292199999999987e-02  7.5153599999999987e-02  7.6767799999999997e-02  7.6538799999999990e-02  7.4228999999999989e-02
   2.5000000000000001e-03  6.3282400000000003e-02  6.3688599999999984e-02  6.2352419999999992e-02  5.9582440000000000e-02  5.5921999999999999e-02  5.1947119999999999e-02  4.8128479999999994e-02  4.4788339999999996e-02  4.2117799999999997e-02  4.0216459999999996e-02  3.9132260000000002e-02  3.8892320000000001e-02  3.9523480000000000e-02  4.1065199999999996e-02  4.3577899999999996e-02  4.7148820000000001e-02  5.1896779999999997e-02  5.7975459999999999e-02  6.5572599999999995e-02  7.4900999999999995e-02  8.6180599999999982e-02  9.9608599999999992e-02  1.1532379999999999e-01  1.3335179999999999e-01  1.5352279999999999e-01  1.7534599999999997e-01  1.9784319999999997e-01  2.1939380000000000e-01  2.3772019999999999e-01  2.5020880000000001e-01  2.5466279999999997e-01  2.5020880000000001e-01  2.3772019999999999e-01  2.1939380000000000e-01  1.9784319999999997e-01  1.7534599999999997e-01  1.5352279999999999e-01  1.3335179999999999e-01  1.1532379999999999e-01  9.9608599999999992e-02  8.6180399999999990e-02  7.4900999999999995e-02  6.5572599999999995e-02  5.7975439999999996e-02  5.1896779999999997e-02  4.7148799999999998e-02  4.3577879999999999e-02  4.1065199999999996e-02  3.9523480000000000e-02  3.8892320000000001e-02  3.9132260000000002e-02  4.0216439999999992e-02  4.2117779999999994e-02  4.4788319999999993e-02  4.8128479999999994e-02  5.1947119999999999e-02  5.5921980000000003e-02  5.9582419999999997e-02  6.2352419999999992e-02  6.3688599999999984e-02  6.3282400000000003e-02
   2.0000000000000000e-03  5.4685279999999996e-02  5.3666519999999988e-02  5.1127100000000002e-02  4.7425519999999992e-02  4.3081819999999993e-02  3.8619160000000000e-02  3.4456779999999992e-02  3.0877499999999999e-02  2.8045120000000000e-02  2.6041259999999997e-02  2.4902039999999997e-02  2.4646339999999999e-02  2.5295099999999997e-02  2.6883580000000001e-02  2.9469260000000001e-02  3.3137100000000003e-02  3.8003479999999999e-02  4.4218279999999992e-02  5.1963499999999989e-02  6.1445039999999992e-02  7.2874399999999992e-02  8.6438999999999988e-02  1.0225919999999998e-01  1.2032699999999999e-01  1.4041719999999999e-01  1.6196800000000000e-01  1.8394059999999998e-01  2.0471739999999999e-01  2.2214979999999998e-01  2.3389339999999997e-01  2.3805339999999997e-01  2.3389339999999997e-01  2.2214979999999998e-01  2.0471739999999999e-01  1.8394059999999998e-01  1.6196800000000000e-01  1.4041719999999999e-01  1.2032699999999999e-01  1.0225919999999998e-01  8.6438999999999988e-02  7.2874399999999992e-02  6.1445039999999992e-02  5.1963499999999989e-02  4.4218259999999995e-02  3.8003459999999996e-02  3.3137079999999999e-02  2.9469240000000001e-02  2.6883559999999997e-02  2.5295079999999994e-02  2.4646319999999996e-02  2.4902039999999997e-02  2.6041259999999997e-02  2.8045100000000000e-02  3.0877479999999999e-02  3.4456779999999992e-02  3.8619160000000000e-02  4.3081819999999993e-02  4.7425499999999995e-02  5.1127100000000002e-02  5.3666499999999992e-02  5.4685259999999999e-02
   1.5000000000000000e-03  4.8211299999999999e-02  4.6158179999999993e-02  4.2728779999999994e-02  3.8315080000000001e-02  3.3427600000000002e-02  2.8560639999999995e-02  2.4103199999999998e-02  2.0313100000000001e-02  1.7335259999999998e-02  1.5237400000000000e-02  1.4045399999999998e-02  1.3770619999999999e-02  1.4428460000000001e-02  1.6050239999999997e-02  1.8690619999999998e-02  2.2432599999999997e-02  2.7390639999999997e-02  3.3712319999999997e-02  4.1576239999999993e-02  5.1183759999999995e-02  6.2740699999999996e-02  7.6426200000000000e-02  9.2346199999999989e-02  1.1046720000000000e-01  1.3052439999999998e-01  1.5190640000000000e-01  1.7353519999999997e-01  1.9379979999999999e-01  2.1064359999999999e-01  2.2190099999999999e-01  2.2587060000000000e-01  2.2190099999999999e-01  2.1064359999999999e-01  1.9379979999999999e-01  1.7353519999999997e-01  1.5190640000000000e-01  1.3052439999999998e-01  1.1046720000000000e-01  9.2346199999999989e-02  7.6426200000000000e-02  6.2740679999999993e-02  5.1183759999999995e-02  4.1576219999999997e-02  3.3712300000000001e-02  2.7390639999999997e-02  2.2432579999999997e-02  1.8690619999999998e-02  1.6050220000000000e-02  1.4428439999999999e-02  1.3770599999999999e-02  1.4045379999999998e-02  1.5237400000000000e-02  1.7335259999999998e-02  2.0313100000000001e-02  2.4103199999999998e-02  2.8560639999999995e-02  3.3427600000000002e-02  3.8315080000000001e-02  4.2728779999999994e-02  4.6158179999999993e-02  4.8211299999999999e-02
   1.0000000000000000e-03  4.3696879999999994e-02  4.0941339999999993e-02  3.6899799999999996e-02  3.1985340000000001e-02  2.6704980000000000e-02  2.1537939999999998e-02  1.6856299999999998e-02  1.2903059999999999e-02  9.8110799999999998e-03  7.6383799999999993e-03  6.4032400000000001e-03  6.1110599999999998e-03  6.7728399999999987e-03  8.4166999999999992e-03  1.1095079999999998e-02  1.4889339999999999e-02  1.9912759999999998e-02  2.6311440000000002e-02  3.4262120000000000e-02  4.3963439999999993e-02  5.5617319999999998e-02  6.9396999999999986e-02  8.5397999999999988e-02  1.0356899999999999e-01  1.2361819999999998e-01  1.4490199999999998e-01  1.6631720000000000e-01  1.8625979999999998e-01  2.0273400000000000e-01  2.1368779999999996e-01  2.1753900000000001e-01  2.1368779999999996e-01  2.0273400000000000e-01  1.8625979999999998e-01  1.6631720000000000e-01  1.4490199999999998e-01  1.2361819999999998e-01  1.0356899999999999e-01  8.5397999999999988e-02  6.9396999999999986e-02  5.5617319999999998e-02  4.3963439999999993e-02  3.4262120000000000e-02  2.6311440000000002e-02  1.9912739999999998e-02  1.4889339999999999e-02  1.1095059999999999e-02  8.4166999999999992e-03  6.7728399999999987e-03  6.1110559999999993e-03  6.4032199999999994e-03  7.6383799999999993e-03  9.8110599999999999e-03  1.2903059999999999e-02  1.6856280000000001e-02  2.1537939999999998e-02  2.6704980000000000e-02  3.1985340000000001e-02  3.6899799999999996e-02  4.0941339999999993e-02  4.3696879999999994e-02
   5.0000000000000001e-04  4.1031060000000001e-02  3.7867819999999996e-02  3.3468140000000000e-02  2.8256659999999999e-02  2.2739339999999997e-02  1.7388259999999999e-02  1.2567099999999999e-02  8.5111800000000001e-03  5.3466919999999992e-03  3.1260459999999995e-03  1.8627959999999997e-03  1.5586559999999998e-03  2.2217639999999998e-03  3.8781679999999995e-03  6.5788799999999988e-03  1.0404280000000000e-02  1.5466879999999999e-02  2.1912119999999997e-02  2.9915699999999996e-02  3.9674799999999996e-02  5.1389159999999996e-02  6.5228399999999992e-02  8.1281800000000001e-02  9.9487399999999990e-02  1.1953819999999998e-01  1.4077160000000000e-01  1.6207119999999997e-01  1.8183700000000000e-01  1.9810799999999998e-01  2.0889540000000001e-01  2.1268180000000000e-01  2.0889540000000001e-01  1.9810799999999998e-01  1.8183700000000000e-01  1.6207119999999997e-01  1.4077160000000000e-01  1.1953819999999998e-01  9.9487399999999990e-02  8.1281800000000001e-02  6.5228399999999992e-02  5.1389159999999996e-02  3.9674799999999996e-02  2.9915699999999996e-02  2.1912119999999997e-02  1.5466879999999999e-02  1.0404280000000000e-02  6.5788599999999997e-03  3.8781639999999995e-03  2.2217620000000000e-03  1.5586539999999998e-03  1.8627939999999996e-03  3.1260439999999997e-03  5.3466899999999994e-03  8.5111800000000001e-03  1.2567080000000000e-02  1.7388259999999999e-02  2.2739339999999997e-02  2.8256639999999996e-02  3.3468119999999997e-02  3.7867819999999996e-02  4.1031060000000001e-02
   0.0000000000000000e+00  4.0149479999999994e-02  3.6852559999999999e-02  3.2334979999999999e-02  2.7025080000000000e-02  2.1428639999999995e-02  1.6015599999999998e-02  1.1147139999999998e-02  7.0562200000000002e-03  3.8669040000000000e-03  1.6297619999999997e-03  3.5677619999999996e-04  4.8388039999999994e-05  7.1175999999999998e-04  2.3722279999999997e-03  5.0803039999999999e-03  8.9160600000000000e-03  1.3991719999999997e-02  2.0452519999999998e-02  2.8473880000000000e-02  3.8252499999999995e-02  4.9987379999999991e-02  6.3846999999999987e-02  7.9918400000000001e-02  9.8136599999999991e-02  1.1818880000000000e-01  1.3940680000000000e-01  1.6066979999999997e-01  1.8037939999999997e-01  1.9658560000000000e-01  2.0731999999999998e-01  2.1108559999999998e-01  2.0731999999999998e-01  1.9658560000000000e-01  1.8037939999999997e-01  1.6066979999999997e-01  1.3940680000000000e-01  1.1818880000000000e-01  9.8136599999999991e-02  7.9918400000000001e-02  6.3846999999999987e-02  4.9987379999999991e-02  3.8252499999999995e-02  2.8473880000000000e-02  2.0452519999999998e-02  1.3991719999999997e-02  8.9160600000000000e-03  5.0803039999999999e-03  2.3722279999999997e-03  7.1175999999999998e-04  4.8387999999999998e-05  3.5677639999999997e-04  1.6297619999999997e-03  3.8669040000000000e-03  7.0562200000000002e-03  1.1147139999999998e-02  1.6015599999999998e-02  2.1428639999999995e-02  2.7025080000000000e-02  3.2334979999999999e-02  3.6852559999999999e-02  4.0149479999999994e-02
  -5.0000000000000001e-04  4.1031060000000001e-02  3.7867819999999996e-02  3.3468119999999997e-02  2.8256639999999996e-02  2.2739339999999997e-02  1.7388259999999999e-02  1.2567080000000000e-02  8.5111800000000001e-03  5.3466899999999994e-03  3.1260439999999997e-03  1.8627939999999996e-03  1.5586539999999998e-03  2.2217620000000000e-03  3.8781659999999997e-03  6.5788799999999988e-03  1.0404280000000000e-02  1.5466879999999999e-02  2.1912119999999997e-02  2.9915699999999996e-02  3.9674799999999996e-02  5.1389159999999996e-02  6.5228399999999992e-02  8.1281800000000001e-02  9.9487399999999990e-02  1.1953819999999998e-01  1.4077160000000000e-01  1.6207119999999997e-01  1.8183700000000000e-01  1.9810799999999998e-01  2.0889540000000001e-01  2.1268180000000000e-01  2.0889540000000001e-01  1.9810799999999998e-01  1.8183700000000000e-01  1.6207119999999997e-01  1.4077160000000000e-01  1.1953819999999998e-01  9.9487399999999990e-02  8.1281800000000001e-02  6.5228399999999992e-02  5.1389159999999996e-02  3.9674799999999996e-02  2.9915699999999996e-02  2.1912119999999997e-02  1.5466899999999999e-02  1.0404280000000000e-02  6.5788799999999988e-03  3.8781659999999997e-03  2.2217639999999998e-03  1.5586559999999998e-03  1.8627959999999997e-03  3.1260459999999995e-03  5.3466919999999992e-03  8.5111800000000001e-03  1.2567099999999999e-02  1.7388259999999999e-02  2.2739339999999997e-02  2.8256659999999999e-02  3.3468119999999997e-02  3.7867819999999996e-02  4.1031060000000001e-02
  -1.0000000000000000e-03  4.3696879999999994e-02  4.0941339999999993e-02  3.6899799999999996e-02  3.1985340000000001e-02  2.6704980000000000e-02  2.1537939999999998e-02  1.6856280000000001e-02  1.2903059999999999e-02  9.8110599999999999e-03  7.6383799999999993e-03  6.4032199999999994e-03  6.1110559999999993e-03  6.7728399999999987e-03  8.4166999999999992e-03  1.1095059999999999e-02  1.4889339999999999e-02  1.9912739999999998e-02  2.6311440000000002e-02  3.4262120000000000e-02  4.3963439999999993e-02  5.5617319999999998e-02  6.9396999999999986e-02  8.5397999999999988e-02  1.0356899999999999e-01  1.2361819999999998e-01  1.4490199999999998e-01  1.6631720000000000e-01  1.8625999999999998e-01  2.0273400000000000e-01  2.1368779999999996e-01  2.1753900000000001e-01  2.1368779999999996e-01  2.0273400000000000e-01  1.8625979999999998e-01  1.6631720000000000e-01  1.4490199999999998e-01  1.2361819999999998e-01  1.0356899999999999e-01  8.5397999999999988e-02  6.9396999999999986e-02  5.5617319999999998e-02  4.3963439999999993e-02  3.4262120000000000e-02  2.6311440000000002e-02  1.9912759999999998e-02  1.4889339999999999e-02  1.1095079999999998e-02  8.4166999999999992e-03  6.7728399999999987e-03  6.1110599999999998e-03  6.4032400000000001e-03  7.6383799999999993e-03  9.8110799999999998e-03  1.2903059999999999e-02  1.6856299999999998e-02  2.1537939999999998e-02  2.6704980000000000e-02  3.1985340000000001e-02  3.6899799999999996e-02  4.0941339999999993e-02  4.3696879999999994e-02
  -1.5000000000000000e-03  4.8211299999999999e-02  4.6158179999999993e-02  4.2728779999999994e-02  3.8315080000000001e-02  3.3427600000000002e-02  2.8560639999999995e-02  2.4103199999999998e-02  2.0313100000000001e-02  1.7335259999999998e-02  1.5237400000000000e-02  1.4045399999999998e-02  1.3770599999999999e-02  1.4428439999999999e-02  1.6050220000000000e-02  1.8690619999999998e-02  2.2432579999999997e-02  2.7390639999999997e-02  3.3712300000000001e-02  4.1576219999999997e-02  5.1183759999999995e-02  6.2740679999999993e-02  7.6426200000000000e-02  9.2346199999999989e-02  1.1046720000000000e-01  1.3052439999999998e-01  1.5190640000000000e-01  1.7353519999999997e-01  1.9379979999999999e-01  2.1064359999999999e-01  2.2190099999999999e-01  2.2587060000000000e-01  2.2190099999999999e-01  2.1064359999999999e-01  1.9379979999999999e-01  1.7353519999999997e-01  1.5190640000000000e-01  1.3052439999999998e-01  1.1046720000000000e-01  9.2346199999999989e-02  7.6426200000000000e-02  6.2740699999999996e-02  5.1183759999999995e-02  4.1576239999999993e-02  3.3712319999999997e-02  2.7390639999999997e-02  2.2432599999999997e-02  1.8690619999999998e-02  1.6050239999999997e-02  1.4428460000000001e-02  1.3770619999999999e-02  1.4045399999999998e-02  1.5237400000000000e-02  1.7335259999999998e-02  2.0313100000000001e-02  2.4103199999999998e-02  2.8560639999999995e-02  3.3427600000000002e-02  3.8315080000000001e-02  4.2728779999999994e-02  4.6158179999999993e-02  4.8211299999999999e-02
  -2.0000000000000000e-03  5.4685259999999999e-02  5.3666519999999988e-02  5.1127100000000002e-02  4.7425499999999995e-02  4.3081819999999993e-02  3.8619160000000000e-02  3.4456779999999992e-02  3.0877479999999999e-02  2.8045100000000000e-02  2.6041259999999997e-02  2.4902039999999997e-02  2.4646319999999996e-02  2.5295079999999994e-02  2.6883559999999997e-02  2.9469240000000001e-02  3.3137079999999999e-02  3.8003459999999996e-02  4.4218279999999992e-02  5.1963499999999989e-02  6.1445039999999992e-02  7.2874399999999992e-02  8.6438999999999988e-02  1.0225919999999998e-01  1.2032699999999999e-01  1.4041719999999999e-01  1.6196800000000000e-01  1.8394059999999998e-01  2.0471739999999999e-01  2.2214979999999998e-01  2.3389339999999997e-01  2.3805339999999997e-01  2.3389339999999997e-01  2.2214979999999998e-01  2.0471739999999999e-01  1.8394059999999998e-01  1.6196800000000000e-01  1.4041719999999999e-01  1.2032699999999999e-01  1.0225919999999998e-01  8.6438999999999988e-02  7.2874399999999992e-02  6.1445039999999992e-02  5.1963499999999989e-02  4.4218279999999992e-02  3.8003479999999999e-02  3.3137100000000003e-02  2.9469240000000001e-02  2.6883580000000001e-02  2.5295099999999997e-02  2.4646339999999999e-02  2.4902039999999997e-02  2.6041259999999997e-02  2.8045100000000000e-02  3.0877499999999999e-02  3.4456779999999992e-02  3.8619160000000000e-02  4.3081819999999993e-02  4.7425519999999992e-02  5.1127100000000002e-02  5.3666519999999988e-02  5.4685279999999996e-02
  -2.5000000000000001e-03  6.3282400000000003e-02  6.3688599999999984e-02  6.2352419999999992e-02  5.9582440000000000e-02  5.5921980000000003e-02  5.1947119999999999e-02  4.8128479999999994e-02  4.4788319999999993e-02  4.2117779999999994e-02  4.0216439999999992e-02  3.9132260000000002e-02  3.8892320000000001e-02  3.9523480000000000e-02  4.1065199999999996e-02  4.3577899999999996e-02  4.7148799999999998e-02  5.1896779999999997e-02  5.7975439999999996e-02  6.5572599999999995e-02  7.4900999999999995e-02  8.6180399999999990e-02  9.9608599999999992e-02  1.1532379999999999e-01  1.3335179999999999e-01  1.5352279999999999e-01  1.7534599999999997e-01  1.9784319999999997e-01  2.1939380000000000e-01  2.3772019999999999e-01  2.5020880000000001e-01  2.5466279999999997e-01  2.5020880000000001e-01  2.3772019999999999e-01  2.1939380000000000e-01  1.9784319999999997e-01  1.7534599999999997e-01  1.5352279999999999e-01  1.3335179999999999e-01  1.1532379999999999e-01  9.9608599999999992e-02  8.6180599999999982e-02  7.4900999999999995e-02  6.5572599999999995e-02  5.7975459999999999e-02  5.1896779999999997e-02  4.7148820000000001e-02  4.3577899999999996e-02  4.1065220000000000e-02  3.9523480000000000e-02  3.8892320000000001e-02  3.9132260000000002e-02  4.0216459999999996e-02  4.2117799999999997e-02  4.4788339999999996e-02  4.8128479999999994e-02  5.1947119999999999e-02  5.5921999999999999e-02  5.9582440000000000e-02  6.2352419999999992e-02  6.3688599999999984e-02  6.3282400000000003e-02
  -3.0000000000000001e-03  7.4228999999999989e-02  7.6538799999999990e-02  7.6767799999999997e-02  7.5153599999999987e-02  7.2292199999999987e-02  6.8854399999999996e-02  6.5394799999999989e-02  6.2294740000000001e-02  5.9782519999999992e-02  5.7978639999999998e-02  5.6942719999999995e-02  5.6709219999999998e-02  5.7310259999999995e-02  5.8789080000000001e-02  6.1208680000000001e-02  6.4658400000000005e-02  6.9260400000000000e-02  7.5173599999999993e-02  8.2595599999999991e-02  9.1750799999999993e-02  1.0286900000000000e-01  1.1615960000000000e-01  1.3178199999999998e-01  1.4980559999999998e-01  1.7013439999999999e-01  1.9237899999999997e-01  2.1565359999999997e-01  2.3834739999999999e-01  2.5800960000000001e-01  2.7162799999999998e-01  2.7653219999999995e-01  2.7162799999999998e-01  2.5800960000000001e-01  2.3834739999999999e-01  2.1565359999999997e-01  1.9237899999999997e-01  1.7013439999999999e-01  1.4980559999999998e-01  1.3178199999999998e-01  1.1615960000000000e-01  1.0286900000000000e-01  9.1750799999999993e-02  8.2595599999999991e-02  7.5173599999999993e-02  6.9260400000000000e-02  6.4658400000000005e-02  6.1208699999999998e-02  5.8789099999999997e-02  5.7310259999999995e-02  5.6709219999999998e-02  5.6942719999999995e-02  5.7978660000000001e-02  5.9782559999999992e-02  6.2294759999999998e-02  6.5394799999999989e-02  6.8854399999999996e-02  7.2292199999999987e-02  7.5153599999999987e-02  7.6768000000000003e-02  7.6538799999999990e-02  7.4228999999999989e-02
  -3.5000000000000001e-03  8.7827799999999998e-02  9.2652599999999988e-02  9.4873399999999983e-02  9.4631799999999988e-02  9.2639399999999997e-02  8.9732999999999993e-02  8.6598999999999995e-02  8.3703599999999989e-02  8.1321399999999988e-02  7.9593999999999998e-02  7.8589399999999990e-02  7.8346399999999997e-02  7.8900399999999996e-02  8.0297199999999999e-02  8.2601399999999991e-02  8.5903999999999994e-02  9.0330199999999999e-02  9.6047800000000003e-02  1.0326979999999998e-01  1.1223899999999999e-01  1.2319919999999998e-01  1.3636979999999999e-01  1.5193340000000000e-01  1.7001299999999997e-01  1.9061219999999998e-01  2.1348460000000000e-01  2.3788859999999998e-01  2.6225279999999995e-01  2.8390599999999999e-01  2.9924699999999999e-01  3.0484760000000000e-01  2.9924699999999999e-01  2.8390599999999999e-01  2.6225279999999995e-01  2.3788859999999998e-01  2.1348460000000000e-01  1.9061219999999998e-01  1.7001299999999997e-01  1.5193340000000000e-01  1.3636979999999999e-01  1.2319919999999998e-01  1.1223899999999999e-01  1.0326979999999998e-01  9.6047999999999994e-02  9.0330199999999999e-02  8.5904199999999986e-02  8.2601399999999991e-02  8.0297199999999999e-02  7.8900399999999996e-02  7.8346399999999997e-02  7.8589399999999990e-02  7.9593999999999998e-02  8.1321399999999988e-02  8.3703599999999989e-02  8.6598999999999995e-02  8.9732999999999993e-02  9.2639399999999997e-02  9.4631799999999988e-02  9.4873399999999983e-02  9.2652599999999988e-02  8.7827799999999998e-02
  -4.0000000000000001e-03  1.0448120000000000e-01  1.1263479999999998e-01  1.1735359999999997e-01  1.1866599999999999e-01  1.1752839999999999e-01  1.1506339999999998e-01  1.1215360000000001e-01  1.0937920000000000e-01  1.0706940000000000e-01  1.0538059999999999e-01  1.0437979999999999e-01  1.0410440000000000e-01  1.0458980000000000e-01  1.0588259999999999e-01  1.0804720000000000e-01  1.1117439999999999e-01  1.1539219999999999e-01  1.2088039999999999e-01  1.2787759999999998e-01  1.3665759999999999e-01  1.4748099999999997e-01  1.6057279999999999e-01  1.7613679999999998e-01  1.9436059999999997e-01  2.1538140000000000e-01  2.3915860000000000e-01  2.6517559999999996e-01  2.9196479999999997e-01  3.1659619999999999e-01  3.3460059999999997e-01  3.4130159999999993e-01  3.3460059999999997e-01  3.1659619999999999e-01  2.9196479999999997e-01  2.6517559999999996e-01  2.3915860000000000e-01  2.1538140000000000e-01  1.9436059999999997e-01  1.7613679999999998e-01  1.6057279999999999e-01  1.4748119999999998e-01  1.3665759999999999e-01  1.2787759999999998e-01  1.2088039999999999e-01  1.1539219999999999e-01  1.1117459999999998e-01  1.0804720000000000e-01  1.0588259999999999e-01  1.0458980000000000e-01  1.0410440000000000e-01  1.0437979999999999e-01  1.0538059999999999e-01  1.0706940000000000e-01  1.0937920000000000e-01  1.1215360000000001e-01  1.1506339999999998e-01  1.1752839999999999e-01  1.1866599999999999e-01  1.1735359999999997e-01  1.1263479999999998e-01  1.0448120000000000e-01
  -4.4999999999999997e-03  1.2472559999999998e-01  1.3734040000000000e-01  1.4515299999999998e-01  1.4810199999999998e-01  1.4765859999999997e-01  1.4541799999999999e-01  1.4253839999999998e-01  1.3974219999999998e-01  1.3741499999999998e-01  1.3571040000000001e-01  1.3467640000000000e-01  1.3433899999999999e-01  1.3472980000000001e-01  1.3589379999999998e-01  1.3789260000000000e-01  1.4081399999999999e-01  1.4478579999999999e-01  1.5000279999999999e-01  1.5674659999999999e-01  1.6534519999999997e-01  1.7607839999999997e-01  1.8916179999999999e-01  2.0481300000000000e-01  2.2329779999999999e-01  2.4492939999999999e-01  2.6996579999999998e-01  2.9824739999999994e-01  3.2853559999999998e-01  3.5765179999999996e-01  3.7985959999999996e-01  3.8835119999999995e-01  3.7985959999999996e-01  3.5765179999999996e-01  3.2853559999999998e-01  2.9824739999999994e-01  2.6996579999999998e-01  2.4492939999999999e-01  2.2329779999999999e-01  2.0481300000000000e-01  1.8916179999999999e-01  1.7607839999999997e-01  1.6534519999999997e-01  1.5674659999999999e-01  1.5000279999999999e-01  1.4478579999999999e-01  1.4081399999999999e-01  1.3789279999999998e-01  1.3589379999999998e-01  1.3472980000000001e-01  1.3433899999999999e-01  1.3467640000000000e-01  1.3571040000000001e-01  1.3741499999999998e-01  1.3974219999999998e-01  1.4253839999999998e-01  1.4541799999999999e-01  1.4765859999999997e-01  1.4810199999999998e-01  1.4515319999999998e-01  1.3734040000000000e-01  1.2472579999999998e-01
  -5.0000000000000001e-03  1.4928520000000001e-01  1.6802280000000000e-01  1.7959559999999999e-01  1.8403319999999998e-01  1.8387560000000000e-01  1.8146199999999998e-01  1.7829699999999998e-01  1.7526499999999998e-01  1.7279979999999998e-01  1.7101299999999997e-01  1.6990079999999999e-01  1.6946579999999997e-01  1.6973219999999997e-01  1.7074039999999999e-01  1.7254639999999999e-01  1.7522919999999997e-01  1.7891060000000000e-01  1.8380019999999997e-01  1.9024980000000000e-01  1.9868719999999998e-01  2.0941179999999998e-01  2.2259440000000000e-01  2.3845159999999999e-01  2.5733779999999995e-01  2.7979539999999997e-01  3.0652279999999998e-01  3.3792419999999995e-01  3.7321919999999997e-01  4.0913379999999999e-01  4.3814700000000001e-01  4.4966699999999998e-01  4.3814700000000001e-01  4.0913379999999999e-01  3.7321919999999997e-01  3.3792419999999995e-01  3.0652279999999998e-01  2.7979539999999997e-01  2.5733779999999995e-01  2.3845159999999999e-01  2.2259440000000000e-01  2.0941200000000001e-01  1.9868719999999998e-01  1.9024980000000000e-01  1.8380019999999997e-01  1.7891060000000000e-01  1.7522919999999997e-01  1.7254639999999999e-01  1.7074039999999999e-01  1.6973219999999997e-01  1.6946579999999997e-01  1.6990099999999997e-01  1.7101299999999997e-01  1.7279979999999998e-01  1.7526499999999998e-01  1.7829699999999998e-01  1.8146199999999998e-01  1.8387560000000000e-01  1.8403319999999998e-01  1.7959559999999999e-01  1.6802280000000000e-01  1.4928520000000001e-01
