# Auto-generated from U20_3m_finemesh_5th.sdds
#
# Undulator Length [m]
3
# Number of Horizontal Points
61
# Number of Vertical Points
41
# Horizontal 2nd Order Kick [T2m2]
START
              -3.000000e-02 -2.900000e-02 -2.800000e-02 -2.700000e-02 -2.600000e-02 -2.500000e-02 -2.400000e-02 -2.300000e-02 -2.200000e-02 -2.100000e-02 -2.000000e-02 -1.900000e-02 -1.800000e-02 -1.700000e-02 -1.600000e-02 -1.500000e-02 -1.400000e-02 -1.300000e-02 -1.200000e-02 -1.100000e-02 -1.000000e-02 -9.000000e-03 -8.000000e-03 -7.000000e-03 -6.000000e-03 -5.000000e-03 -4.000000e-03 -3.000000e-03 -2.000000e-03 -1.000000e-03  0.000000e+00  1.000000e-03  2.000000e-03  3.000000e-03  4.000000e-03  5.000000e-03  6.000000e-03  7.000000e-03  8.000000e-03  9.000000e-03  1.000000e-02  1.100000e-02  1.200000e-02  1.300000e-02  1.400000e-02  1.500000e-02  1.600000e-02  1.700000e-02  1.800000e-02  1.900000e-02  2.000000e-02  2.100000e-02  2.200000e-02  2.300000e-02  2.400000e-02  2.500000e-02  2.600000e-02  2.700000e-02  2.800000e-02  2.900000e-02  3.000000e-02
 2.450000e-03 -6.741430e-06 -1.198990e-05 -2.089110e-05 -3.549520e-05 -5.852960e-05 -9.322680e-05 -1.426770e-04 -2.083150e-04 -2.866420e-04 -3.542200e-04 -3.435900e-04 -2.342610e-04 -1.213200e-04 -5.592250e-05 -2.563720e-05 -1.238420e-05 -6.404660e-06 -3.563350e-06 -2.142970e-06 -1.404200e-06 -1.006020e-06 -7.790150e-07 -6.521850e-07 -5.774740e-07 -5.176180e-07 -4.689400e-07 -4.258760e-07 -3.790670e-07 -2.852610e-07 -1.689590e-07  0.000000e+00  1.689590e-07  2.852610e-07  3.790670e-07  4.258760e-07  4.689400e-07  5.157430e-07  5.774740e-07  6.521850e-07  7.790150e-07  1.004140e-06  1.404200e-06  2.142970e-06  3.563350e-06  6.404660e-06  1.238420e-05  2.563720e-05  5.592250e-05  1.213200e-04  2.342610e-04  3.435900e-04  3.542200e-04  2.866420e-04  2.083160e-04  1.426770e-04  9.322680e-05  5.852960e-05  3.549520e-05  2.089110e-05  1.198990e-05  6.741430e-06
 2.327500e-03 -6.460280e-06 -1.147270e-05 -1.995630e-05 -3.384420e-05 -5.569360e-05 -8.850000e-05 -1.350410e-04 -1.963540e-04 -2.683090e-04 -3.284030e-04 -3.194300e-04 -2.248250e-04 -1.224790e-04 -5.946090e-05 -2.846140e-05 -1.414120e-05 -7.401420e-06 -4.100880e-06 -2.424200e-06 -1.544160e-06 -1.067760e-06 -8.041390e-07 -6.510820e-07 -5.635290e-07 -5.014520e-07 -4.521230e-07 -4.064300e-07 -3.552410e-07 -2.692070e-07 -1.575310e-07  0.000000e+00  1.575290e-07  2.692070e-07  3.552420e-07  4.064300e-07  4.521230e-07  5.014520e-07  5.635290e-07  6.510820e-07  8.041390e-07  1.067760e-06  1.544160e-06  2.424200e-06  4.100880e-06  7.401420e-06  1.414120e-05  2.846140e-05  5.946090e-05  1.224790e-04  2.248250e-04  3.194300e-04  3.284030e-04  2.683090e-04  1.963540e-04  1.350410e-04  8.850000e-05  5.569360e-05  3.384420e-05  1.995630e-05  1.147270e-05  6.460280e-06
 2.205000e-03 -6.196180e-06 -1.098830e-05 -1.908350e-05 -3.230770e-05 -5.306310e-05 -8.413070e-05 -1.280080e-04 -1.853870e-04 -2.516700e-04 -3.054870e-04 -2.980460e-04 -2.157550e-04 -1.228510e-04 -6.234700e-05 -3.092940e-05 -1.572000e-05 -8.309540e-06 -4.596740e-06 -2.682320e-06 -1.674480e-06 -1.126950e-06 -8.229820e-07 -6.520310e-07 -5.539940e-07 -4.862090e-07 -4.344530e-07 -3.862450e-07 -3.344440e-07 -2.522040e-07 -1.431190e-07  0.000000e+00  1.431190e-07  2.522040e-07  3.344440e-07  3.862450e-07  4.344530e-07  4.862080e-07  5.539940e-07  6.520310e-07  8.229820e-07  1.126950e-06  1.674480e-06  2.682320e-06  4.596740e-06  8.309540e-06  1.572000e-05  3.092940e-05  6.234700e-05  1.228510e-04  2.157550e-04  2.980460e-04  3.054880e-04  2.516700e-04  1.853870e-04  1.280080e-04  8.413070e-05  5.306310e-05  3.230770e-05  1.908350e-05  1.098830e-05  6.196180e-06
 2.082500e-03 -5.948760e-06 -1.053580e-05 -1.827050e-05 -3.088110e-05 -5.062830e-05 -8.009950e-05 -1.215440e-04 -1.753520e-04 -2.365990e-04 -2.851350e-04 -2.790890e-04 -2.071380e-04 -1.226140e-04 -6.467240e-05 -3.307060e-05 -1.713400e-05 -9.136790e-06 -5.052980e-06 -2.924650e-06 -1.794350e-06 -1.182180e-06 -8.448050e-07 -6.566940e-07 -5.451150e-07 -4.736010e-07 -4.160040e-07 -3.671200e-07 -3.164730e-07 -2.378200e-07 -1.329170e-07  0.000000e+00  1.329170e-07  2.378200e-07  3.164730e-07  3.671200e-07  4.160040e-07  4.736000e-07  5.451150e-07  6.566940e-07  8.448050e-07  1.182180e-06  1.794350e-06  2.924650e-06  5.052980e-06  9.136790e-06  1.713400e-05  3.307230e-05  6.467240e-05  1.226140e-04  2.071380e-04  2.790890e-04  2.851350e-04  2.365990e-04  1.753520e-04  1.215440e-04  8.009950e-05  5.062830e-05  3.088110e-05  1.827050e-05  1.053580e-05  5.948760e-06
 1.960000e-03 -5.717640e-06 -1.011410e-05 -1.751530e-05 -2.955980e-05 -4.838020e-05 -7.638980e-05 -1.156160e-04 -1.661910e-04 -2.229740e-04 -2.670550e-04 -2.622670e-04 -1.990290e-04 -1.219270e-04 -6.651870e-05 -3.492540e-05 -1.839920e-05 -9.890380e-06 -5.471550e-06 -3.146000e-06 -1.903090e-06 -1.232180e-06 -8.643870e-07 -6.563500e-07 -5.368920e-07 -4.583470e-07 -4.036920e-07 -3.558500e-07 -2.994360e-07 -2.258860e-07 -1.249360e-07  0.000000e+00  1.249360e-07  2.258860e-07  2.994360e-07  3.558500e-07  4.036920e-07  4.583470e-07  5.368920e-07  6.563500e-07  8.643870e-07  1.232180e-06  1.903090e-06  3.146000e-06  5.471550e-06  9.890380e-06  1.839920e-05  3.492540e-05  6.651870e-05  1.219250e-04  1.990290e-04  2.622670e-04  2.670550e-04  2.229740e-04  1.661910e-04  1.156160e-04  7.638980e-05  4.838020e-05  2.955980e-05  1.751530e-05  1.011410e-05  5.717640e-06
 1.837500e-03 -5.502480e-06 -9.722520e-06 -1.681580e-05 -2.833960e-05 -4.631030e-05 -7.298460e-05 -1.101940e-04 -1.578500e-04 -2.106840e-04 -2.509970e-04 -2.473300e-04 -1.914570e-04 -1.209060e-04 -6.796200e-05 -3.651930e-05 -1.952180e-05 -1.056700e-05 -5.852650e-06 -3.346660e-06 -2.006770e-06 -1.279160e-06 -8.803120e-07 -6.580740e-07 -5.293170e-07 -4.473420e-07 -3.887700e-07 -3.385470e-07 -2.849540e-07 -2.145770e-07 -1.156810e-07  0.000000e+00  1.156810e-07  2.145770e-07  2.849540e-07  3.385470e-07  3.887700e-07  4.473420e-07  5.293170e-07  6.580740e-07  8.803120e-07  1.279160e-06  2.006770e-06  3.346660e-06  5.852650e-06  1.056700e-05  1.952180e-05  3.651930e-05  6.796200e-05  1.209060e-04  1.914580e-04  2.473300e-04  2.509970e-04  2.106840e-04  1.578500e-04  1.101940e-04  7.298460e-05  4.631030e-05  2.833960e-05  1.681580e-05  9.722520e-06  5.502480e-06
 1.715000e-03 -5.302900e-06 -9.360190e-06 -1.617020e-05 -2.721650e-05 -4.441040e-05 -6.986840e-05 -1.052490e-04 -1.502780e-04 -1.996250e-04 -2.367450e-04 -2.340740e-04 -1.844420e-04 -1.196620e-04 -6.906990e-05 -3.788190e-05 -2.051580e-05 -1.118170e-05 -6.196490e-06 -3.533460e-06 -2.099500e-06 -1.321850e-06 -8.961950e-07 -6.601690e-07 -5.240350e-07 -4.370660e-07 -3.779800e-07 -3.287240e-07 -2.728750e-07 -2.022120e-07 -1.118010e-07  0.000000e+00  1.118010e-07  2.022120e-07  2.728750e-07  3.287240e-07  3.779800e-07  4.370650e-07  5.240350e-07  6.601690e-07  8.961950e-07  1.321850e-06  2.099500e-06  3.533460e-06  6.196490e-06  1.118170e-05  2.051580e-05  3.788190e-05  6.906990e-05  1.196620e-04  1.844420e-04  2.340740e-04  2.367450e-04  1.996250e-04  1.502780e-04  1.052490e-04  6.986830e-05  4.441040e-05  2.721650e-05  1.617020e-05  9.360180e-06  5.302900e-06
 1.592500e-03 -5.118600e-06 -9.026280e-06 -1.557680e-05 -2.618680e-05 -4.267320e-05 -6.702710e-05 -1.007560e-04 -1.434270e-04 -1.897030e-04 -2.241110e-04 -2.223170e-04 -1.779850e-04 -1.182750e-04 -6.989770e-05 -3.903870e-05 -2.139240e-05 -1.172740e-05 -6.509690e-06 -3.699870e-06 -2.183920e-06 -1.362340e-06 -9.121600e-07 -6.610690e-07 -5.177290e-07 -4.275000e-07 -3.662600e-07 -3.146710e-07 -2.598380e-07 -1.936860e-07 -1.033060e-07  0.000000e+00  1.033060e-07  1.936860e-07  2.598380e-07  3.146710e-07  3.662600e-07  4.275000e-07  5.177290e-07  6.610690e-07  9.121600e-07  1.362340e-06  2.183920e-06  3.699870e-06  6.509690e-06  1.172740e-05  2.139240e-05  3.903870e-05  6.989770e-05  1.182750e-04  1.779850e-04  2.223170e-04  2.241120e-04  1.897030e-04  1.434270e-04  1.007560e-04  6.702700e-05  4.267320e-05  2.618680e-05  1.557680e-05  9.026280e-06  5.118600e-06
 1.470000e-03 -4.949230e-06 -8.720140e-06 -1.503400e-05 -2.524700e-05 -4.109170e-05 -6.444790e-05 -9.668830e-05 -1.372530e-04 -1.808330e-04 -2.129370e-04 -2.119140e-04 -1.720790e-04 -1.168130e-04 -7.049740e-05 -4.002090e-05 -2.216010e-05 -1.221650e-05 -6.790500e-06 -3.852460e-06 -2.260860e-06 -1.397790e-06 -9.251550e-07 -6.624850e-07 -5.104880e-07 -4.202110e-07 -3.568430e-07 -3.061320e-07 -2.490580e-07 -1.840340e-07 -9.836920e-08  0.000000e+00  9.836920e-08  1.840340e-07  2.490580e-07  3.061320e-07  3.568430e-07  4.202110e-07  5.104880e-07  6.624850e-07  9.251550e-07  1.397790e-06  2.260860e-06  3.852460e-06  6.790500e-06  1.221650e-05  2.216010e-05  4.002090e-05  7.049740e-05  1.168130e-04  1.720790e-04  2.119140e-04  2.129370e-04  1.808330e-04  1.372530e-04  9.668830e-05  6.444790e-05  4.109170e-05  2.524700e-05  1.503400e-05  8.720140e-06  4.949230e-06
 1.347500e-03 -4.794540e-06 -8.441010e-06 -1.454010e-05 -2.439410e-05 -3.965970e-05 -6.211810e-05 -9.302600e-05 -1.317170e-04 -1.729350e-04 -2.030810e-04 -2.027280e-04 -1.667190e-04 -1.153320e-04 -7.091370e-05 -4.084290e-05 -2.282840e-05 -1.264800e-05 -7.041880e-06 -3.989560e-06 -2.332680e-06 -1.430240e-06 -9.354530e-07 -6.660220e-07 -5.086310e-07 -4.119830e-07 -3.480560e-07 -2.950290e-07 -2.404200e-07 -1.764280e-07 -9.368420e-08  0.000000e+00  9.368420e-08  1.764280e-07  2.404200e-07  2.950280e-07  3.480560e-07  4.119830e-07  5.086310e-07  6.660220e-07  9.354530e-07  1.430240e-06  2.332680e-06  3.989560e-06  7.041880e-06  1.264950e-05  2.282840e-05  4.084290e-05  7.091370e-05  1.153320e-04  1.667190e-04  2.027280e-04  2.030810e-04  1.729350e-04  1.317170e-04  9.302600e-05  6.211810e-05  3.965970e-05  2.439410e-05  1.454010e-05  8.441010e-06  4.794540e-06
 1.225000e-03 -4.654240e-06 -8.188310e-06 -1.409380e-05 -2.362490e-05 -3.837140e-05 -6.002710e-05 -8.974810e-05 -1.267810e-04 -1.659420e-04 -1.944230e-04 -1.946540e-04 -1.618880e-04 -1.138760e-04 -7.118440e-05 -4.153140e-05 -2.341030e-05 -1.303140e-05 -7.266540e-06 -4.111110e-06 -2.392350e-06 -1.460050e-06 -9.463660e-07 -6.655000e-07 -5.027260e-07 -4.074880e-07 -3.398840e-07 -2.876310e-07 -2.338210e-07 -1.707660e-07 -8.923390e-08  0.000000e+00  8.923390e-08  1.707660e-07  2.338210e-07  2.876310e-07  3.398840e-07  4.074880e-07  5.027250e-07  6.655000e-07  9.463660e-07  1.460050e-06  2.392350e-06  4.111110e-06  7.266540e-06  1.303140e-05  2.341030e-05  4.153140e-05  7.118440e-05  1.138760e-04  1.618880e-04  1.946540e-04  1.944230e-04  1.659410e-04  1.267810e-04  8.974810e-05  6.002710e-05  3.837140e-05  2.362490e-05  1.409380e-05  8.188310e-06  4.654240e-06
 1.102500e-03 -4.528060e-06 -7.961450e-06 -1.369390e-05 -2.293710e-05 -3.722140e-05 -5.816500e-05 -8.683690e-05 -1.224130e-04 -1.597890e-04 -1.868620e-04 -1.875940e-04 -1.575760e-04 -1.124810e-04 -7.134270e-05 -4.209900e-05 -2.391160e-05 -1.336200e-05 -7.462420e-06 -4.218510e-06 -2.449870e-06 -1.484530e-06 -9.564670e-07 -6.641870e-07 -5.005520e-07 -3.990020e-07 -3.323010e-07 -2.807470e-07 -2.246210e-07 -1.624090e-07 -8.500370e-08  0.000000e+00  8.500370e-08  1.624090e-07  2.246210e-07  2.807470e-07  3.323010e-07  3.990020e-07  5.005520e-07  6.641870e-07  9.564670e-07  1.484530e-06  2.449870e-06  4.218510e-06  7.462420e-06  1.336200e-05  2.391160e-05  4.209900e-05  7.134270e-05  1.124810e-04  1.575760e-04  1.875940e-04  1.868620e-04  1.597890e-04  1.224130e-04  8.683670e-05  5.816500e-05  3.722140e-05  2.293710e-05  1.369390e-05  7.961450e-06  4.528060e-06
 9.800000e-04 -4.415800e-06 -7.759890e-06 -1.333920e-05 -2.232810e-05 -3.620510e-05 -5.652260e-05 -8.427490e-05 -1.185820e-04 -1.544230e-04 -1.803090e-04 -1.814690e-04 -1.537650e-04 -1.111750e-04 -7.141900e-05 -4.256720e-05 -2.433900e-05 -1.365310e-05 -7.634870e-06 -4.313010e-06 -2.496740e-06 -1.507070e-06 -9.644040e-07 -6.666580e-07 -4.960060e-07 -3.956830e-07 -3.267880e-07 -2.743560e-07 -2.189080e-07 -1.559470e-07 -8.397560e-08  0.000000e+00  8.397560e-08  1.559470e-07  2.189080e-07  2.743560e-07  3.267880e-07  3.956830e-07  4.960060e-07  6.666580e-07  9.644040e-07  1.507070e-06  2.496740e-06  4.313010e-06  7.634870e-06  1.365310e-05  2.433900e-05  4.256720e-05  7.141900e-05  1.111750e-04  1.537650e-04  1.814690e-04  1.803090e-04  1.544230e-04  1.185820e-04  8.427490e-05  5.652260e-05  3.620510e-05  2.232810e-05  1.333920e-05  7.759890e-06  4.415800e-06
 8.575000e-04 -4.317260e-06 -7.583170e-06 -1.302870e-05 -2.179560e-05 -3.531830e-05 -5.509200e-05 -8.204860e-05 -1.152630e-04 -1.497960e-04 -1.746870e-04 -1.762110e-04 -1.504440e-04 -1.099810e-04 -7.143450e-05 -4.295050e-05 -2.469970e-05 -1.390050e-05 -7.782940e-06 -4.394260e-06 -2.538140e-06 -1.527950e-06 -9.733190e-07 -6.669110e-07 -4.936420e-07 -3.899480e-07 -3.217920e-07 -2.684400e-07 -2.135880e-07 -1.527870e-07 -8.158940e-08  0.000000e+00  8.158940e-08  1.527870e-07  2.135880e-07  2.684410e-07  3.217920e-07  3.899480e-07  4.936420e-07  6.669110e-07  9.733190e-07  1.527950e-06  2.538140e-06  4.394260e-06  7.782940e-06  1.390050e-05  2.469970e-05  4.294980e-05  7.143450e-05  1.099810e-04  1.504440e-04  1.762110e-04  1.746870e-04  1.497960e-04  1.152630e-04  8.204860e-05  5.509200e-05  3.531830e-05  2.179560e-05  1.302870e-05  7.583170e-06  4.317260e-06
 7.350000e-04 -4.232220e-06 -7.430870e-06 -1.276140e-05 -2.133800e-05 -3.455710e-05 -5.386620e-05 -8.014450e-05 -1.124320e-04 -1.458670e-04 -1.699350e-04 -1.717630e-04 -1.475950e-04 -1.089170e-04 -7.141190e-05 -4.325590e-05 -2.499900e-05 -1.410920e-05 -7.908500e-06 -4.464730e-06 -2.574560e-06 -1.543000e-06 -9.788800e-07 -6.665310e-07 -4.904810e-07 -3.877580e-07 -3.158350e-07 -2.615140e-07 -2.086450e-07 -1.498830e-07 -7.935390e-08  0.000000e+00  7.935390e-08  1.498830e-07  2.086450e-07  2.615140e-07  3.158350e-07  3.877580e-07  4.904810e-07  6.665310e-07  9.788800e-07  1.543000e-06  2.574560e-06  4.463260e-06  7.908500e-06  1.410920e-05  2.499900e-05  4.325590e-05  7.141190e-05  1.089170e-04  1.475950e-04  1.717630e-04  1.699340e-04  1.458670e-04  1.124320e-04  8.014450e-05  5.386620e-05  3.455710e-05  2.133800e-05  1.276140e-05  7.430870e-06  4.232220e-06
 6.125000e-04 -4.160540e-06 -7.302610e-06 -1.253660e-05 -2.095360e-05 -3.391860e-05 -5.283910e-05 -7.855180e-05 -1.100700e-04 -1.425990e-04 -1.659990e-04 -1.680730e-04 -1.452060e-04 -1.079970e-04 -7.136610e-05 -4.349760e-05 -2.524520e-05 -1.428170e-05 -8.013150e-06 -4.520920e-06 -2.605010e-06 -1.556910e-06 -9.856310e-07 -6.684920e-07 -4.880200e-07 -3.832020e-07 -3.133110e-07 -2.594240e-07 -2.040620e-07 -1.457700e-07 -7.580480e-08  0.000000e+00  7.580480e-08  1.457700e-07  2.040620e-07  2.594240e-07  3.133110e-07  3.832020e-07  4.880200e-07  6.684920e-07  9.856310e-07  1.556910e-06  2.605010e-06  4.520920e-06  8.013150e-06  1.428170e-05  2.524520e-05  4.349760e-05  7.136610e-05  1.079970e-04  1.452060e-04  1.680730e-04  1.659990e-04  1.425990e-04  1.100700e-04  7.855180e-05  5.283910e-05  3.391860e-05  2.095360e-05  1.253660e-05  7.302610e-06  4.160540e-06
 4.900000e-04 -4.102080e-06 -7.198110e-06 -1.235350e-05 -2.064090e-05 -3.339960e-05 -5.200570e-05 -7.726120e-05 -1.081600e-04 -1.399650e-04 -1.628340e-04 -1.651070e-04 -1.432680e-04 -1.072330e-04 -7.131010e-05 -4.368370e-05 -2.544000e-05 -1.441960e-05 -8.096060e-06 -4.567980e-06 -2.629880e-06 -1.569110e-06 -9.900110e-07 -6.698890e-07 -4.884300e-07 -3.806840e-07 -3.105260e-07 -2.548230e-07 -2.012720e-07 -1.440870e-07 -7.530490e-08  0.000000e+00  7.530490e-08  1.440870e-07  2.012720e-07  2.548230e-07  3.105260e-07  3.806840e-07  4.884300e-07  6.698890e-07  9.900110e-07  1.569110e-06  2.629880e-06  4.567980e-06  8.096060e-06  1.441960e-05  2.544000e-05  4.368370e-05  7.131010e-05  1.072330e-04  1.432680e-04  1.651070e-04  1.628340e-04  1.399650e-04  1.081590e-04  7.726120e-05  5.200570e-05  3.339960e-05  2.064090e-05  1.235350e-05  7.198120e-06  4.102080e-06
 3.675000e-04 -4.056730e-06 -7.117100e-06 -1.221180e-05 -2.039890e-05 -3.299840e-05 -5.136180e-05 -7.626540e-05 -1.066880e-04 -1.379400e-04 -1.604080e-04 -1.628310e-04 -1.417700e-04 -1.066290e-04 -7.125850e-05 -4.382290e-05 -2.558680e-05 -1.452640e-05 -8.162660e-06 -4.605040e-06 -2.647350e-06 -1.577620e-06 -9.935680e-07 -6.693290e-07 -4.880820e-07 -3.787290e-07 -3.089310e-07 -2.542330e-07 -2.009570e-07 -1.419060e-07 -7.347770e-08  0.000000e+00  7.347770e-08  1.419060e-07  2.009570e-07  2.542330e-07  3.089310e-07  3.787290e-07  4.880820e-07  6.693290e-07  9.935680e-07  1.577620e-06  2.647350e-06  4.605040e-06  8.162660e-06  1.452640e-05  2.558680e-05  4.382290e-05  7.125850e-05  1.066290e-04  1.417700e-04  1.628310e-04  1.604080e-04  1.379400e-04  1.066880e-04  7.626540e-05  5.136180e-05  3.299840e-05  2.039890e-05  1.221180e-05  7.117100e-06  4.056730e-06
 2.450000e-04 -4.024390e-06 -7.059360e-06 -1.211080e-05 -2.022670e-05 -3.271300e-05 -5.090420e-05 -7.555810e-05 -1.056440e-04 -1.365070e-04 -1.586930e-04 -1.612210e-04 -1.407070e-04 -1.061940e-04 -7.121410e-05 -4.391860e-05 -2.569070e-05 -1.460110e-05 -8.205930e-06 -4.629020e-06 -2.659850e-06 -1.585440e-06 -9.956500e-07 -6.690180e-07 -4.855680e-07 -3.780510e-07 -3.063590e-07 -2.497080e-07 -1.980640e-07 -1.406650e-07 -7.392430e-08  0.000000e+00  7.392430e-08  1.406650e-07  1.980640e-07  2.497080e-07  3.063590e-07  3.780510e-07  4.855680e-07  6.690180e-07  9.956500e-07  1.585440e-06  2.659850e-06  4.629020e-06  8.205930e-06  1.460110e-05  2.569070e-05  4.391860e-05  7.121410e-05  1.061940e-04  1.407070e-04  1.612210e-04  1.586930e-04  1.365070e-04  1.056440e-04  7.555810e-05  5.090420e-05  3.271300e-05  2.022670e-05  1.211080e-05  7.059360e-06  4.024400e-06
 1.225000e-04 -4.005020e-06 -7.024790e-06 -1.205030e-05 -2.012360e-05 -3.254230e-05 -5.063060e-05 -7.513560e-05 -1.050200e-04 -1.356520e-04 -1.576720e-04 -1.602620e-04 -1.400700e-04 -1.059320e-04 -7.118540e-05 -4.397280e-05 -2.575190e-05 -1.464500e-05 -8.234360e-06 -4.645980e-06 -2.668280e-06 -1.587660e-06 -9.948780e-07 -6.689680e-07 -4.866390e-07 -3.757820e-07 -3.049640e-07 -2.505870e-07 -1.969090e-07 -1.410690e-07 -7.375990e-08  0.000000e+00  7.375990e-08  1.410690e-07  1.969090e-07  2.505870e-07  3.049640e-07  3.757820e-07  4.866390e-07  6.689680e-07  9.948780e-07  1.587660e-06  2.668280e-06  4.645980e-06  8.234360e-06  1.464500e-05  2.575190e-05  4.397280e-05  7.118540e-05  1.059320e-04  1.400690e-04  1.602620e-04  1.576720e-04  1.356520e-04  1.050200e-04  7.513560e-05  5.063060e-05  3.254230e-05  2.012360e-05  1.205030e-05  7.024790e-06  4.005020e-06
 0.000000e+00 -3.998580e-06 -7.013290e-06 -1.203020e-05 -2.008930e-05 -3.248540e-05 -5.053950e-05 -7.499470e-05 -1.048130e-04 -1.353680e-04 -1.573320e-04 -1.599430e-04 -1.398570e-04 -1.058450e-04 -7.117500e-05 -4.399070e-05 -2.577190e-05 -1.465930e-05 -8.242610e-06 -4.651850e-06 -2.670600e-06 -1.590060e-06 -9.970020e-07 -6.706180e-07 -4.855650e-07 -3.762190e-07 -3.047380e-07 -2.489710e-07 -1.981940e-07 -1.395340e-07 -7.370640e-08  0.000000e+00  7.370640e-08  1.395340e-07  1.981940e-07  2.489710e-07  3.047380e-07  3.762190e-07  4.855650e-07  6.706180e-07  9.970020e-07  1.590060e-06  2.670600e-06  4.651850e-06  8.242610e-06  1.465930e-05  2.577190e-05  4.399070e-05  7.117500e-05  1.058440e-04  1.398570e-04  1.599430e-04  1.573320e-04  1.353680e-04  1.048130e-04  7.499470e-05  5.053950e-05  3.248540e-05  2.008930e-05  1.203020e-05  7.013290e-06  3.998580e-06
-1.225000e-04 -4.005020e-06 -7.024790e-06 -1.205030e-05 -2.012360e-05 -3.254230e-05 -5.063060e-05 -7.513560e-05 -1.050200e-04 -1.356520e-04 -1.576720e-04 -1.602620e-04 -1.400690e-04 -1.059320e-04 -7.118540e-05 -4.397280e-05 -2.575190e-05 -1.464500e-05 -8.234360e-06 -4.645980e-06 -2.668280e-06 -1.587660e-06 -9.948780e-07 -6.689680e-07 -4.866390e-07 -3.757820e-07 -3.049640e-07 -2.505870e-07 -1.969090e-07 -1.410690e-07 -7.375990e-08  0.000000e+00  7.375990e-08  1.410690e-07  1.969090e-07  2.505870e-07  3.049640e-07  3.757820e-07  4.866390e-07  6.689680e-07  9.948780e-07  1.587660e-06  2.668280e-06  4.645980e-06  8.234360e-06  1.464500e-05  2.575190e-05  4.397280e-05  7.118540e-05  1.059320e-04  1.400690e-04  1.602620e-04  1.576720e-04  1.356520e-04  1.050200e-04  7.513560e-05  5.063060e-05  3.254230e-05  2.012360e-05  1.205030e-05  7.024790e-06  4.005020e-06
-2.450000e-04 -4.024390e-06 -7.059360e-06 -1.211080e-05 -2.022670e-05 -3.271300e-05 -5.090420e-05 -7.555810e-05 -1.056440e-04 -1.365070e-04 -1.586930e-04 -1.612210e-04 -1.407070e-04 -1.061940e-04 -7.121410e-05 -4.391860e-05 -2.569070e-05 -1.460110e-05 -8.205930e-06 -4.629020e-06 -2.659850e-06 -1.585440e-06 -9.956500e-07 -6.690180e-07 -4.855680e-07 -3.780510e-07 -3.063590e-07 -2.497080e-07 -1.980640e-07 -1.406650e-07 -7.392430e-08  0.000000e+00  7.392430e-08  1.406650e-07  1.980640e-07  2.497080e-07  3.063590e-07  3.780510e-07  4.855680e-07  6.690180e-07  9.956500e-07  1.585440e-06  2.659850e-06  4.629020e-06  8.205930e-06  1.460110e-05  2.569070e-05  4.391860e-05  7.121410e-05  1.061940e-04  1.407070e-04  1.612210e-04  1.586930e-04  1.365070e-04  1.056440e-04  7.555810e-05  5.090420e-05  3.271300e-05  2.022670e-05  1.211080e-05  7.059360e-06  4.024400e-06
-3.675000e-04 -4.056730e-06 -7.117100e-06 -1.221180e-05 -2.039890e-05 -3.299840e-05 -5.136180e-05 -7.626540e-05 -1.066880e-04 -1.379400e-04 -1.604080e-04 -1.628310e-04 -1.417700e-04 -1.066290e-04 -7.125850e-05 -4.382290e-05 -2.558680e-05 -1.452640e-05 -8.162660e-06 -4.605040e-06 -2.647350e-06 -1.577620e-06 -9.935680e-07 -6.693290e-07 -4.880820e-07 -3.787290e-07 -3.089310e-07 -2.542320e-07 -2.009570e-07 -1.419060e-07 -7.347770e-08  0.000000e+00  7.347770e-08  1.419060e-07  2.009570e-07  2.542320e-07  3.089310e-07  3.787290e-07  4.880820e-07  6.693290e-07  9.935680e-07  1.577620e-06  2.647350e-06  4.605040e-06  8.162660e-06  1.452640e-05  2.558680e-05  4.382290e-05  7.125850e-05  1.066290e-04  1.417700e-04  1.628310e-04  1.604080e-04  1.379400e-04  1.066880e-04  7.626540e-05  5.136180e-05  3.299840e-05  2.039890e-05  1.221180e-05  7.117100e-06  4.056730e-06
-4.900000e-04 -4.102080e-06 -7.198120e-06 -1.235350e-05 -2.064090e-05 -3.339960e-05 -5.200570e-05 -7.726120e-05 -1.081590e-04 -1.399650e-04 -1.628340e-04 -1.651070e-04 -1.432680e-04 -1.072330e-04 -7.131010e-05 -4.368370e-05 -2.544000e-05 -1.441960e-05 -8.096060e-06 -4.567980e-06 -2.629880e-06 -1.569110e-06 -9.900110e-07 -6.698890e-07 -4.884300e-07 -3.806840e-07 -3.105260e-07 -2.548230e-07 -2.012720e-07 -1.440870e-07 -7.530490e-08  0.000000e+00  7.530490e-08  1.440870e-07  2.012720e-07  2.548230e-07  3.105260e-07  3.806840e-07  4.884300e-07  6.698890e-07  9.900110e-07  1.569110e-06  2.629880e-06  4.567980e-06  8.096060e-06  1.441960e-05  2.544000e-05  4.368370e-05  7.131010e-05  1.072330e-04  1.432680e-04  1.651070e-04  1.628340e-04  1.399650e-04  1.081590e-04  7.726120e-05  5.200570e-05  3.339960e-05  2.064090e-05  1.235350e-05  7.198120e-06  4.102080e-06
-6.125000e-04 -4.160540e-06 -7.302610e-06 -1.253660e-05 -2.095360e-05 -3.391860e-05 -5.283910e-05 -7.855180e-05 -1.100700e-04 -1.425990e-04 -1.659990e-04 -1.680730e-04 -1.452060e-04 -1.079970e-04 -7.136610e-05 -4.349760e-05 -2.524520e-05 -1.428170e-05 -8.013150e-06 -4.520920e-06 -2.605010e-06 -1.556910e-06 -9.856310e-07 -6.684920e-07 -4.880200e-07 -3.832020e-07 -3.133110e-07 -2.594240e-07 -2.040620e-07 -1.457700e-07 -7.580480e-08  0.000000e+00  7.580480e-08  1.457700e-07  2.040620e-07  2.594240e-07  3.133110e-07  3.832020e-07  4.880200e-07  6.684920e-07  9.856310e-07  1.556910e-06  2.605010e-06  4.520920e-06  8.013150e-06  1.428170e-05  2.524520e-05  4.349760e-05  7.136610e-05  1.079970e-04  1.452060e-04  1.680730e-04  1.659990e-04  1.425990e-04  1.100700e-04  7.855180e-05  5.283910e-05  3.391860e-05  2.095360e-05  1.253660e-05  7.302610e-06  4.160540e-06
-7.350000e-04 -4.232220e-06 -7.430870e-06 -1.276140e-05 -2.133800e-05 -3.455710e-05 -5.386620e-05 -8.014450e-05 -1.124320e-04 -1.458670e-04 -1.699350e-04 -1.717630e-04 -1.475950e-04 -1.089170e-04 -7.141190e-05 -4.325590e-05 -2.499900e-05 -1.410920e-05 -7.907050e-06 -4.464730e-06 -2.574560e-06 -1.543000e-06 -9.788800e-07 -6.665310e-07 -4.904810e-07 -3.877580e-07 -3.158350e-07 -2.615140e-07 -2.086450e-07 -1.498830e-07 -7.935400e-08  0.000000e+00  7.935400e-08  1.498830e-07  2.086450e-07  2.615140e-07  3.158350e-07  3.877580e-07  4.904810e-07  6.665310e-07  9.788800e-07  1.543000e-06  2.574560e-06  4.464730e-06  7.908500e-06  1.410920e-05  2.499900e-05  4.325590e-05  7.141190e-05  1.089170e-04  1.475950e-04  1.717630e-04  1.699340e-04  1.458670e-04  1.124320e-04  8.014450e-05  5.386620e-05  3.455710e-05  2.133800e-05  1.276140e-05  7.430870e-06  4.232220e-06
-8.575000e-04 -4.317260e-06 -7.583170e-06 -1.302870e-05 -2.179560e-05 -3.531830e-05 -5.509200e-05 -8.204860e-05 -1.152630e-04 -1.497960e-04 -1.746870e-04 -1.762110e-04 -1.504440e-04 -1.099810e-04 -7.143450e-05 -4.294980e-05 -2.469970e-05 -1.390050e-05 -7.782940e-06 -4.394260e-06 -2.538140e-06 -1.527950e-06 -9.733190e-07 -6.669110e-07 -4.936420e-07 -3.899480e-07 -3.217920e-07 -2.684400e-07 -2.135870e-07 -1.527870e-07 -8.158940e-08  0.000000e+00  8.158940e-08  1.527870e-07  2.135880e-07  2.684400e-07  3.217920e-07  3.899480e-07  4.936420e-07  6.669110e-07  9.733190e-07  1.527950e-06  2.538140e-06  4.394260e-06  7.782940e-06  1.390050e-05  2.469970e-05  4.294980e-05  7.143450e-05  1.099810e-04  1.504440e-04  1.762110e-04  1.746870e-04  1.497960e-04  1.152630e-04  8.204860e-05  5.509200e-05  3.531830e-05  2.179560e-05  1.302870e-05  7.583170e-06  4.317260e-06
-9.800000e-04 -4.415800e-06 -7.759890e-06 -1.333920e-05 -2.232810e-05 -3.620510e-05 -5.652260e-05 -8.427490e-05 -1.185820e-04 -1.544230e-04 -1.803090e-04 -1.814690e-04 -1.537650e-04 -1.111750e-04 -7.141900e-05 -4.256720e-05 -2.433900e-05 -1.365310e-05 -7.634870e-06 -4.313010e-06 -2.496740e-06 -1.507070e-06 -9.644040e-07 -6.666580e-07 -4.960060e-07 -3.956820e-07 -3.267880e-07 -2.743560e-07 -2.189080e-07 -1.559470e-07 -8.397560e-08  0.000000e+00  8.397560e-08  1.559470e-07  2.189080e-07  2.743560e-07  3.267880e-07  3.956820e-07  4.960060e-07  6.666580e-07  9.644040e-07  1.507070e-06  2.496740e-06  4.313010e-06  7.634870e-06  1.365310e-05  2.433900e-05  4.256720e-05  7.141900e-05  1.111750e-04  1.537650e-04  1.814690e-04  1.803090e-04  1.544230e-04  1.185820e-04  8.427490e-05  5.652260e-05  3.620510e-05  2.232810e-05  1.333920e-05  7.759890e-06  4.415800e-06
-1.102500e-03 -4.528060e-06 -7.961450e-06 -1.369390e-05 -2.293710e-05 -3.722140e-05 -5.816500e-05 -8.683690e-05 -1.224130e-04 -1.597890e-04 -1.868620e-04 -1.875940e-04 -1.575760e-04 -1.124810e-04 -7.134270e-05 -4.209900e-05 -2.391160e-05 -1.336200e-05 -7.462420e-06 -4.218510e-06 -2.449870e-06 -1.484530e-06 -9.564660e-07 -6.641870e-07 -5.005520e-07 -3.990020e-07 -3.323010e-07 -2.807470e-07 -2.246210e-07 -1.624090e-07 -8.500370e-08  0.000000e+00  8.500370e-08  1.624090e-07  2.246210e-07  2.807470e-07  3.323010e-07  3.990020e-07  5.005520e-07  6.641870e-07  9.564670e-07  1.484530e-06  2.449870e-06  4.218510e-06  7.462420e-06  1.336200e-05  2.391160e-05  4.209900e-05  7.134270e-05  1.124810e-04  1.575760e-04  1.875940e-04  1.868620e-04  1.597890e-04  1.224130e-04  8.683670e-05  5.816500e-05  3.722140e-05  2.293710e-05  1.369390e-05  7.961450e-06  4.528060e-06
-1.225000e-03 -4.654240e-06 -8.188310e-06 -1.409380e-05 -2.362490e-05 -3.837140e-05 -6.002710e-05 -8.974810e-05 -1.267810e-04 -1.659410e-04 -1.944230e-04 -1.946540e-04 -1.618880e-04 -1.138760e-04 -7.118440e-05 -4.153140e-05 -2.341030e-05 -1.303140e-05 -7.266540e-06 -4.111110e-06 -2.392350e-06 -1.460050e-06 -9.463660e-07 -6.655010e-07 -5.027260e-07 -4.074880e-07 -3.398840e-07 -2.876310e-07 -2.338210e-07 -1.707660e-07 -8.923410e-08  0.000000e+00  8.923410e-08  1.707660e-07  2.338210e-07  2.876310e-07  3.398840e-07  4.074880e-07  5.027260e-07  6.655000e-07  9.463660e-07  1.460050e-06  2.392350e-06  4.111110e-06  7.266540e-06  1.303140e-05  2.341030e-05  4.153140e-05  7.118440e-05  1.138760e-04  1.618880e-04  1.946540e-04  1.944230e-04  1.659410e-04  1.267810e-04  8.974810e-05  6.002710e-05  3.837140e-05  2.362490e-05  1.409380e-05  8.188310e-06  4.654240e-06
-1.347500e-03 -4.794540e-06 -8.441010e-06 -1.454010e-05 -2.439410e-05 -3.965970e-05 -6.211810e-05 -9.302600e-05 -1.317170e-04 -1.729350e-04 -2.030810e-04 -2.027280e-04 -1.667190e-04 -1.153320e-04 -7.091370e-05 -4.084290e-05 -2.282840e-05 -1.264950e-05 -7.041880e-06 -3.989560e-06 -2.332680e-06 -1.430240e-06 -9.354530e-07 -6.660220e-07 -5.086310e-07 -4.119830e-07 -3.480560e-07 -2.950290e-07 -2.404200e-07 -1.764280e-07 -9.368420e-08  0.000000e+00  9.368420e-08  1.764280e-07  2.404200e-07  2.950290e-07  3.480560e-07  4.119830e-07  5.086310e-07  6.660220e-07  9.354530e-07  1.430240e-06  2.332680e-06  3.989560e-06  7.041880e-06  1.264950e-05  2.282840e-05  4.084290e-05  7.091370e-05  1.153320e-04  1.667190e-04  2.027280e-04  2.030810e-04  1.729350e-04  1.317170e-04  9.302600e-05  6.211810e-05  3.965970e-05  2.439410e-05  1.454010e-05  8.441010e-06  4.794540e-06
-1.470000e-03 -4.949230e-06 -8.720140e-06 -1.503400e-05 -2.524700e-05 -4.109170e-05 -6.444790e-05 -9.668830e-05 -1.372530e-04 -1.808330e-04 -2.129370e-04 -2.119140e-04 -1.720790e-04 -1.168130e-04 -7.049740e-05 -4.002090e-05 -2.216010e-05 -1.221650e-05 -6.790500e-06 -3.852460e-06 -2.260860e-06 -1.397790e-06 -9.251550e-07 -6.624850e-07 -5.104880e-07 -4.202110e-07 -3.568430e-07 -3.061320e-07 -2.490580e-07 -1.840340e-07 -9.836930e-08  0.000000e+00  9.836930e-08  1.840340e-07  2.490580e-07  3.061320e-07  3.568430e-07  4.202110e-07  5.104880e-07  6.624850e-07  9.251550e-07  1.397790e-06  2.260860e-06  3.852460e-06  6.790500e-06  1.221650e-05  2.216010e-05  4.002090e-05  7.049740e-05  1.168130e-04  1.720790e-04  2.119140e-04  2.129370e-04  1.808330e-04  1.372530e-04  9.668830e-05  6.444790e-05  4.109170e-05  2.524700e-05  1.503400e-05  8.720140e-06  4.949230e-06
-1.592500e-03 -5.118600e-06 -9.026280e-06 -1.557680e-05 -2.618680e-05 -4.267320e-05 -6.702710e-05 -1.007560e-04 -1.434270e-04 -1.897030e-04 -2.241110e-04 -2.223170e-04 -1.779850e-04 -1.182750e-04 -6.989770e-05 -3.903870e-05 -2.139240e-05 -1.172740e-05 -6.509690e-06 -3.699870e-06 -2.183920e-06 -1.362340e-06 -9.121600e-07 -6.610690e-07 -5.177290e-07 -4.275010e-07 -3.678730e-07 -3.146710e-07 -2.598380e-07 -1.936860e-07 -1.033060e-07  0.000000e+00  1.033060e-07  1.936860e-07  2.598380e-07  3.146710e-07  3.662600e-07  4.275010e-07  5.177290e-07  6.610690e-07  9.121600e-07  1.362340e-06  2.183920e-06  3.699870e-06  6.509690e-06  1.172740e-05  2.139240e-05  3.903870e-05  6.989770e-05  1.182750e-04  1.779850e-04  2.223170e-04  2.241120e-04  1.897030e-04  1.434270e-04  1.007560e-04  6.702710e-05  4.267320e-05  2.618680e-05  1.557680e-05  9.026280e-06  5.118600e-06
-1.715000e-03 -5.302900e-06 -9.360190e-06 -1.617020e-05 -2.721650e-05 -4.441040e-05 -6.986830e-05 -1.052490e-04 -1.502780e-04 -1.996250e-04 -2.367450e-04 -2.340740e-04 -1.844420e-04 -1.196620e-04 -6.906990e-05 -3.788190e-05 -2.051580e-05 -1.118170e-05 -6.196490e-06 -3.533460e-06 -2.099500e-06 -1.321850e-06 -8.961950e-07 -6.601690e-07 -5.240350e-07 -4.370660e-07 -3.779800e-07 -3.287240e-07 -2.728750e-07 -2.022120e-07 -1.118010e-07  0.000000e+00  1.118010e-07  2.022120e-07  2.728750e-07  3.287240e-07  3.779800e-07  4.370650e-07  5.240350e-07  6.601690e-07  8.961950e-07  1.321850e-06  2.099500e-06  3.533460e-06  6.196490e-06  1.118170e-05  2.051580e-05  3.788190e-05  6.906990e-05  1.196620e-04  1.844420e-04  2.340740e-04  2.367450e-04  1.996250e-04  1.502780e-04  1.052490e-04  6.986830e-05  4.441040e-05  2.721650e-05  1.617020e-05  9.360190e-06  5.302900e-06
-1.837500e-03 -5.502480e-06 -9.722520e-06 -1.681580e-05 -2.833960e-05 -4.631030e-05 -7.298460e-05 -1.101940e-04 -1.578500e-04 -2.106840e-04 -2.509970e-04 -2.473300e-04 -1.914580e-04 -1.209060e-04 -6.796200e-05 -3.651930e-05 -1.952180e-05 -1.056700e-05 -5.852650e-06 -3.346660e-06 -2.006770e-06 -1.279160e-06 -8.803120e-07 -6.580740e-07 -5.293170e-07 -4.473420e-07 -3.887700e-07 -3.385480e-07 -2.849540e-07 -2.145770e-07 -1.156810e-07  0.000000e+00  1.156810e-07  2.145770e-07  2.849540e-07  3.385470e-07  3.887700e-07  4.473420e-07  5.293170e-07  6.580740e-07  8.803120e-07  1.279160e-06  2.006770e-06  3.346660e-06  5.852650e-06  1.056700e-05  1.952180e-05  3.651930e-05  6.796200e-05  1.209060e-04  1.914580e-04  2.473300e-04  2.509970e-04  2.106840e-04  1.578500e-04  1.101940e-04  7.298460e-05  4.631030e-05  2.833960e-05  1.681580e-05  9.722520e-06  5.502480e-06
-1.960000e-03 -5.717640e-06 -1.011410e-05 -1.751530e-05 -2.955980e-05 -4.838020e-05 -7.638980e-05 -1.156160e-04 -1.661910e-04 -2.229740e-04 -2.670550e-04 -2.622670e-04 -1.990290e-04 -1.219250e-04 -6.651870e-05 -3.492540e-05 -1.839920e-05 -9.890380e-06 -5.471550e-06 -3.146000e-06 -1.903090e-06 -1.232180e-06 -8.643870e-07 -6.563500e-07 -5.351820e-07 -4.583470e-07 -4.036920e-07 -3.558500e-07 -2.994360e-07 -2.258860e-07 -1.249350e-07  0.000000e+00  1.249350e-07  2.258860e-07  2.994360e-07  3.558500e-07  4.036920e-07  4.583470e-07  5.368920e-07  6.563500e-07  8.643870e-07  1.232180e-06  1.903090e-06  3.146000e-06  5.471550e-06  9.890380e-06  1.839920e-05  3.492540e-05  6.651870e-05  1.219250e-04  1.990290e-04  2.622670e-04  2.670550e-04  2.229740e-04  1.661910e-04  1.156160e-04  7.638980e-05  4.838020e-05  2.955980e-05  1.751530e-05  1.011410e-05  5.717640e-06
-2.082500e-03 -5.948760e-06 -1.053580e-05 -1.827050e-05 -3.088110e-05 -5.062820e-05 -8.009950e-05 -1.215440e-04 -1.753520e-04 -2.365990e-04 -2.851350e-04 -2.790890e-04 -2.071380e-04 -1.226140e-04 -6.467240e-05 -3.307060e-05 -1.713400e-05 -9.136790e-06 -5.052980e-06 -2.924650e-06 -1.794350e-06 -1.182180e-06 -8.448050e-07 -6.566950e-07 -5.451140e-07 -4.736010e-07 -4.160040e-07 -3.671200e-07 -3.164730e-07 -2.378200e-07 -1.329160e-07  0.000000e+00  1.329160e-07  2.378200e-07  3.164730e-07  3.671200e-07  4.160040e-07  4.736010e-07  5.451150e-07  6.566950e-07  8.448050e-07  1.182180e-06  1.794350e-06  2.924650e-06  5.052980e-06  9.136790e-06  1.713400e-05  3.307230e-05  6.467240e-05  1.226140e-04  2.071380e-04  2.790890e-04  2.851350e-04  2.365990e-04  1.753520e-04  1.215440e-04  8.009950e-05  5.062830e-05  3.088110e-05  1.827050e-05  1.053580e-05  5.948760e-06
-2.205000e-03 -6.196180e-06 -1.098830e-05 -1.908350e-05 -3.230770e-05 -5.306310e-05 -8.413070e-05 -1.280080e-04 -1.853870e-04 -2.516700e-04 -3.054880e-04 -2.980460e-04 -2.157550e-04 -1.228510e-04 -6.234700e-05 -3.092940e-05 -1.572000e-05 -8.309540e-06 -4.596740e-06 -2.682320e-06 -1.674480e-06 -1.126950e-06 -8.229830e-07 -6.520300e-07 -5.539940e-07 -4.862090e-07 -4.344530e-07 -3.862450e-07 -3.344450e-07 -2.522040e-07 -1.431180e-07  0.000000e+00  1.431180e-07  2.522040e-07  3.344450e-07  3.862450e-07  4.344530e-07  4.862090e-07  5.539940e-07  6.520310e-07  8.229820e-07  1.126950e-06  1.674480e-06  2.682320e-06  4.596740e-06  8.309540e-06  1.572000e-05  3.092940e-05  6.234700e-05  1.228510e-04  2.157550e-04  2.980460e-04  3.054880e-04  2.516700e-04  1.853870e-04  1.280080e-04  8.413070e-05  5.306310e-05  3.230770e-05  1.908350e-05  1.098830e-05  6.196180e-06
-2.327500e-03 -6.460280e-06 -1.147270e-05 -1.995630e-05 -3.384420e-05 -5.569360e-05 -8.850010e-05 -1.350410e-04 -1.963540e-04 -2.683090e-04 -3.284030e-04 -3.194300e-04 -2.248250e-04 -1.224790e-04 -5.946090e-05 -2.846140e-05 -1.414120e-05 -7.401420e-06 -4.100880e-06 -2.424200e-06 -1.544160e-06 -1.067760e-06 -8.041380e-07 -6.510800e-07 -5.598680e-07 -5.014520e-07 -4.521230e-07 -4.064300e-07 -3.552430e-07 -2.692070e-07 -1.575290e-07  0.000000e+00  1.575290e-07  2.692070e-07  3.552430e-07  4.064300e-07  4.521230e-07  5.014520e-07  5.635280e-07  6.510810e-07  8.041390e-07  1.067760e-06  1.544160e-06  2.424200e-06  4.100880e-06  7.401420e-06  1.414120e-05  2.845960e-05  5.946090e-05  1.224790e-04  2.248250e-04  3.194300e-04  3.284030e-04  2.683090e-04  1.963540e-04  1.350410e-04  8.850000e-05  5.569360e-05  3.384420e-05  1.995630e-05  1.147270e-05  6.460280e-06
-2.450000e-03 -6.741430e-06 -1.198990e-05 -2.089110e-05 -3.549520e-05 -5.852960e-05 -9.322690e-05 -1.426770e-04 -2.083160e-04 -2.866420e-04 -3.542200e-04 -3.435900e-04 -2.342610e-04 -1.213200e-04 -5.592250e-05 -2.563720e-05 -1.238420e-05 -6.404660e-06 -3.563350e-06 -2.142970e-06 -1.404200e-06 -1.004140e-06 -7.790150e-07 -6.521850e-07 -5.774740e-07 -5.157430e-07 -4.689390e-07 -4.258760e-07 -3.790670e-07 -2.852610e-07 -1.689590e-07  0.000000e+00  1.689590e-07  2.852610e-07  3.790670e-07  4.258760e-07  4.689390e-07  5.157430e-07  5.774740e-07  6.521850e-07  7.790150e-07  1.004140e-06  1.404200e-06  2.142970e-06  3.563350e-06  6.404660e-06  1.238420e-05  2.563720e-05  5.592250e-05  1.213200e-04  2.342610e-04  3.435900e-04  3.542200e-04  2.866420e-04  2.083160e-04  1.426770e-04  9.322680e-05  5.852960e-05  3.549520e-05  2.089110e-05  1.198990e-05  6.741430e-06
# Vertical 2nd Order Kick [T2m2]
START
              -3.000000e-02 -2.900000e-02 -2.800000e-02 -2.700000e-02 -2.600000e-02 -2.500000e-02 -2.400000e-02 -2.300000e-02 -2.200000e-02 -2.100000e-02 -2.000000e-02 -1.900000e-02 -1.800000e-02 -1.700000e-02 -1.600000e-02 -1.500000e-02 -1.400000e-02 -1.300000e-02 -1.200000e-02 -1.100000e-02 -1.000000e-02 -9.000000e-03 -8.000000e-03 -7.000000e-03 -6.000000e-03 -5.000000e-03 -4.000000e-03 -3.000000e-03 -2.000000e-03 -1.000000e-03  0.000000e+00  1.000000e-03  2.000000e-03  3.000000e-03  4.000000e-03  5.000000e-03  6.000000e-03  7.000000e-03  8.000000e-03  9.000000e-03  1.000000e-02  1.100000e-02  1.200000e-02  1.300000e-02  1.400000e-02  1.500000e-02  1.600000e-02  1.700000e-02  1.800000e-02  1.900000e-02  2.000000e-02  2.100000e-02  2.200000e-02  2.300000e-02  2.400000e-02  2.500000e-02  2.600000e-02  2.700000e-02  2.800000e-02  2.900000e-02  3.000000e-02
 2.450000e-03 -3.755030e-06 -7.018910e-06 -1.297760e-05 -2.363590e-05 -4.221530e-05 -7.367130e-05 -1.253270e-04 -2.075450e-04 -3.351710e-04 -5.267710e-04 -7.564190e-04 -9.040500e-04 -9.286410e-04 -9.018960e-04 -8.728400e-04 -8.531560e-04 -8.416450e-04 -8.353000e-04 -8.319390e-04 -8.302260e-04 -8.294040e-04 -8.290610e-04 -8.289730e-04 -8.290240e-04 -8.291440e-04 -8.292950e-04 -8.294750e-04 -8.296460e-04 -8.298250e-04 -8.299850e-04 -8.300090e-04 -8.299850e-04 -8.298250e-04 -8.296460e-04 -8.294750e-04 -8.292950e-04 -8.291440e-04 -8.290240e-04 -8.289730e-04 -8.290610e-04 -8.294040e-04 -8.302260e-04 -8.319390e-04 -8.353000e-04 -8.416450e-04 -8.531560e-04 -8.728400e-04 -9.018950e-04 -9.286410e-04 -9.040500e-04 -7.564190e-04 -5.267720e-04 -3.351710e-04 -2.075450e-04 -1.253270e-04 -7.367130e-05 -4.221530e-05 -2.363590e-05 -1.297760e-05 -7.018910e-06 -3.755030e-06
 2.327500e-03 -3.543180e-06 -6.607880e-06 -1.218570e-05 -2.212950e-05 -3.940580e-05 -6.855670e-05 -1.162550e-04 -1.918730e-04 -3.084940e-04 -4.805080e-04 -6.829980e-04 -8.169540e-04 -8.455320e-04 -8.257000e-04 -8.009730e-04 -7.834680e-04 -7.730020e-04 -7.671670e-04 -7.640490e-04 -7.624580e-04 -7.616910e-04 -7.613700e-04 -7.612860e-04 -7.613310e-04 -7.614350e-04 -7.615770e-04 -7.617370e-04 -7.618990e-04 -7.620560e-04 -7.621950e-04 -7.622240e-04 -7.621950e-04 -7.620560e-04 -7.618990e-04 -7.617370e-04 -7.615770e-04 -7.614350e-04 -7.613310e-04 -7.612860e-04 -7.613700e-04 -7.616910e-04 -7.624580e-04 -7.640490e-04 -7.671670e-04 -7.730020e-04 -7.834680e-04 -8.009730e-04 -8.257000e-04 -8.455320e-04 -8.169540e-04 -6.829980e-04 -4.805080e-04 -3.084940e-04 -1.918730e-04 -1.162550e-04 -6.855670e-05 -3.940580e-05 -2.212950e-05 -1.218570e-05 -6.607880e-06 -3.543180e-06
 2.205000e-03 -3.334600e-06 -6.205340e-06 -1.141460e-05 -2.067200e-05 -3.670380e-05 -6.366610e-05 -1.076280e-04 -1.770440e-04 -2.833890e-04 -4.377080e-04 -6.165930e-04 -7.379640e-04 -7.689560e-04 -7.548100e-04 -7.339170e-04 -7.184190e-04 -7.089420e-04 -7.035910e-04 -7.007150e-04 -6.992360e-04 -6.985260e-04 -6.982240e-04 -6.981440e-04 -6.981830e-04 -6.982790e-04 -6.984080e-04 -6.985540e-04 -6.987010e-04 -6.988460e-04 -6.989650e-04 -6.989940e-04 -6.989650e-04 -6.988460e-04 -6.987010e-04 -6.985540e-04 -6.984080e-04 -6.982790e-04 -6.981830e-04 -6.981440e-04 -6.982240e-04 -6.985260e-04 -6.992360e-04 -7.007150e-04 -7.035910e-04 -7.089420e-04 -7.184190e-04 -7.339170e-04 -7.548100e-04 -7.689560e-04 -7.379640e-04 -6.165930e-04 -4.377080e-04 -2.833890e-04 -1.770440e-04 -1.076280e-04 -6.366610e-05 -3.670380e-05 -2.067200e-05 -1.141460e-05 -6.205340e-06 -3.334600e-06
 2.082500e-03 -3.129250e-06 -5.811040e-06 -1.066360e-05 -1.926110e-05 -3.410380e-05 -5.898720e-05 -9.941870e-05 -1.630070e-04 -2.597690e-04 -3.980940e-04 -5.563420e-04 -6.661510e-04 -6.983270e-04 -6.888180e-04 -6.712860e-04 -6.576310e-04 -6.490810e-04 -6.441950e-04 -6.415510e-04 -6.401880e-04 -6.395250e-04 -6.392450e-04 -6.391690e-04 -6.392010e-04 -6.392920e-04 -6.394090e-04 -6.395400e-04 -6.396740e-04 -6.398030e-04 -6.399090e-04 -6.399410e-04 -6.399090e-04 -6.398030e-04 -6.396740e-04 -6.395400e-04 -6.394090e-04 -6.392920e-04 -6.392010e-04 -6.391690e-04 -6.392450e-04 -6.395250e-04 -6.401880e-04 -6.415510e-04 -6.441950e-04 -6.490810e-04 -6.576310e-04 -6.712860e-04 -6.888180e-04 -6.983270e-04 -6.661510e-04 -5.563420e-04 -3.980940e-04 -2.597690e-04 -1.630070e-04 -9.941890e-05 -5.898720e-05 -3.410380e-05 -1.926110e-05 -1.066360e-05 -5.811040e-06 -3.129250e-06
 1.960000e-03 -2.927050e-06 -5.424690e-06 -9.931900e-06 -1.789450e-05 -3.160000e-05 -5.450630e-05 -9.160170e-05 -1.497120e-04 -2.375480e-04 -3.614040e-04 -5.015060e-04 -6.006840e-04 -6.331070e-04 -6.273280e-04 -6.127280e-04 -6.007480e-04 -5.930660e-04 -5.886250e-04 -5.862000e-04 -5.849450e-04 -5.843360e-04 -5.840780e-04 -5.840060e-04 -5.840340e-04 -5.841140e-04 -5.842210e-04 -5.843410e-04 -5.844640e-04 -5.845780e-04 -5.846740e-04 -5.847000e-04 -5.846740e-04 -5.845780e-04 -5.844640e-04 -5.843410e-04 -5.842210e-04 -5.841140e-04 -5.840340e-04 -5.840060e-04 -5.840780e-04 -5.843360e-04 -5.849450e-04 -5.862000e-04 -5.886250e-04 -5.930660e-04 -6.007480e-04 -6.127280e-04 -6.273280e-04 -6.331070e-04 -6.006840e-04 -5.015060e-04 -3.614040e-04 -2.375480e-04 -1.497120e-04 -9.160170e-05 -5.450630e-05 -3.160000e-05 -1.789450e-05 -9.931910e-06 -5.424690e-06 -2.927050e-06
 1.837500e-03 -2.727900e-06 -5.046030e-06 -9.218580e-06 -1.656970e-05 -2.918680e-05 -5.021200e-05 -8.415080e-05 -1.371080e-04 -2.166340e-04 -3.273760e-04 -4.514410e-04 -5.408360e-04 -5.727920e-04 -5.699650e-04 -5.579040e-04 -5.474410e-04 -5.405710e-04 -5.365470e-04 -5.343350e-04 -5.331870e-04 -5.326260e-04 -5.323850e-04 -5.323180e-04 -5.323440e-04 -5.324170e-04 -5.325170e-04 -5.326240e-04 -5.327350e-04 -5.328400e-04 -5.329210e-04 -5.329460e-04 -5.329210e-04 -5.328400e-04 -5.327350e-04 -5.326240e-04 -5.325170e-04 -5.324170e-04 -5.323440e-04 -5.323180e-04 -5.323850e-04 -5.326260e-04 -5.331870e-04 -5.343350e-04 -5.365470e-04 -5.405710e-04 -5.474410e-04 -5.579040e-04 -5.699650e-04 -5.727920e-04 -5.408360e-04 -4.514410e-04 -3.273760e-04 -2.166340e-04 -1.371080e-04 -8.415080e-05 -5.021200e-05 -2.918680e-05 -1.656970e-05 -9.218580e-06 -5.046030e-06 -2.727900e-06
 1.715000e-03 -2.531690e-06 -4.674680e-06 -8.522750e-06 -1.528440e-05 -2.685870e-05 -4.609130e-05 -7.704060e-05 -1.251490e-04 -1.969360e-04 -2.957700e-04 -4.055810e-04 -4.859710e-04 -5.169070e-04 -5.163750e-04 -5.064980e-04 -4.974020e-04 -4.912820e-04 -4.876540e-04 -4.856460e-04 -4.845950e-04 -4.840850e-04 -4.838660e-04 -4.838020e-04 -4.838240e-04 -4.838930e-04 -4.839780e-04 -4.840770e-04 -4.841780e-04 -4.842690e-04 -4.843430e-04 -4.843680e-04 -4.843430e-04 -4.842690e-04 -4.841780e-04 -4.840770e-04 -4.839780e-04 -4.838930e-04 -4.838240e-04 -4.838020e-04 -4.838660e-04 -4.840850e-04 -4.845950e-04 -4.856460e-04 -4.876520e-04 -4.912820e-04 -4.974020e-04 -5.064980e-04 -5.163750e-04 -5.169070e-04 -4.859710e-04 -4.055810e-04 -2.957700e-04 -1.969360e-04 -1.251490e-04 -7.704030e-05 -4.609130e-05 -2.685870e-05 -1.528440e-05 -8.522740e-06 -4.674680e-06 -2.531690e-06
 1.592500e-03 -2.338280e-06 -4.310290e-06 -7.843240e-06 -1.403620e-05 -2.460970e-05 -4.213260e-05 -7.024560e-05 -1.137850e-04 -1.783620e-04 -2.663550e-04 -3.634320e-04 -4.355070e-04 -4.650200e-04 -4.662190e-04 -4.582080e-04 -4.503400e-04 -4.449110e-04 -4.416540e-04 -4.398390e-04 -4.388880e-04 -4.384220e-04 -4.382220e-04 -4.381650e-04 -4.381850e-04 -4.382430e-04 -4.383220e-04 -4.384130e-04 -4.385020e-04 -4.385850e-04 -4.386510e-04 -4.386730e-04 -4.386510e-04 -4.385850e-04 -4.385020e-04 -4.384130e-04 -4.383220e-04 -4.382430e-04 -4.381850e-04 -4.381650e-04 -4.382220e-04 -4.384220e-04 -4.388880e-04 -4.398390e-04 -4.416540e-04 -4.449110e-04 -4.503400e-04 -4.582080e-04 -4.662190e-04 -4.650200e-04 -4.355070e-04 -3.634320e-04 -2.663550e-04 -1.783620e-04 -1.137850e-04 -7.024560e-05 -4.213260e-05 -2.460970e-05 -1.403610e-05 -7.843240e-06 -4.310290e-06 -2.338280e-06
 1.470000e-03 -2.147550e-06 -3.952470e-06 -7.179170e-06 -1.282240e-05 -2.243430e-05 -3.832320e-05 -6.374310e-05 -1.029710e-04 -1.608190e-04 -2.389150e-04 -3.245520e-04 -3.889390e-04 -4.167190e-04 -4.191760e-04 -4.127430e-04 -4.059760e-04 -4.011880e-04 -3.982760e-04 -3.966480e-04 -3.957880e-04 -3.953660e-04 -3.951820e-04 -3.951310e-04 -3.951480e-04 -3.952030e-04 -3.952740e-04 -3.953540e-04 -3.954340e-04 -3.955070e-04 -3.955660e-04 -3.955860e-04 -3.955660e-04 -3.955070e-04 -3.954340e-04 -3.953540e-04 -3.952740e-04 -3.952030e-04 -3.951480e-04 -3.951310e-04 -3.951820e-04 -3.953660e-04 -3.957880e-04 -3.966480e-04 -3.982760e-04 -4.011860e-04 -4.059760e-04 -4.127430e-04 -4.191760e-04 -4.167190e-04 -3.889390e-04 -3.245520e-04 -2.389150e-04 -1.608190e-04 -1.029710e-04 -6.374310e-05 -3.832320e-05 -2.243430e-05 -1.282240e-05 -7.179200e-06 -3.952450e-06 -2.147550e-06
 1.347500e-03 -1.959320e-06 -3.600770e-06 -6.529490e-06 -1.164060e-05 -2.032690e-05 -3.465130e-05 -5.750690e-05 -9.265950e-05 -1.442200e-04 -2.132460e-04 -2.885500e-04 -3.458010e-04 -3.716290e-04 -3.749470e-04 -3.698390e-04 -3.640480e-04 -3.598480e-04 -3.572660e-04 -3.558080e-04 -3.550380e-04 -3.546590e-04 -3.544940e-04 -3.544470e-04 -3.544640e-04 -3.545100e-04 -3.545760e-04 -3.546430e-04 -3.547180e-04 -3.547850e-04 -3.548350e-04 -3.548530e-04 -3.548350e-04 -3.547850e-04 -3.547180e-04 -3.546430e-04 -3.545760e-04 -3.545100e-04 -3.544640e-04 -3.544470e-04 -3.544940e-04 -3.546590e-04 -3.550380e-04 -3.558080e-04 -3.572660e-04 -3.598480e-04 -3.640480e-04 -3.698390e-04 -3.749470e-04 -3.716290e-04 -3.458010e-04 -2.885500e-04 -2.132460e-04 -1.442200e-04 -9.265950e-05 -5.750690e-05 -3.465120e-05 -2.032690e-05 -1.164070e-05 -6.529490e-06 -3.600770e-06 -1.959320e-06
 1.225000e-03 -1.773440e-06 -3.254780e-06 -5.893060e-06 -1.048820e-05 -1.828140e-05 -3.110490e-05 -5.151450e-05 -8.280630e-05 -1.284740e-04 -1.891590e-04 -2.550720e-04 -3.056810e-04 -3.293930e-04 -3.332440e-04 -3.292390e-04 -3.243100e-04 -3.206510e-04 -3.183750e-04 -3.170810e-04 -3.163970e-04 -3.160580e-04 -3.159140e-04 -3.158710e-04 -3.158850e-04 -3.159280e-04 -3.159840e-04 -3.160470e-04 -3.161110e-04 -3.161690e-04 -3.162110e-04 -3.162280e-04 -3.162110e-04 -3.161690e-04 -3.161110e-04 -3.160470e-04 -3.159840e-04 -3.159280e-04 -3.158850e-04 -3.158710e-04 -3.159140e-04 -3.160580e-04 -3.163970e-04 -3.170810e-04 -3.183750e-04 -3.206510e-04 -3.243100e-04 -3.292390e-04 -3.332440e-04 -3.293930e-04 -3.056810e-04 -2.550720e-04 -1.891590e-04 -1.284740e-04 -8.280630e-05 -5.151450e-05 -3.110490e-05 -1.828140e-05 -1.048820e-05 -5.893060e-06 -3.254780e-06 -1.773440e-06
 1.102500e-03 -1.589720e-06 -2.914030e-06 -5.268720e-06 -9.362680e-06 -1.629250e-05 -2.767250e-05 -4.574270e-05 -7.336640e-05 -1.134960e-04 -1.664720e-04 -2.237990e-04 -2.681980e-04 -2.896860e-04 -2.937900e-04 -2.906910e-04 -2.865300e-04 -2.833660e-04 -2.813770e-04 -2.802400e-04 -2.796350e-04 -2.793350e-04 -2.792080e-04 -2.791700e-04 -2.791800e-04 -2.792180e-04 -2.792700e-04 -2.793230e-04 -2.793810e-04 -2.794340e-04 -2.794700e-04 -2.794830e-04 -2.794700e-04 -2.794340e-04 -2.793810e-04 -2.793230e-04 -2.792700e-04 -2.792180e-04 -2.791800e-04 -2.791700e-04 -2.792080e-04 -2.793350e-04 -2.796350e-04 -2.802400e-04 -2.813770e-04 -2.833660e-04 -2.865300e-04 -2.906910e-04 -2.937900e-04 -2.896860e-04 -2.681980e-04 -2.237990e-04 -1.664720e-04 -1.134960e-04 -7.336640e-05 -4.574270e-05 -2.767250e-05 -1.629250e-05 -9.362680e-06 -5.268720e-06 -2.914030e-06 -1.589720e-06
 9.800000e-04 -1.407970e-06 -2.578030e-06 -4.655330e-06 -8.261230e-06 -1.435460e-05 -2.434220e-05 -4.016860e-05 -6.429620e-05 -9.920270e-05 -1.450180e-04 -1.944390e-04 -2.330080e-04 -2.521930e-04 -2.563250e-04 -2.539600e-04 -2.504800e-04 -2.477720e-04 -2.460480e-04 -2.450610e-04 -2.445340e-04 -2.442740e-04 -2.441610e-04 -2.441280e-04 -2.441370e-04 -2.441690e-04 -2.442120e-04 -2.442620e-04 -2.443110e-04 -2.443560e-04 -2.443870e-04 -2.444000e-04 -2.443870e-04 -2.443560e-04 -2.443110e-04 -2.442620e-04 -2.442120e-04 -2.441690e-04 -2.441370e-04 -2.441280e-04 -2.441610e-04 -2.442740e-04 -2.445340e-04 -2.450610e-04 -2.460480e-04 -2.477720e-04 -2.504800e-04 -2.539600e-04 -2.563250e-04 -2.521930e-04 -2.330080e-04 -1.944390e-04 -1.450180e-04 -9.920270e-05 -6.429620e-05 -4.016860e-05 -2.434220e-05 -1.435460e-05 -8.261230e-06 -4.655340e-06 -2.578030e-06 -1.407970e-06
 8.575000e-04 -1.228000e-06 -2.246300e-06 -4.051810e-06 -7.181360e-06 -1.246170e-05 -2.110230e-05 -3.476840e-05 -5.555250e-05 -8.551110e-05 -1.246360e-04 -1.667300e-04 -1.997930e-04 -2.166290e-04 -2.205960e-04 -2.188220e-04 -2.159460e-04 -2.136550e-04 -2.121850e-04 -2.113380e-04 -2.108850e-04 -2.106590e-04 -2.105610e-04 -2.105310e-04 -2.105420e-04 -2.105700e-04 -2.106060e-04 -2.106490e-04 -2.106930e-04 -2.107290e-04 -2.107570e-04 -2.107670e-04 -2.107570e-04 -2.107290e-04 -2.106930e-04 -2.106490e-04 -2.106060e-04 -2.105700e-04 -2.105420e-04 -2.105310e-04 -2.105610e-04 -2.106590e-04 -2.108850e-04 -2.113380e-04 -2.121850e-04 -2.136550e-04 -2.159460e-04 -2.188220e-04 -2.205960e-04 -2.166270e-04 -1.997940e-04 -1.667300e-04 -1.246360e-04 -8.551110e-05 -5.555250e-05 -3.476840e-05 -2.110230e-05 -1.246170e-05 -7.181360e-06 -4.051810e-06 -2.246300e-06 -1.228000e-06
 7.350000e-04 -1.049600e-06 -1.918310e-06 -3.456850e-06 -6.120300e-06 -1.060820e-05 -1.794160e-05 -2.952040e-05 -4.709340e-05 -7.234150e-05 -1.051730e-04 -1.404200e-04 -1.682630e-04 -1.827140e-04 -1.863670e-04 -1.850620e-04 -1.827190e-04 -1.808150e-04 -1.795820e-04 -1.788680e-04 -1.784850e-04 -1.782960e-04 -1.782130e-04 -1.781880e-04 -1.781970e-04 -1.782200e-04 -1.782530e-04 -1.782870e-04 -1.783260e-04 -1.783560e-04 -1.783790e-04 -1.783890e-04 -1.783790e-04 -1.783560e-04 -1.783260e-04 -1.782870e-04 -1.782530e-04 -1.782200e-04 -1.781970e-04 -1.781880e-04 -1.782130e-04 -1.782960e-04 -1.784850e-04 -1.788680e-04 -1.795820e-04 -1.808150e-04 -1.827190e-04 -1.850620e-04 -1.863670e-04 -1.827140e-04 -1.682630e-04 -1.404200e-04 -1.051730e-04 -7.234150e-05 -4.709340e-05 -2.952040e-05 -1.794160e-05 -1.060820e-05 -6.120300e-06 -3.456850e-06 -1.918310e-06 -1.049600e-06
 6.125000e-04 -8.725660e-07 -1.593600e-06 -2.869310e-06 -5.075440e-06 -8.788510e-06 -1.484830e-05 -2.440300e-05 -3.887670e-05 -5.961540e-05 -8.648800e-05 -1.152840e-04 -1.381390e-04 -1.501900e-04 -1.534030e-04 -1.524670e-04 -1.505990e-04 -1.490570e-04 -1.480490e-04 -1.474640e-04 -1.471500e-04 -1.469910e-04 -1.469230e-04 -1.469040e-04 -1.469090e-04 -1.469300e-04 -1.469560e-04 -1.469860e-04 -1.470140e-04 -1.470400e-04 -1.470590e-04 -1.470660e-04 -1.470590e-04 -1.470400e-04 -1.470140e-04 -1.469860e-04 -1.469560e-04 -1.469300e-04 -1.469090e-04 -1.469040e-04 -1.469230e-04 -1.469910e-04 -1.471500e-04 -1.474640e-04 -1.480490e-04 -1.490570e-04 -1.505990e-04 -1.524670e-04 -1.534030e-04 -1.501900e-04 -1.381390e-04 -1.152840e-04 -8.648800e-05 -5.961540e-05 -3.887670e-05 -2.440300e-05 -1.484830e-05 -8.788510e-06 -5.075440e-06 -2.869310e-06 -1.593600e-06 -8.725660e-07
 4.900000e-04 -6.966710e-07 -1.271590e-06 -2.288020e-06 -4.044080e-06 -6.997060e-06 -1.181140e-05 -1.939340e-05 -3.086070e-05 -4.725560e-05 -6.843780e-05 -9.110610e-05 -1.091650e-04 -1.188080e-04 -1.214860e-04 -1.208320e-04 -1.193940e-04 -1.181880e-04 -1.173940e-04 -1.169330e-04 -1.166840e-04 -1.165590e-04 -1.165070e-04 -1.164900e-04 -1.164950e-04 -1.165120e-04 -1.165310e-04 -1.165550e-04 -1.165790e-04 -1.165990e-04 -1.166140e-04 -1.166180e-04 -1.166140e-04 -1.165990e-04 -1.165790e-04 -1.165550e-04 -1.165310e-04 -1.165120e-04 -1.164950e-04 -1.164900e-04 -1.165070e-04 -1.165590e-04 -1.166840e-04 -1.169330e-04 -1.173940e-04 -1.181880e-04 -1.193940e-04 -1.208320e-04 -1.214860e-04 -1.188080e-04 -1.091650e-04 -9.110610e-05 -6.843780e-05 -4.725560e-05 -3.086110e-05 -1.939340e-05 -1.181140e-05 -6.997060e-06 -4.044080e-06 -2.288020e-06 -1.271590e-06 -6.966710e-07
 3.675000e-04 -5.216960e-07 -9.517860e-07 -1.711640e-06 -3.023600e-06 -5.228090e-06 -8.819110e-06 -1.446980e-05 -2.300590e-05 -3.518850e-05 -5.089280e-05 -6.768050e-05 -8.109420e-05 -8.832730e-05 -9.039740e-05 -8.996240e-05 -8.891630e-05 -8.802830e-05 -8.744140e-05 -8.709740e-05 -8.691100e-05 -8.681950e-05 -8.677900e-05 -8.676880e-05 -8.676990e-05 -8.678320e-05 -8.679980e-05 -8.681640e-05 -8.683320e-05 -8.684880e-05 -8.685920e-05 -8.686420e-05 -8.685920e-05 -8.684880e-05 -8.683320e-05 -8.681640e-05 -8.679980e-05 -8.678320e-05 -8.676990e-05 -8.676880e-05 -8.677900e-05 -8.681950e-05 -8.691100e-05 -8.709740e-05 -8.744140e-05 -8.802830e-05 -8.891630e-05 -8.996240e-05 -9.039740e-05 -8.832730e-05 -8.109420e-05 -6.768050e-05 -5.089280e-05 -3.518850e-05 -2.300590e-05 -1.446980e-05 -8.819110e-06 -5.228090e-06 -3.023600e-06 -1.711640e-06 -9.517860e-07 -5.216960e-07
 2.450000e-04 -3.474090e-07 -6.335970e-07 -1.139010e-06 -2.011240e-06 -3.476030e-06 -5.860830e-06 -9.610980e-06 -1.527080e-05 -2.333850e-05 -3.372130e-05 -4.481390e-05 -5.369530e-05 -5.851530e-05 -5.992390e-05 -5.966010e-05 -5.897920e-05 -5.839370e-05 -5.800660e-05 -5.777890e-05 -5.765610e-05 -5.759460e-05 -5.756760e-05 -5.756070e-05 -5.756220e-05 -5.757250e-05 -5.758140e-05 -5.759240e-05 -5.760360e-05 -5.761350e-05 -5.762250e-05 -5.762410e-05 -5.762250e-05 -5.761350e-05 -5.760360e-05 -5.759240e-05 -5.758140e-05 -5.757250e-05 -5.756220e-05 -5.756070e-05 -5.756760e-05 -5.759460e-05 -5.765610e-05 -5.777890e-05 -5.800660e-05 -5.839370e-05 -5.897920e-05 -5.966010e-05 -5.992390e-05 -5.851530e-05 -5.369530e-05 -4.481390e-05 -3.372130e-05 -2.333850e-05 -1.527080e-05 -9.610980e-06 -5.860840e-06 -3.476030e-06 -2.011240e-06 -1.139010e-06 -6.335970e-07 -3.474090e-07
 1.225000e-04 -1.735890e-07 -3.165240e-07 -5.688880e-07 -1.004230e-06 -1.735200e-06 -2.924780e-06 -4.794670e-06 -7.615260e-06 -1.163340e-05 -1.679930e-05 -2.231630e-05 -2.673740e-05 -2.914860e-05 -2.986130e-05 -2.973570e-05 -2.939980e-05 -2.911060e-05 -2.891660e-05 -2.880290e-05 -2.874260e-05 -2.871240e-05 -2.869970e-05 -2.869600e-05 -2.869710e-05 -2.870080e-05 -2.870490e-05 -2.871040e-05 -2.871670e-05 -2.872310e-05 -2.872580e-05 -2.872690e-05 -2.872580e-05 -2.872310e-05 -2.871670e-05 -2.871040e-05 -2.870490e-05 -2.870080e-05 -2.869710e-05 -2.869600e-05 -2.869970e-05 -2.871240e-05 -2.874260e-05 -2.880290e-05 -2.891660e-05 -2.911060e-05 -2.939980e-05 -2.973570e-05 -2.986130e-05 -2.914860e-05 -2.673740e-05 -2.231630e-05 -1.679930e-05 -1.163340e-05 -7.615260e-06 -4.794670e-06 -2.924780e-06 -1.735200e-06 -1.004230e-06 -5.688880e-07 -3.165240e-07 -1.735890e-07
 0.000000e+00  0.000000e+00  0.000000e+00  0.000000e+00  0.000000e+00  0.000000e+00  0.000000e+00  0.000000e+00  0.000000e+00  0.000000e+00  0.000000e+00  0.000000e+00  0.000000e+00  0.000000e+00  0.000000e+00  0.000000e+00  0.000000e+00  0.000000e+00  0.000000e+00  0.000000e+00  0.000000e+00  0.000000e+00  0.000000e+00  0.000000e+00  0.000000e+00  0.000000e+00  0.000000e+00  0.000000e+00  0.000000e+00  0.000000e+00  0.000000e+00  0.000000e+00  0.000000e+00  0.000000e+00  0.000000e+00  0.000000e+00  0.000000e+00  0.000000e+00  0.000000e+00  0.000000e+00  0.000000e+00  0.000000e+00  0.000000e+00  0.000000e+00  0.000000e+00  0.000000e+00  0.000000e+00  0.000000e+00  0.000000e+00  0.000000e+00  0.000000e+00  0.000000e+00  0.000000e+00  0.000000e+00  0.000000e+00  0.000000e+00  0.000000e+00  0.000000e+00  0.000000e+00  0.000000e+00  0.000000e+00  0.000000e+00
-1.225000e-04  1.735890e-07  3.165240e-07  5.688880e-07  1.004230e-06  1.735200e-06  2.924790e-06  4.794670e-06  7.615260e-06  1.163340e-05  1.679930e-05  2.231630e-05  2.673740e-05  2.914860e-05  2.986130e-05  2.973570e-05  2.939980e-05  2.911060e-05  2.891660e-05  2.880290e-05  2.874260e-05  2.871240e-05  2.869970e-05  2.869670e-05  2.869710e-05  2.870080e-05  2.870490e-05  2.871040e-05  2.871670e-05  2.872310e-05  2.872580e-05  2.872690e-05  2.872580e-05  2.872310e-05  2.871670e-05  2.871040e-05  2.870490e-05  2.870080e-05  2.869710e-05  2.869600e-05  2.869970e-05  2.871240e-05  2.874260e-05  2.880290e-05  2.891660e-05  2.911060e-05  2.939980e-05  2.973570e-05  2.986130e-05  2.914860e-05  2.673740e-05  2.231630e-05  1.679930e-05  1.163340e-05  7.615260e-06  4.794670e-06  2.924780e-06  1.735200e-06  1.004230e-06  5.688880e-07  3.165240e-07  1.735890e-07
-2.450000e-04  3.474090e-07  6.335970e-07  1.139010e-06  2.011240e-06  3.476030e-06  5.860840e-06  9.610980e-06  1.527080e-05  2.333850e-05  3.372130e-05  4.481390e-05  5.369530e-05  5.851530e-05  5.992390e-05  5.966010e-05  5.897920e-05  5.839370e-05  5.800660e-05  5.777890e-05  5.765610e-05  5.759460e-05  5.756760e-05  5.756070e-05  5.756220e-05  5.757250e-05  5.758140e-05  5.759240e-05  5.760360e-05  5.761350e-05  5.762250e-05  5.762410e-05  5.762250e-05  5.761350e-05  5.760360e-05  5.759240e-05  5.758140e-05  5.757250e-05  5.756220e-05  5.756070e-05  5.756760e-05  5.759460e-05  5.765610e-05  5.777890e-05  5.800660e-05  5.839370e-05  5.897920e-05  5.966010e-05  5.992390e-05  5.851530e-05  5.369530e-05  4.481390e-05  3.372130e-05  2.333850e-05  1.527080e-05  9.610980e-06  5.860840e-06  3.476030e-06  2.011240e-06  1.139010e-06  6.335970e-07  3.474090e-07
-3.675000e-04  5.216960e-07  9.517860e-07  1.711640e-06  3.023600e-06  5.228090e-06  8.819110e-06  1.446980e-05  2.300590e-05  3.518850e-05  5.089280e-05  6.768050e-05  8.109420e-05  8.832730e-05  9.039740e-05  8.996240e-05  8.891630e-05  8.802830e-05  8.744140e-05  8.709740e-05  8.691100e-05  8.681950e-05  8.677900e-05  8.676880e-05  8.676990e-05  8.678320e-05  8.679980e-05  8.681640e-05  8.683320e-05  8.684880e-05  8.685920e-05  8.686420e-05  8.685920e-05  8.684880e-05  8.683320e-05  8.681640e-05  8.679980e-05  8.678320e-05  8.676990e-05  8.676880e-05  8.677900e-05  8.681950e-05  8.691100e-05  8.709740e-05  8.744140e-05  8.802830e-05  8.891630e-05  8.996240e-05  9.039740e-05  8.832730e-05  8.109420e-05  6.768050e-05  5.089280e-05  3.518850e-05  2.300590e-05  1.446980e-05  8.819110e-06  5.228090e-06  3.023600e-06  1.711640e-06  9.517860e-07  5.216960e-07
-4.900000e-04  6.966710e-07  1.271590e-06  2.288020e-06  4.044080e-06  6.997060e-06  1.181140e-05  1.939340e-05  3.086070e-05  4.725560e-05  6.843780e-05  9.110610e-05  1.091650e-04  1.188080e-04  1.214860e-04  1.208320e-04  1.193940e-04  1.181880e-04  1.173940e-04  1.169330e-04  1.166840e-04  1.165590e-04  1.165070e-04  1.164900e-04  1.164950e-04  1.165120e-04  1.165310e-04  1.165550e-04  1.165790e-04  1.165990e-04  1.166140e-04  1.166180e-04  1.166140e-04  1.165990e-04  1.165790e-04  1.165550e-04  1.165310e-04  1.165120e-04  1.164950e-04  1.164900e-04  1.165070e-04  1.165590e-04  1.166840e-04  1.169330e-04  1.173940e-04  1.181880e-04  1.193940e-04  1.208320e-04  1.214860e-04  1.188080e-04  1.091650e-04  9.110610e-05  6.843780e-05  4.725560e-05  3.086110e-05  1.939340e-05  1.181140e-05  6.997060e-06  4.044080e-06  2.288020e-06  1.271590e-06  6.966710e-07
-6.125000e-04  8.725660e-07  1.593600e-06  2.869310e-06  5.075440e-06  8.788510e-06  1.484830e-05  2.440300e-05  3.887670e-05  5.961550e-05  8.648800e-05  1.152840e-04  1.381390e-04  1.501900e-04  1.534030e-04  1.524670e-04  1.505990e-04  1.490570e-04  1.480490e-04  1.474640e-04  1.471500e-04  1.469910e-04  1.469230e-04  1.469040e-04  1.469090e-04  1.469300e-04  1.469560e-04  1.469860e-04  1.470140e-04  1.470400e-04  1.470590e-04  1.470660e-04  1.470590e-04  1.470400e-04  1.470140e-04  1.469860e-04  1.469560e-04  1.469300e-04  1.469090e-04  1.469040e-04  1.469230e-04  1.469910e-04  1.471500e-04  1.474640e-04  1.480490e-04  1.490570e-04  1.505990e-04  1.524670e-04  1.534030e-04  1.501900e-04  1.381390e-04  1.152840e-04  8.648800e-05  5.961550e-05  3.887670e-05  2.440300e-05  1.484830e-05  8.788510e-06  5.075440e-06  2.869310e-06  1.593600e-06  8.725660e-07
-7.350000e-04  1.049600e-06  1.918310e-06  3.456850e-06  6.120300e-06  1.060820e-05  1.794160e-05  2.952040e-05  4.709340e-05  7.234150e-05  1.051730e-04  1.404200e-04  1.682630e-04  1.827140e-04  1.863670e-04  1.850620e-04  1.827190e-04  1.808150e-04  1.795820e-04  1.788680e-04  1.784850e-04  1.782960e-04  1.782130e-04  1.781880e-04  1.781970e-04  1.782200e-04  1.782530e-04  1.782870e-04  1.783260e-04  1.783560e-04  1.783790e-04  1.783890e-04  1.783790e-04  1.783560e-04  1.783260e-04  1.782870e-04  1.782530e-04  1.782200e-04  1.781970e-04  1.781880e-04  1.782130e-04  1.782960e-04  1.784850e-04  1.788680e-04  1.795820e-04  1.808150e-04  1.827190e-04  1.850620e-04  1.863670e-04  1.827140e-04  1.682630e-04  1.404200e-04  1.051730e-04  7.234150e-05  4.709340e-05  2.952040e-05  1.794160e-05  1.060820e-05  6.120300e-06  3.456850e-06  1.918310e-06  1.049600e-06
-8.575000e-04  1.228000e-06  2.246300e-06  4.051810e-06  7.181360e-06  1.246170e-05  2.110230e-05  3.476840e-05  5.555250e-05  8.551110e-05  1.246360e-04  1.667300e-04  1.997940e-04  2.166280e-04  2.205960e-04  2.188220e-04  2.159460e-04  2.136550e-04  2.121850e-04  2.113380e-04  2.108850e-04  2.106590e-04  2.105610e-04  2.105310e-04  2.105420e-04  2.105700e-04  2.106060e-04  2.106490e-04  2.106930e-04  2.107290e-04  2.107570e-04  2.107670e-04  2.107570e-04  2.107290e-04  2.106930e-04  2.106490e-04  2.106060e-04  2.105700e-04  2.105420e-04  2.105310e-04  2.105610e-04  2.106590e-04  2.108850e-04  2.113380e-04  2.121850e-04  2.136550e-04  2.159460e-04  2.188220e-04  2.205960e-04  2.166280e-04  1.997940e-04  1.667300e-04  1.246360e-04  8.551110e-05  5.555250e-05  3.476840e-05  2.110230e-05  1.246170e-05  7.181360e-06  4.051810e-06  2.246300e-06  1.228000e-06
-9.800000e-04  1.407970e-06  2.578030e-06  4.655340e-06  8.261230e-06  1.435460e-05  2.434220e-05  4.016860e-05  6.429620e-05  9.920270e-05  1.450180e-04  1.944390e-04  2.330080e-04  2.521930e-04  2.563250e-04  2.539600e-04  2.504800e-04  2.477720e-04  2.460480e-04  2.450610e-04  2.445340e-04  2.442740e-04  2.441610e-04  2.441280e-04  2.441370e-04  2.441690e-04  2.442120e-04  2.442620e-04  2.443110e-04  2.443560e-04  2.443870e-04  2.444000e-04  2.443870e-04  2.443560e-04  2.443110e-04  2.442620e-04  2.442120e-04  2.441690e-04  2.441370e-04  2.441280e-04  2.441610e-04  2.442740e-04  2.445340e-04  2.450610e-04  2.460480e-04  2.477720e-04  2.504800e-04  2.539600e-04  2.563250e-04  2.521930e-04  2.330080e-04  1.944390e-04  1.450180e-04  9.920270e-05  6.429620e-05  4.016860e-05  2.434220e-05  1.435460e-05  8.261230e-06  4.655340e-06  2.578030e-06  1.407970e-06
-1.102500e-03  1.589720e-06  2.914030e-06  5.268720e-06  9.362680e-06  1.629250e-05  2.767250e-05  4.574270e-05  7.336640e-05  1.134960e-04  1.664720e-04  2.237990e-04  2.681980e-04  2.896860e-04  2.937900e-04  2.906910e-04  2.865300e-04  2.833660e-04  2.813770e-04  2.802400e-04  2.796350e-04  2.793350e-04  2.792080e-04  2.791700e-04  2.791800e-04  2.792180e-04  2.792700e-04  2.793230e-04  2.793810e-04  2.794340e-04  2.794700e-04  2.794830e-04  2.794700e-04  2.794340e-04  2.793810e-04  2.793230e-04  2.792700e-04  2.792180e-04  2.791800e-04  2.791700e-04  2.792080e-04  2.793350e-04  2.796350e-04  2.802400e-04  2.813770e-04  2.833660e-04  2.865300e-04  2.906910e-04  2.937900e-04  2.896860e-04  2.681980e-04  2.237990e-04  1.664720e-04  1.134960e-04  7.336640e-05  4.574270e-05  2.767250e-05  1.629250e-05  9.362680e-06  5.268720e-06  2.914030e-06  1.589720e-06
-1.225000e-03  1.773440e-06  3.254780e-06  5.893060e-06  1.048820e-05  1.828140e-05  3.110490e-05  5.151460e-05  8.280630e-05  1.284740e-04  1.891590e-04  2.550720e-04  3.056810e-04  3.293930e-04  3.332440e-04  3.292390e-04  3.243100e-04  3.206510e-04  3.183750e-04  3.170810e-04  3.163970e-04  3.160580e-04  3.159140e-04  3.158710e-04  3.158850e-04  3.159280e-04  3.159840e-04  3.160470e-04  3.161110e-04  3.161690e-04  3.162120e-04  3.162280e-04  3.162110e-04  3.161690e-04  3.161110e-04  3.160470e-04  3.159840e-04  3.159280e-04  3.158850e-04  3.158710e-04  3.159140e-04  3.160580e-04  3.163970e-04  3.170810e-04  3.183750e-04  3.206510e-04  3.243100e-04  3.292390e-04  3.332440e-04  3.293930e-04  3.056810e-04  2.550720e-04  1.891590e-04  1.284740e-04  8.280630e-05  5.151460e-05  3.110490e-05  1.828140e-05  1.048820e-05  5.893060e-06  3.254780e-06  1.773440e-06
-1.347500e-03  1.959320e-06  3.600770e-06  6.529490e-06  1.164060e-05  2.032690e-05  3.465130e-05  5.750690e-05  9.265950e-05  1.442200e-04  2.132460e-04  2.885500e-04  3.458010e-04  3.716290e-04  3.749470e-04  3.698390e-04  3.640480e-04  3.598480e-04  3.572660e-04  3.558080e-04  3.550380e-04  3.546590e-04  3.544940e-04  3.544470e-04  3.544640e-04  3.545100e-04  3.545760e-04  3.546430e-04  3.547180e-04  3.547850e-04  3.548350e-04  3.548530e-04  3.548350e-04  3.547850e-04  3.547180e-04  3.546430e-04  3.545760e-04  3.545100e-04  3.544640e-04  3.544470e-04  3.544940e-04  3.546590e-04  3.550380e-04  3.558080e-04  3.572660e-04  3.598480e-04  3.640480e-04  3.698390e-04  3.749470e-04  3.716290e-04  3.458010e-04  2.885500e-04  2.132460e-04  1.442200e-04  9.265950e-05  5.750690e-05  3.465120e-05  2.032690e-05  1.164070e-05  6.529490e-06  3.600770e-06  1.959320e-06
-1.470000e-03  2.147550e-06  3.952470e-06  7.179200e-06  1.282240e-05  2.243430e-05  3.832320e-05  6.374310e-05  1.029710e-04  1.608190e-04  2.389150e-04  3.245520e-04  3.889380e-04  4.167190e-04  4.191760e-04  4.127430e-04  4.059760e-04  4.011860e-04  3.982760e-04  3.966480e-04  3.957880e-04  3.953660e-04  3.951820e-04  3.951310e-04  3.951480e-04  3.952030e-04  3.952740e-04  3.953540e-04  3.954330e-04  3.955070e-04  3.955660e-04  3.955860e-04  3.955660e-04  3.955070e-04  3.954330e-04  3.953540e-04  3.952740e-04  3.952030e-04  3.951480e-04  3.951310e-04  3.951820e-04  3.953660e-04  3.957880e-04  3.966480e-04  3.982760e-04  4.011860e-04  4.059760e-04  4.127430e-04  4.191760e-04  4.167190e-04  3.889390e-04  3.245520e-04  2.389150e-04  1.608190e-04  1.029710e-04  6.374310e-05  3.832320e-05  2.243430e-05  1.282240e-05  7.179200e-06  3.952450e-06  2.147550e-06
-1.592500e-03  2.338280e-06  4.310290e-06  7.843240e-06  1.403620e-05  2.460970e-05  4.213260e-05  7.024560e-05  1.137850e-04  1.783620e-04  2.663550e-04  3.634320e-04  4.355070e-04  4.650200e-04  4.662190e-04  4.582080e-04  4.503400e-04  4.449110e-04  4.416540e-04  4.398390e-04  4.388880e-04  4.384220e-04  4.382220e-04  4.381650e-04  4.381850e-04  4.382430e-04  4.383220e-04  4.384130e-04  4.385020e-04  4.385850e-04  4.386510e-04  4.386730e-04  4.386510e-04  4.385850e-04  4.385020e-04  4.384130e-04  4.383220e-04  4.382430e-04  4.381850e-04  4.381650e-04  4.382220e-04  4.384220e-04  4.388880e-04  4.398390e-04  4.416540e-04  4.449110e-04  4.503400e-04  4.582080e-04  4.662190e-04  4.650200e-04  4.355070e-04  3.634320e-04  2.663550e-04  1.783620e-04  1.137850e-04  7.024560e-05  4.213260e-05  2.460970e-05  1.403620e-05  7.843240e-06  4.310290e-06  2.338280e-06
-1.715000e-03  2.531690e-06  4.674680e-06  8.522740e-06  1.528440e-05  2.685870e-05  4.609130e-05  7.704030e-05  1.251490e-04  1.969360e-04  2.957700e-04  4.055810e-04  4.859690e-04  5.169070e-04  5.163750e-04  5.064980e-04  4.974020e-04  4.912820e-04  4.876540e-04  4.856460e-04  4.845950e-04  4.840850e-04  4.838660e-04  4.838020e-04  4.838220e-04  4.838930e-04  4.839780e-04  4.840770e-04  4.841780e-04  4.842690e-04  4.843430e-04  4.843680e-04  4.843430e-04  4.842690e-04  4.841780e-04  4.840770e-04  4.839780e-04  4.838930e-04  4.838220e-04  4.838020e-04  4.838660e-04  4.840850e-04  4.845950e-04  4.856460e-04  4.876520e-04  4.912820e-04  4.974020e-04  5.064980e-04  5.163750e-04  5.169070e-04  4.859690e-04  4.055810e-04  2.957700e-04  1.969360e-04  1.251490e-04  7.704030e-05  4.609130e-05  2.685870e-05  1.528440e-05  8.522740e-06  4.674680e-06  2.531690e-06
-1.837500e-03  2.727900e-06  5.046030e-06  9.218580e-06  1.656970e-05  2.918680e-05  5.021200e-05  8.415080e-05  1.371080e-04  2.166340e-04  3.273760e-04  4.514410e-04  5.408360e-04  5.727920e-04  5.699650e-04  5.579040e-04  5.474410e-04  5.405710e-04  5.365470e-04  5.343350e-04  5.331870e-04  5.326260e-04  5.323850e-04  5.323200e-04  5.323440e-04  5.324170e-04  5.325170e-04  5.326240e-04  5.327350e-04  5.328400e-04  5.329210e-04  5.329460e-04  5.329210e-04  5.328400e-04  5.327350e-04  5.326240e-04  5.325170e-04  5.324170e-04  5.323440e-04  5.323180e-04  5.323850e-04  5.326260e-04  5.331870e-04  5.343350e-04  5.365470e-04  5.405710e-04  5.474410e-04  5.579040e-04  5.699650e-04  5.727920e-04  5.408360e-04  4.514410e-04  3.273760e-04  2.166340e-04  1.371080e-04  8.415080e-05  5.021200e-05  2.918680e-05  1.656970e-05  9.218580e-06  5.046030e-06  2.727900e-06
-1.960000e-03  2.927050e-06  5.424690e-06  9.931910e-06  1.789450e-05  3.159990e-05  5.450630e-05  9.160170e-05  1.497120e-04  2.375480e-04  3.614040e-04  5.015060e-04  6.006840e-04  6.331080e-04  6.273280e-04  6.127280e-04  6.007480e-04  5.930660e-04  5.886250e-04  5.862000e-04  5.849450e-04  5.843360e-04  5.840780e-04  5.840060e-04  5.840340e-04  5.841140e-04  5.842210e-04  5.843410e-04  5.844640e-04  5.845780e-04  5.846740e-04  5.847000e-04  5.846740e-04  5.845780e-04  5.844640e-04  5.843410e-04  5.842210e-04  5.841140e-04  5.840340e-04  5.840060e-04  5.840780e-04  5.843360e-04  5.849450e-04  5.862000e-04  5.886250e-04  5.930660e-04  6.007480e-04  6.127280e-04  6.273280e-04  6.331070e-04  6.006840e-04  5.015060e-04  3.614040e-04  2.375480e-04  1.497120e-04  9.160170e-05  5.450630e-05  3.160000e-05  1.789450e-05  9.931910e-06  5.424690e-06  2.927050e-06
-2.082500e-03  3.129250e-06  5.811040e-06  1.066360e-05  1.926110e-05  3.410380e-05  5.898720e-05  9.941890e-05  1.630070e-04  2.597690e-04  3.980940e-04  5.563420e-04  6.661510e-04  6.983270e-04  6.888180e-04  6.712860e-04  6.576310e-04  6.490810e-04  6.441950e-04  6.415510e-04  6.401880e-04  6.395250e-04  6.392450e-04  6.391690e-04  6.392010e-04  6.392920e-04  6.394090e-04  6.395400e-04  6.396740e-04  6.398030e-04  6.399090e-04  6.399410e-04  6.399090e-04  6.398030e-04  6.396740e-04  6.395400e-04  6.394090e-04  6.392920e-04  6.392010e-04  6.391690e-04  6.392450e-04  6.395250e-04  6.401880e-04  6.415510e-04  6.441950e-04  6.490810e-04  6.576310e-04  6.712860e-04  6.888180e-04  6.983270e-04  6.661510e-04  5.563420e-04  3.980940e-04  2.597690e-04  1.630070e-04  9.941890e-05  5.898720e-05  3.410380e-05  1.926110e-05  1.066360e-05  5.811040e-06  3.129250e-06
-2.205000e-03  3.334600e-06  6.205340e-06  1.141460e-05  2.067200e-05  3.670380e-05  6.366610e-05  1.076280e-04  1.770440e-04  2.833890e-04  4.377080e-04  6.165930e-04  7.379640e-04  7.689560e-04  7.548100e-04  7.339170e-04  7.184190e-04  7.089420e-04  7.035910e-04  7.007170e-04  6.992360e-04  6.985260e-04  6.982240e-04  6.981440e-04  6.981830e-04  6.982790e-04  6.984080e-04  6.985540e-04  6.987010e-04  6.988460e-04  6.989650e-04  6.989940e-04  6.989650e-04  6.988460e-04  6.987010e-04  6.985540e-04  6.984080e-04  6.982790e-04  6.981830e-04  6.981440e-04  6.982240e-04  6.985260e-04  6.992360e-04  7.007150e-04  7.035910e-04  7.089420e-04  7.184190e-04  7.339170e-04  7.548100e-04  7.689560e-04  7.379640e-04  6.165930e-04  4.377080e-04  2.833890e-04  1.770440e-04  1.076280e-04  6.366610e-05  3.670380e-05  2.067200e-05  1.141460e-05  6.205340e-06  3.334600e-06
-2.327500e-03  3.543180e-06  6.607880e-06  1.218570e-05  2.212950e-05  3.940580e-05  6.855670e-05  1.162550e-04  1.918730e-04  3.084940e-04  4.805080e-04  6.829980e-04  8.169540e-04  8.455320e-04  8.257000e-04  8.009730e-04  7.834680e-04  7.730020e-04  7.671670e-04  7.640490e-04  7.624580e-04  7.616910e-04  7.613700e-04  7.612860e-04  7.613310e-04  7.614350e-04  7.615770e-04  7.617370e-04  7.618990e-04  7.620560e-04  7.621950e-04  7.622240e-04  7.621950e-04  7.620560e-04  7.618990e-04  7.617370e-04  7.615770e-04  7.614350e-04  7.613310e-04  7.612860e-04  7.613700e-04  7.616910e-04  7.624580e-04  7.640490e-04  7.671670e-04  7.730020e-04  7.834680e-04  8.009730e-04  8.257000e-04  8.455320e-04  8.169540e-04  6.829980e-04  4.805080e-04  3.084940e-04  1.918730e-04  1.162550e-04  6.855670e-05  3.940580e-05  2.212950e-05  1.218570e-05  6.607880e-06  3.543180e-06
-2.450000e-03  3.755030e-06  7.018910e-06  1.297760e-05  2.363590e-05  4.221530e-05  7.367130e-05  1.253270e-04  2.075450e-04  3.351710e-04  5.267710e-04  7.564190e-04  9.040500e-04  9.286410e-04  9.018950e-04  8.728400e-04  8.531560e-04  8.416450e-04  8.353000e-04  8.319390e-04  8.302260e-04  8.294040e-04  8.290610e-04  8.289730e-04  8.290240e-04  8.291440e-04  8.292950e-04  8.294750e-04  8.296460e-04  8.298230e-04  8.299830e-04  8.300090e-04  8.299830e-04  8.298230e-04  8.296460e-04  8.294750e-04  8.292950e-04  8.291440e-04  8.290240e-04  8.289730e-04  8.290610e-04  8.294040e-04  8.302260e-04  8.319390e-04  8.353000e-04  8.416450e-04  8.531560e-04  8.728400e-04  9.018950e-04  9.286410e-04  9.040500e-04  7.564190e-04  5.267720e-04  3.351710e-04  2.075450e-04  1.253270e-04  7.367130e-05  4.221530e-05  2.363590e-05  1.297760e-05  7.018910e-06  3.755030e-06
