# Author : T.Tanabe
# W90v4_pole65mm_7m
# Undulator Length [m]
7.02
# Number of Horizontal Points
61
# Number of Vertical Points
41
# Horizontal 2nd Order Kick [T2m2]
START
               -3.00000e-002 -2.90000e-002 -2.80000e-002 -2.70000e-002 -2.60000e-002 -2.50000e-002 -2.40000e-002 -2.30000e-002 -2.20000e-002 -2.10000e-002 -2.00000e-002 -1.90000e-002 -1.80000e-002 -1.70000e-002 -1.60000e-002 -1.50000e-002 -1.40000e-002 -1.30000e-002 -1.20000e-002 -1.10000e-002 -1.00000e-002 -9.00000e-003 -8.00000e-003 -7.00000e-003 -6.00000e-003 -5.00000e-003 -4.00000e-003 -3.00000e-003 -2.00000e-003 -1.00000e-003  0.00000e+000  1.00000e-003  2.00000e-003  3.00000e-003  4.00000e-003  5.00000e-003  6.00000e-003  7.00000e-003  8.00000e-003  9.00000e-003  1.00000e-002  1.10000e-002  1.20000e-002  1.30000e-002  1.40000e-002  1.50000e-002  1.60000e-002  1.70000e-002  1.80000e-002  1.90000e-002  2.00000e-002  2.10000e-002  2.20000e-002  2.30000e-002  2.40000e-002  2.50000e-002  2.60000e-002  2.70000e-002  2.80000e-002  2.90000e-002  3.00000e-002
  5.00000e-003 -5.99086e-004 -6.07951e-004 -6.19252e-004 -5.23080e-004 -4.40852e-004 -4.12909e-004 -3.73854e-004 -4.01398e-004 -4.64786e-004 -5.71645e-004 -4.66622e-004 -2.37210e-004 -3.60546e-004 -1.95899e-004 -7.80831e-005 -2.71972e-004 -5.84849e-005 -2.29726e-004 -1.50799e-004 -5.75388e-005 -1.45035e-004  7.92888e-005 -1.42758e-004  8.86573e-005 -2.18374e-004  1.06322e-004 -2.16060e-004  1.29893e-004 -9.21285e-005  5.66451e-005  0.00000e+000 -5.66451e-005  9.21285e-005 -1.29893e-004  2.16060e-004 -1.06322e-004  2.18374e-004 -8.86573e-005  1.42758e-004 -7.92888e-005  1.45035e-004  5.75388e-005  1.50799e-004  2.29726e-004  5.84849e-005  2.71971e-004  7.80825e-005  1.95899e-004  3.60546e-004  2.37210e-004  4.66622e-004  5.71645e-004  4.64786e-004  4.01398e-004  3.73854e-004  4.12909e-004  4.40851e-004  5.23080e-004  6.19252e-004  6.07951e-004  5.99086e-004
  4.75000e-003 -1.36429e-003 -1.13751e-003 -9.95684e-004 -8.33705e-004 -6.74829e-004 -5.45952e-004 -4.69077e-004 -4.98546e-004 -5.34263e-004 -5.41883e-004 -4.60659e-004 -3.26390e-004 -3.18759e-004 -2.15936e-004 -1.46944e-004 -2.09443e-004 -1.30934e-004 -1.87425e-004 -1.48795e-004 -8.54216e-005 -1.01958e-004  9.58965e-006 -7.97393e-005  1.30357e-005 -1.26783e-004  2.23827e-005 -1.20956e-004  5.52284e-005 -4.34714e-005  2.93471e-005  0.00000e+000 -2.93471e-005  4.34714e-005 -5.52284e-005  1.20956e-004 -2.23827e-005  1.26783e-004 -1.30357e-005  7.97393e-005 -9.58965e-006  1.01958e-004  8.54216e-005  1.48795e-004  1.87425e-004  1.30934e-004  2.09443e-004  1.46943e-004  2.15935e-004  3.18759e-004  3.26390e-004  4.60660e-004  5.41882e-004  5.34263e-004  4.98547e-004  4.69077e-004  5.45952e-004  6.74829e-004  8.33705e-004  9.96851e-004  1.13751e-003  1.36429e-003
  4.50000e-003 -2.11149e-003 -1.66327e-003 -1.36627e-003 -1.10862e-003 -8.79547e-004 -6.95194e-004 -5.82364e-004 -5.73793e-004 -5.79527e-004 -5.46245e-004 -4.68835e-004 -3.67939e-004 -3.13614e-004 -2.36970e-004 -1.81213e-004 -1.91975e-004 -1.58270e-004 -1.72423e-004 -1.44499e-004 -9.78264e-005 -8.62201e-005 -2.31658e-005 -5.71064e-005 -2.09062e-005 -8.52197e-005 -1.39537e-005 -7.47562e-005  1.75571e-005 -2.10365e-005  1.40153e-005  0.00000e+000 -1.40153e-005  2.10365e-005 -1.75571e-005  7.47562e-005  1.39537e-005  8.52204e-005  2.09062e-005  5.71064e-005  2.31658e-005  8.62201e-005  9.78264e-005  1.44499e-004  1.72423e-004  1.58270e-004  1.91975e-004  1.81213e-004  2.36970e-004  3.13614e-004  3.67939e-004  4.68835e-004  5.46245e-004  5.79527e-004  5.73793e-004  5.82364e-004  6.95196e-004  8.79547e-004  1.10862e-003  1.36627e-003  1.66328e-003  2.11149e-003
  4.25000e-003 -2.82501e-003 -2.17378e-003 -1.72305e-003 -1.36826e-003 -1.07423e-003 -8.43119e-004 -6.97129e-004 -6.44921e-004 -6.18513e-004 -5.63364e-004 -4.81644e-004 -3.90525e-004 -3.20183e-004 -2.52036e-004 -2.03531e-004 -1.89828e-004 -1.70245e-004 -1.65733e-004 -1.43754e-004 -1.03144e-004 -8.11235e-005 -4.28012e-005 -5.09916e-005 -3.59116e-005 -6.61811e-005 -3.13173e-005 -5.46028e-005  3.09359e-008 -1.39415e-005  6.97552e-006  0.00000e+000 -6.97552e-006  1.39415e-005 -3.09358e-008  5.46028e-005  3.13173e-005  6.61811e-005  3.59116e-005  5.09916e-005  4.28008e-005  8.11235e-005  1.03144e-004  1.43754e-004  1.65733e-004  1.70245e-004  1.89828e-004  2.03531e-004  2.52036e-004  3.20183e-004  3.90525e-004  4.81644e-004  5.63364e-004  6.18513e-004  6.44921e-004  6.97129e-004  8.43119e-004  1.07539e-003  1.36825e-003  1.72305e-003  2.17377e-003  2.82500e-003
  4.00000e-003 -3.50575e-003 -2.66604e-003 -2.07104e-003 -1.61762e-003 -1.26150e-003 -9.87543e-004 -8.06442e-004 -7.15515e-004 -6.54876e-004 -5.83865e-004 -4.97881e-004 -4.07179e-004 -3.32528e-004 -2.67006e-004 -2.17580e-004 -1.94683e-004 -1.77510e-004 -1.63770e-004 -1.41896e-004 -1.07266e-004 -8.18796e-005 -5.30014e-005 -5.07360e-005 -4.38305e-005 -5.65978e-005 -3.81065e-005 -4.16101e-005 -9.22254e-006 -9.24303e-006  2.31805e-006  0.00000e+000 -2.31805e-006  9.24303e-006  9.22254e-006  4.16101e-005  3.81065e-005  5.65978e-005  4.38305e-005  5.07360e-005  5.30014e-005  8.18796e-005  1.07266e-004  1.41896e-004  1.63770e-004  1.77510e-004  1.94683e-004  2.17580e-004  2.67007e-004  3.32528e-004  4.07179e-004  4.97881e-004  5.83865e-004  6.54876e-004  7.15515e-004  8.06442e-004  9.87543e-004  1.26150e-003  1.61762e-003  2.07104e-003  2.66604e-003  3.50575e-003
  3.75000e-003 -4.15353e-003 -3.13610e-003 -2.40601e-003 -1.86163e-003 -1.44048e-003 -1.12633e-003 -9.09283e-004 -7.81053e-004 -6.93312e-004 -6.06580e-004 -5.14072e-004 -4.24908e-004 -3.44834e-004 -2.79600e-004 -2.31544e-004 -2.00693e-004 -1.78999e-004 -1.63012e-004 -1.41237e-004 -1.09075e-004 -8.38001e-005 -6.08124e-005 -5.28003e-005 -4.70816e-005 -5.05778e-005 -3.90847e-005 -3.68050e-005 -1.26363e-005 -9.19570e-006 -1.14263e-006  0.00000e+000  1.14263e-006  9.19570e-006  1.26363e-005  3.68050e-005  3.90847e-005  5.05778e-005  4.70820e-005  5.28003e-005  6.08124e-005  8.38001e-005  1.09075e-004  1.41237e-004  1.63012e-004  1.78999e-004  2.00693e-004  2.31544e-004  2.79600e-004  3.44834e-004  4.24909e-004  5.14071e-004  6.06580e-004  6.93312e-004  7.81053e-004  9.09282e-004  1.12633e-003  1.44048e-003  1.86163e-003  2.40601e-003  3.13610e-003  4.15353e-003
  3.50000e-003 -4.76816e-003 -3.58458e-003 -2.73067e-003 -2.09485e-003 -1.61484e-003 -1.25509e-003 -1.00466e-003 -8.45087e-004 -7.31555e-004 -6.29224e-004 -5.31378e-004 -4.38008e-004 -3.57114e-004 -2.89865e-004 -2.40864e-004 -2.07847e-004 -1.85094e-004 -1.62307e-004 -1.40623e-004 -1.13182e-004 -8.57270e-005 -6.51335e-005 -5.37164e-005 -4.91688e-005 -5.03492e-005 -4.00582e-005 -3.43485e-005 -1.60181e-005 -8.00742e-006 -1.13834e-006  0.00000e+000  1.13834e-006  8.00742e-006  1.60181e-005  3.43485e-005  4.00582e-005  5.03492e-005  4.91688e-005  5.37164e-005  6.51335e-005  8.57270e-005  1.13182e-004  1.40623e-004  1.62307e-004  1.85094e-004  2.07847e-004  2.40864e-004  2.89865e-004  3.57114e-004  4.38008e-004  5.31378e-004  6.29224e-004  7.31555e-004  8.45087e-004  1.00466e-003  1.25509e-003  1.61484e-003  2.09485e-003  2.73067e-003  3.58458e-003  4.76816e-003
  3.25000e-003 -5.34714e-003 -4.00872e-003 -3.03634e-003 -2.31761e-003 -1.77911e-003 -1.37746e-003 -1.09500e-003 -9.06555e-004 -7.68524e-004 -6.54108e-004 -5.47534e-004 -4.52243e-004 -3.70522e-004 -3.01256e-004 -2.51306e-004 -2.13855e-004 -1.88909e-004 -1.66206e-004 -1.41191e-004 -1.13864e-004 -8.88030e-005 -6.71566e-005 -5.57826e-005 -5.12501e-005 -4.78616e-005 -4.10335e-005 -3.30630e-005 -1.82351e-005 -1.02541e-005 -3.41567e-006  0.00000e+000  3.41567e-006  1.02541e-005  1.82351e-005  3.30630e-005  4.10335e-005  4.78616e-005  5.12501e-005  5.57826e-005  6.71566e-005  8.88025e-005  1.13864e-004  1.41191e-004  1.66206e-004  1.88909e-004  2.14994e-004  2.51306e-004  3.01256e-004  3.70522e-004  4.52243e-004  5.47534e-004  6.54108e-004  7.68524e-004  9.06555e-004  1.09500e-003  1.37746e-003  1.77911e-003  2.31761e-003  3.03634e-003  4.00872e-003  5.34714e-003
  3.00000e-003 -5.89136e-003 -4.40689e-003 -3.32574e-003 -2.52682e-003 -1.93354e-003 -1.49362e-003 -1.17931e-003 -9.62137e-004 -8.04270e-004 -6.75559e-004 -5.63704e-004 -4.64217e-004 -3.80520e-004 -3.11504e-004 -2.59462e-004 -2.19875e-004 -1.91609e-004 -1.66718e-004 -1.40658e-004 -1.15709e-004 -9.07427e-005 -7.03166e-005 -5.89822e-005 -5.21941e-005 -4.65427e-005 -3.97420e-005 -3.17986e-005 -1.93009e-005 -1.13508e-005 -2.26726e-006  0.00000e+000  2.26726e-006  1.13508e-005  1.93009e-005  3.17986e-005  3.97420e-005  4.65427e-005  5.21941e-005  5.89822e-005  7.03166e-005  9.07427e-005  1.15709e-004  1.40658e-004  1.66718e-004  1.91609e-004  2.19875e-004  2.59462e-004  3.11504e-004  3.80520e-004  4.64217e-004  5.63704e-004  6.75559e-004  8.04270e-004  9.62137e-004  1.17931e-003  1.49362e-003  1.93354e-003  2.52682e-003  3.32574e-003  4.40689e-003  5.89136e-003
  2.75000e-003 -6.39718e-003 -4.77970e-003 -3.59592e-003 -2.72394e-003 -2.07725e-003 -1.60148e-003 -1.25772e-003 -1.01534e-003 -8.38846e-004 -6.98162e-004 -5.79905e-004 -4.76228e-004 -3.91680e-004 -3.20631e-004 -2.65369e-004 -2.25912e-004 -1.94344e-004 -1.67272e-004 -1.41301e-004 -1.15307e-004 -9.26944e-005 -7.34714e-005 -6.10438e-005 -5.31451e-005 -4.75104e-005 -3.84703e-005 -3.05538e-005 -2.14978e-005 -1.24439e-005 -5.65464e-006  0.00000e+000  5.65464e-006  1.24439e-005  2.14978e-005  3.05537e-005  3.84703e-005  4.75111e-005  5.31451e-005  6.10438e-005  7.34714e-005  9.26944e-005  1.15307e-004  1.41301e-004  1.67272e-004  1.94344e-004  2.25912e-004  2.65369e-004  3.20631e-004  3.91680e-004  4.76228e-004  5.79905e-004  6.98162e-004  8.38846e-004  1.01534e-003  1.25772e-003  1.60148e-003  2.07725e-003  2.72394e-003  3.59592e-003  4.77970e-003  6.39718e-003
  2.50000e-003 -6.86429e-003 -5.12437e-003 -3.84731e-003 -2.90814e-003 -2.21383e-003 -1.70009e-003 -1.33148e-003 -1.06735e-003 -8.71172e-004 -7.19678e-004 -5.95029e-004 -4.89414e-004 -4.00617e-004 -3.28659e-004 -2.73567e-004 -2.29718e-004 -1.98244e-004 -1.70128e-004 -1.43110e-004 -1.17199e-004 -9.35315e-005 -7.54981e-005 -6.19792e-005 -5.29779e-005 -4.73576e-005 -3.94745e-005 -3.04536e-005 -2.14284e-005 -1.12759e-005 -6.76498e-006  0.00000e+000  6.76498e-006  1.12759e-005  2.14284e-005  3.04536e-005  3.94745e-005  4.73576e-005  5.29779e-005  6.19792e-005  7.54981e-005  9.35315e-005  1.17199e-004  1.43110e-004  1.70128e-004  1.98244e-004  2.29718e-004  2.73567e-004  3.28659e-004  4.00617e-004  4.89414e-004  5.95029e-004  7.19678e-004  8.71171e-004  1.06735e-003  1.33148e-003  1.70009e-003  2.21383e-003  2.90814e-003  3.84731e-003  5.12437e-003  6.86429e-003
  2.25000e-003 -7.29010e-003 -5.43922e-003 -4.07918e-003 -3.07633e-003 -2.33676e-003 -1.79410e-003 -1.39733e-003 -1.11150e-003 -9.01300e-004 -7.40138e-004 -6.07979e-004 -5.00412e-004 -4.08488e-004 -3.36731e-004 -2.79543e-004 -2.33565e-004 -1.98805e-004 -1.70764e-004 -1.44948e-004 -1.19113e-004 -9.55135e-005 -7.64086e-005 -6.51796e-005 -5.28264e-005 -4.72209e-005 -3.82350e-005 -3.03655e-005 -2.13667e-005 -1.12433e-005 -6.74673e-006  0.00000e+000  6.74673e-006  1.12433e-005  2.13667e-005  3.03655e-005  3.82350e-005  4.72209e-005  5.28264e-005  6.51796e-005  7.64086e-005  9.55135e-005  1.19113e-004  1.44948e-004  1.70764e-004  1.98805e-004  2.33565e-004  2.79543e-004  3.36731e-004  4.08488e-004  5.00412e-004  6.07979e-004  7.40138e-004  9.01300e-004  1.11150e-003  1.39733e-003  1.79410e-003  2.33676e-003  3.07633e-003  4.07918e-003  5.43922e-003  7.29010e-003
  2.00000e-003 -7.67202e-003 -5.72479e-003 -4.28745e-003 -3.22882e-003 -2.44850e-003 -1.87581e-003 -1.45763e-003 -1.15349e-003 -9.29282e-004 -7.58453e-004 -6.22149e-004 -5.10368e-004 -4.16431e-004 -3.41489e-004 -2.84444e-004 -2.38580e-004 -2.01661e-004 -1.72569e-004 -1.44576e-004 -1.18808e-004 -9.75131e-005 -7.95800e-005 -6.61351e-005 -5.60545e-005 -4.59755e-005 -3.81337e-005 -2.91637e-005 -2.24336e-005 -1.34571e-005 -5.60730e-006  0.00000e+000  5.60730e-006  1.34571e-005  2.24336e-005  2.91637e-005  3.81337e-005  4.59751e-005  5.60545e-005  6.61351e-005  7.95800e-005  9.75131e-005  1.18808e-004  1.44575e-004  1.72569e-004  2.01661e-004  2.38580e-004  2.84444e-004  3.41489e-004  4.16431e-004  5.10368e-004  6.22149e-004  7.58453e-004  9.29282e-004  1.15349e-003  1.45763e-003  1.87581e-003  2.44850e-003  3.22882e-003  4.28745e-003  5.72479e-003  7.67202e-003
  1.75000e-003 -8.01623e-003 -5.97710e-003 -4.47358e-003 -3.36696e-003 -2.54923e-003 -1.94985e-003 -1.51248e-003 -1.19227e-003 -9.56276e-004 -7.75778e-004 -6.31953e-004 -5.18186e-004 -4.24457e-004 -3.48562e-004 -2.90523e-004 -2.41400e-004 -2.04563e-004 -1.72177e-004 -1.46485e-004 -1.19656e-004 -9.95332e-005 -7.94013e-005 -6.59861e-005 -5.48087e-005 -4.69893e-005 -3.80457e-005 -2.90959e-005 -2.12625e-005 -1.23081e-005 -6.71399e-006  0.00000e+000  6.71399e-006  1.23081e-005  2.12625e-005  2.90959e-005  3.80457e-005  4.69893e-005  5.48087e-005  6.59861e-005  7.94013e-005  9.95332e-005  1.19656e-004  1.46485e-004  1.72177e-004  2.04562e-004  2.41400e-004  2.90522e-004  3.48562e-004  4.24457e-004  5.18186e-004  6.31953e-004  7.75778e-004  9.56276e-004  1.19227e-003  1.51248e-003  1.94985e-003  2.54923e-003  3.36696e-003  4.47358e-003  5.97710e-003  8.01623e-003
  1.50000e-003 -8.31336e-003 -6.19772e-003 -4.63680e-003 -3.48543e-003 -2.63689e-003 -2.01300e-003 -1.55750e-003 -1.22454e-003 -9.78971e-004 -7.89907e-004 -6.44130e-004 -5.26117e-004 -4.30336e-004 -3.53470e-004 -2.93310e-004 -2.44282e-004 -2.06397e-004 -1.74074e-004 -1.46196e-004 -1.20538e-004 -1.00454e-004 -8.14793e-005 -6.69744e-005 -5.58187e-005 -4.68946e-005 -3.79695e-005 -2.90380e-005 -2.01021e-005 -1.22847e-005 -5.58224e-006  0.00000e+000  5.58224e-006  1.22847e-005  2.01021e-005  2.90380e-005  3.79695e-005  4.68946e-005  5.58187e-005  6.69744e-005  8.14793e-005  1.00454e-004  1.20538e-004  1.46196e-004  1.74074e-004  2.06397e-004  2.44282e-004  2.93310e-004  3.53470e-004  4.30336e-004  5.26117e-004  6.44130e-004  7.89907e-004  9.78971e-004  1.22454e-003  1.55750e-003  2.01300e-003  2.63689e-003  3.48542e-003  4.63680e-003  6.19772e-003  8.31336e-003
  1.25000e-003 -8.56615e-003 -6.38592e-003 -4.77627e-003 -3.58666e-003 -2.71276e-003 -2.06761e-003 -1.59726e-003 -1.25259e-003 -9.95190e-004 -8.01985e-004 -6.51993e-004 -5.33059e-004 -4.35205e-004 -3.58465e-004 -2.97287e-004 -2.47222e-004 -2.07171e-004 -1.74900e-004 -1.47068e-004 -1.21452e-004 -1.01402e-004 -8.13454e-005 -6.79779e-005 -5.57264e-005 -4.79326e-005 -3.90201e-005 -3.01031e-005 -2.00695e-005 -1.44943e-005 -6.69016e-006  0.00000e+000  6.69016e-006  1.44943e-005  2.00695e-005  3.01031e-005  3.90201e-005  4.79326e-005  5.57264e-005  6.79779e-005  8.13454e-005  1.01402e-004  1.21452e-004  1.47068e-004  1.74900e-004  2.07171e-004  2.47222e-004  2.97287e-004  3.58465e-004  4.35205e-004  5.33059e-004  6.51993e-004  8.01985e-004  9.95190e-004  1.25259e-003  1.59726e-003  2.06761e-003  2.71276e-003  3.58666e-003  4.77627e-003  6.38592e-003  8.56615e-003
  1.00000e-003 -8.77286e-003 -6.54094e-003 -4.89003e-003 -3.66973e-003 -2.77363e-003 -2.11487e-003 -1.63069e-003 -1.27426e-003 -1.01276e-003 -8.14260e-004 -6.58911e-004 -5.39023e-004 -4.39075e-004 -3.62436e-004 -3.00226e-004 -2.50229e-004 -2.09115e-004 -1.76887e-004 -1.47981e-004 -1.22400e-004 -1.01263e-004 -8.34622e-005 -6.89999e-005 -5.67639e-005 -4.67529e-005 -3.89671e-005 -3.00633e-005 -2.22681e-005 -1.33612e-005 -6.68051e-006  0.00000e+000  6.68051e-006  1.33612e-005  2.22681e-005  3.00633e-005  3.89671e-005  4.67529e-005  5.67639e-005  6.89999e-005  8.34622e-005  1.01263e-004  1.22400e-004  1.47981e-004  1.76887e-004  2.09115e-004  2.50229e-004  3.00226e-004  3.62436e-004  4.39075e-004  5.39023e-004  6.58911e-004  8.14260e-004  1.01276e-003  1.27426e-003  1.63069e-003  2.11376e-003  2.77363e-003  3.66973e-003  4.89003e-003  6.54094e-003  8.77286e-003
  7.50000e-004 -8.93604e-003 -6.66195e-003 -4.97939e-003 -3.73701e-003 -2.82184e-003 -2.14821e-003 -1.65454e-003 -1.29293e-003 -1.02504e-003 -8.21191e-004 -6.67116e-004 -5.41797e-004 -4.43063e-004 -3.64282e-004 -3.02136e-004 -2.51079e-004 -2.11118e-004 -1.76699e-004 -1.47824e-004 -1.22271e-004 -1.01158e-004 -8.44865e-005 -6.89267e-005 -5.78156e-005 -4.67020e-005 -3.89244e-005 -3.00296e-005 -2.11325e-005 -1.44601e-005 -6.67214e-006  0.00000e+000  6.67214e-006  1.44601e-005  2.11325e-005  3.00296e-005  3.89244e-005  4.67020e-005  5.78156e-005  6.89267e-005  8.44865e-005  1.01158e-004  1.22271e-004  1.47824e-004  1.76699e-004  2.11118e-004  2.51079e-004  3.02136e-004  3.64282e-004  4.43063e-004  5.41797e-004  6.67116e-004  8.21191e-004  1.02504e-003  1.29293e-003  1.65454e-003  2.14821e-003  2.82184e-003  3.73701e-003  4.97939e-003  6.66195e-003  8.93604e-003
  5.00000e-004 -9.05270e-003 -6.75027e-003 -5.04342e-003 -3.78309e-003 -2.85637e-003 -2.17435e-003 -1.67439e-003 -1.30528e-003 -1.03426e-003 -8.30571e-004 -6.71062e-004 -5.45836e-004 -4.44955e-004 -3.66233e-004 -3.01909e-004 -2.52002e-004 -2.12071e-004 -1.77677e-004 -1.47712e-004 -1.22179e-004 -1.02191e-004 -8.44228e-005 -6.99872e-005 -5.88835e-005 -4.77786e-005 -3.88941e-005 -3.00068e-005 -2.22289e-005 -1.44479e-005 -6.66903e-006  0.00000e+000  6.66903e-006  1.44479e-005  2.22289e-005  3.00069e-005  3.88944e-005  4.77786e-005  5.88835e-005  6.99872e-005  8.44228e-005  1.02191e-004  1.22179e-004  1.47712e-004  1.77677e-004  2.12071e-004  2.52002e-004  3.01909e-004  3.66233e-004  4.44955e-004  5.45836e-004  6.71062e-004  8.30571e-004  1.03426e-003  1.30528e-003  1.67439e-003  2.17435e-003  2.85637e-003  3.78309e-003  5.04342e-003  6.75027e-003  9.05270e-003
  2.50000e-004 -9.12306e-003 -6.80166e-003 -5.08113e-003 -3.81136e-003 -2.87729e-003 -2.19002e-003 -1.68473e-003 -1.31468e-003 -1.03935e-003 -8.32420e-004 -6.72982e-004 -5.47812e-004 -4.48087e-004 -3.68288e-004 -3.02884e-004 -2.51887e-004 -2.11976e-004 -1.78709e-004 -1.48755e-004 -1.24344e-004 -1.01034e-004 -8.43847e-005 -6.99554e-005 -5.77460e-005 -4.77575e-005 -3.77646e-005 -2.99931e-005 -2.22175e-005 -1.22188e-005 -7.77669e-006  0.00000e+000  7.77669e-006  1.22188e-005  2.22175e-005  2.99931e-005  3.77646e-005  4.77575e-005  5.77460e-005  6.99554e-005  8.43847e-005  1.01034e-004  1.24344e-004  1.48755e-004  1.78709e-004  2.11976e-004  2.51887e-004  3.02884e-004  3.68288e-004  4.48087e-004  5.47812e-004  6.72982e-004  8.32420e-004  1.03935e-003  1.31468e-003  1.68473e-003  2.19002e-003  2.87729e-003  3.81136e-003  5.08113e-003  6.80166e-003  9.12306e-003
  0.00000e+000 -9.14613e-003 -6.81951e-003 -5.09480e-003 -3.82299e-003 -2.88462e-003 -2.19524e-003 -1.68781e-003 -1.31670e-003 -1.04141e-003 -8.33406e-004 -6.72883e-004 -5.48841e-004 -4.48021e-004 -3.67125e-004 -3.03950e-004 -2.54071e-004 -2.11943e-004 -1.77569e-004 -1.48733e-004 -1.24326e-004 -1.03241e-004 -8.43717e-005 -6.99451e-005 -5.77369e-005 -4.77483e-005 -3.88706e-005 -2.99891e-005 -2.22139e-005 -1.44383e-005 -6.66502e-006  0.00000e+000  6.66502e-006  1.44383e-005  2.22139e-005  2.99891e-005  3.88706e-005  4.77483e-005  5.77369e-005  6.99451e-005  8.43717e-005  1.03241e-004  1.24326e-004  1.48732e-004  1.77569e-004  2.11943e-004  2.54072e-004  3.03950e-004  3.67124e-004  4.48021e-004  5.48841e-004  6.72883e-004  8.33406e-004  1.04141e-003  1.31670e-003  1.68781e-003  2.19524e-003  2.88462e-003  3.82299e-003  5.09480e-003  6.81951e-003  9.14613e-003
 -2.50000e-004 -9.12306e-003 -6.80166e-003 -5.08113e-003 -3.81136e-003 -2.87729e-003 -2.19002e-003 -1.68473e-003 -1.31468e-003 -1.03935e-003 -8.32420e-004 -6.72982e-004 -5.47812e-004 -4.48087e-004 -3.68288e-004 -3.02884e-004 -2.51887e-004 -2.11976e-004 -1.78709e-004 -1.48755e-004 -1.24344e-004 -1.01034e-004 -8.43847e-005 -6.99554e-005 -5.77460e-005 -4.77577e-005 -3.77646e-005 -2.99931e-005 -2.22175e-005 -1.22188e-005 -7.77669e-006  0.00000e+000  7.77669e-006  1.22188e-005  2.22175e-005  2.99931e-005  3.77646e-005  4.77577e-005  5.77460e-005  6.99554e-005  8.43847e-005  1.01034e-004  1.24344e-004  1.48755e-004  1.78709e-004  2.11976e-004  2.51887e-004  3.02884e-004  3.68288e-004  4.48087e-004  5.47812e-004  6.72982e-004  8.32420e-004  1.03935e-003  1.31468e-003  1.68473e-003  2.19002e-003  2.87729e-003  3.81136e-003  5.08113e-003  6.80166e-003  9.12306e-003
 -5.00000e-004 -9.05270e-003 -6.75027e-003 -5.04342e-003 -3.78309e-003 -2.85637e-003 -2.17435e-003 -1.67439e-003 -1.30528e-003 -1.03426e-003 -8.30571e-004 -6.71062e-004 -5.45836e-004 -4.44955e-004 -3.66233e-004 -3.01909e-004 -2.52002e-004 -2.12071e-004 -1.77677e-004 -1.47712e-004 -1.22179e-004 -1.02191e-004 -8.44228e-005 -6.99872e-005 -5.88835e-005 -4.77786e-005 -3.88944e-005 -3.00069e-005 -2.22289e-005 -1.44479e-005 -6.66903e-006  0.00000e+000  6.66903e-006  1.44479e-005  2.22289e-005  3.00069e-005  3.88944e-005  4.77786e-005  5.88835e-005  6.99872e-005  8.44228e-005  1.02191e-004  1.22179e-004  1.47712e-004  1.77677e-004  2.12071e-004  2.52002e-004  3.01909e-004  3.66233e-004  4.44955e-004  5.45836e-004  6.71062e-004  8.30571e-004  1.03426e-003  1.30528e-003  1.67439e-003  2.17435e-003  2.85637e-003  3.78309e-003  5.04342e-003  6.75027e-003  9.05270e-003
 -7.50000e-004 -8.93604e-003 -6.66195e-003 -4.97939e-003 -3.73701e-003 -2.82184e-003 -2.14821e-003 -1.65454e-003 -1.29293e-003 -1.02504e-003 -8.21191e-004 -6.67116e-004 -5.41797e-004 -4.43063e-004 -3.64282e-004 -3.02136e-004 -2.51079e-004 -2.11118e-004 -1.76699e-004 -1.47824e-004 -1.22271e-004 -1.01158e-004 -8.44865e-005 -6.89267e-005 -5.78154e-005 -4.67020e-005 -3.89244e-005 -3.00296e-005 -2.11326e-005 -1.44601e-005 -6.67214e-006  0.00000e+000  6.67214e-006  1.44601e-005  2.11326e-005  3.00296e-005  3.89244e-005  4.67020e-005  5.78156e-005  6.89267e-005  8.44865e-005  1.01158e-004  1.22271e-004  1.47824e-004  1.76699e-004  2.11118e-004  2.51079e-004  3.02136e-004  3.64282e-004  4.43063e-004  5.41797e-004  6.67116e-004  8.21191e-004  1.02504e-003  1.29293e-003  1.65454e-003  2.14821e-003  2.82184e-003  3.73701e-003  4.97939e-003  6.66195e-003  8.93604e-003
 -1.00000e-003 -8.77286e-003 -6.54094e-003 -4.89003e-003 -3.66973e-003 -2.77363e-003 -2.11487e-003 -1.63069e-003 -1.27426e-003 -1.01276e-003 -8.14260e-004 -6.58911e-004 -5.39023e-004 -4.39075e-004 -3.62436e-004 -3.00226e-004 -2.50229e-004 -2.09115e-004 -1.76887e-004 -1.47981e-004 -1.22400e-004 -1.01263e-004 -8.34622e-005 -6.89999e-005 -5.67639e-005 -4.67529e-005 -3.89671e-005 -3.00633e-005 -2.22681e-005 -1.33612e-005 -6.68051e-006  0.00000e+000  6.68051e-006  1.33612e-005  2.22681e-005  3.00633e-005  3.89671e-005  4.67529e-005  5.67639e-005  6.89999e-005  8.34622e-005  1.01263e-004  1.22400e-004  1.47981e-004  1.76887e-004  2.09115e-004  2.50229e-004  3.00226e-004  3.62436e-004  4.39075e-004  5.39023e-004  6.58911e-004  8.14260e-004  1.01276e-003  1.27426e-003  1.63069e-003  2.11376e-003  2.77363e-003  3.66973e-003  4.89003e-003  6.54094e-003  8.77286e-003
 -1.25000e-003 -8.56615e-003 -6.38592e-003 -4.77627e-003 -3.58666e-003 -2.71276e-003 -2.06761e-003 -1.59726e-003 -1.25259e-003 -9.95190e-004 -8.01985e-004 -6.51993e-004 -5.33059e-004 -4.35205e-004 -3.58465e-004 -2.97287e-004 -2.47222e-004 -2.07171e-004 -1.74900e-004 -1.47068e-004 -1.21452e-004 -1.01402e-004 -8.13454e-005 -6.79779e-005 -5.57264e-005 -4.79326e-005 -3.90201e-005 -3.01031e-005 -2.00695e-005 -1.44946e-005 -6.69016e-006  0.00000e+000  6.69016e-006  1.44946e-005  2.00695e-005  3.01031e-005  3.90201e-005  4.79326e-005  5.57264e-005  6.79779e-005  8.13454e-005  1.01402e-004  1.21452e-004  1.47068e-004  1.74900e-004  2.07171e-004  2.47222e-004  2.97287e-004  3.58465e-004  4.35205e-004  5.33059e-004  6.51993e-004  8.01985e-004  9.95190e-004  1.25259e-003  1.59726e-003  2.06761e-003  2.71276e-003  3.58666e-003  4.77627e-003  6.38592e-003  8.56615e-003
 -1.50000e-003 -8.31336e-003 -6.19772e-003 -4.63680e-003 -3.48542e-003 -2.63689e-003 -2.01300e-003 -1.55750e-003 -1.22454e-003 -9.78972e-004 -7.89907e-004 -6.44130e-004 -5.26117e-004 -4.30336e-004 -3.53470e-004 -2.93310e-004 -2.44282e-004 -2.06397e-004 -1.74074e-004 -1.46196e-004 -1.20538e-004 -1.00454e-004 -8.14793e-005 -6.69744e-005 -5.58187e-005 -4.68946e-005 -3.79695e-005 -2.90380e-005 -2.01021e-005 -1.22847e-005 -5.58224e-006  0.00000e+000  5.58224e-006  1.22847e-005  2.01021e-005  2.90380e-005  3.79695e-005  4.68946e-005  5.58187e-005  6.69748e-005  8.14793e-005  1.00454e-004  1.20538e-004  1.46196e-004  1.74074e-004  2.06397e-004  2.44282e-004  2.93310e-004  3.53470e-004  4.30336e-004  5.26117e-004  6.44130e-004  7.89907e-004  9.78972e-004  1.22454e-003  1.55750e-003  2.01300e-003  2.63689e-003  3.48542e-003  4.63680e-003  6.19772e-003  8.31226e-003
 -1.75000e-003 -8.01623e-003 -5.97710e-003 -4.47358e-003 -3.36696e-003 -2.54923e-003 -1.94985e-003 -1.51248e-003 -1.19227e-003 -9.56276e-004 -7.75778e-004 -6.31953e-004 -5.18186e-004 -4.24457e-004 -3.48562e-004 -2.90522e-004 -2.41400e-004 -2.04562e-004 -1.72177e-004 -1.46485e-004 -1.19656e-004 -9.95331e-005 -7.94013e-005 -6.59861e-005 -5.48087e-005 -4.69893e-005 -3.80457e-005 -2.90959e-005 -2.12625e-005 -1.23081e-005 -6.71399e-006  0.00000e+000  6.71399e-006  1.23081e-005  2.12625e-005  2.90959e-005  3.80457e-005  4.69893e-005  5.48087e-005  6.59862e-005  7.94013e-005  9.95331e-005  1.19656e-004  1.46485e-004  1.72177e-004  2.04562e-004  2.41400e-004  2.90522e-004  3.48562e-004  4.24457e-004  5.18186e-004  6.31953e-004  7.75778e-004  9.56276e-004  1.19227e-003  1.51248e-003  1.94985e-003  2.54923e-003  3.36696e-003  4.47358e-003  5.97710e-003  8.01623e-003
 -2.00000e-003 -7.67202e-003 -5.72479e-003 -4.28745e-003 -3.22882e-003 -2.44850e-003 -1.87581e-003 -1.45763e-003 -1.15349e-003 -9.29282e-004 -7.58453e-004 -6.22149e-004 -5.10368e-004 -4.16431e-004 -3.41489e-004 -2.84444e-004 -2.38580e-004 -2.01661e-004 -1.72569e-004 -1.44576e-004 -1.18808e-004 -9.75131e-005 -7.95795e-005 -6.61351e-005 -5.60545e-005 -4.59751e-005 -3.81337e-005 -2.91637e-005 -2.24336e-005 -1.34571e-005 -5.60730e-006  0.00000e+000  5.60730e-006  1.34571e-005  2.24336e-005  2.91637e-005  3.81337e-005  4.59751e-005  5.49326e-005  6.61351e-005  7.95795e-005  9.75131e-005  1.18808e-004  1.44575e-004  1.72569e-004  2.01661e-004  2.38580e-004  2.83323e-004  3.41489e-004  4.16431e-004  5.10368e-004  6.22149e-004  7.58453e-004  9.29282e-004  1.15349e-003  1.45763e-003  1.87581e-003  2.44850e-003  3.22882e-003  4.28745e-003  5.72479e-003  7.67202e-003
 -2.25000e-003 -7.29010e-003 -5.43922e-003 -4.07918e-003 -3.07633e-003 -2.33676e-003 -1.79410e-003 -1.39733e-003 -1.11150e-003 -9.01300e-004 -7.40138e-004 -6.07979e-004 -5.00412e-004 -4.08488e-004 -3.36730e-004 -2.79543e-004 -2.33565e-004 -1.98805e-004 -1.70764e-004 -1.44948e-004 -1.19113e-004 -9.55135e-005 -7.64086e-005 -6.51796e-005 -5.28264e-005 -4.72206e-005 -3.82350e-005 -3.03655e-005 -2.13667e-005 -1.12432e-005 -6.74673e-006  0.00000e+000  6.74673e-006  1.12432e-005  2.13667e-005  3.03655e-005  3.82350e-005  4.72206e-005  5.28264e-005  6.51796e-005  7.64086e-005  9.55135e-005  1.19113e-004  1.44948e-004  1.70764e-004  1.98805e-004  2.33565e-004  2.79543e-004  3.36730e-004  4.08488e-004  5.00412e-004  6.07979e-004  7.40138e-004  9.01300e-004  1.11150e-003  1.39733e-003  1.79410e-003  2.33676e-003  3.07633e-003  4.07918e-003  5.43922e-003  7.29010e-003
 -2.50000e-003 -6.86429e-003 -5.12437e-003 -3.84731e-003 -2.90814e-003 -2.21383e-003 -1.70009e-003 -1.33148e-003 -1.06735e-003 -8.71171e-004 -7.19678e-004 -5.95029e-004 -4.89414e-004 -4.00617e-004 -3.28659e-004 -2.73567e-004 -2.29718e-004 -1.98244e-004 -1.70128e-004 -1.43110e-004 -1.17199e-004 -9.35315e-005 -7.54981e-005 -6.19792e-005 -5.29785e-005 -4.73576e-005 -3.94745e-005 -3.04536e-005 -2.14282e-005 -1.12753e-005 -6.76498e-006  0.00000e+000  6.76498e-006  1.12753e-005  2.14282e-005  3.04536e-005  3.94745e-005  4.73576e-005  5.29782e-005  6.19792e-005  7.54981e-005  9.35315e-005  1.17199e-004  1.43110e-004  1.70128e-004  1.98244e-004  2.29718e-004  2.73567e-004  3.28659e-004  4.00617e-004  4.89414e-004  5.95029e-004  7.19678e-004  8.71171e-004  1.06735e-003  1.33148e-003  1.70009e-003  2.21383e-003  2.90814e-003  3.84731e-003  5.12437e-003  6.86429e-003
 -2.75000e-003 -6.39718e-003 -4.77970e-003 -3.59592e-003 -2.72394e-003 -2.07725e-003 -1.60148e-003 -1.25772e-003 -1.01534e-003 -8.38846e-004 -6.98162e-004 -5.79905e-004 -4.76228e-004 -3.91680e-004 -3.20631e-004 -2.65369e-004 -2.25912e-004 -1.94344e-004 -1.67272e-004 -1.41301e-004 -1.15307e-004 -9.26944e-005 -7.34714e-005 -6.10438e-005 -5.31451e-005 -4.75111e-005 -3.84703e-005 -3.05535e-005 -2.14969e-005 -1.24441e-005 -5.65464e-006  0.00000e+000  5.65464e-006  1.24441e-005  2.14978e-005  3.05535e-005  3.84703e-005  4.75111e-005  5.31453e-005  6.10438e-005  7.34714e-005  9.26944e-005  1.15307e-004  1.41301e-004  1.67272e-004  1.94344e-004  2.25912e-004  2.65369e-004  3.20631e-004  3.91680e-004  4.76228e-004  5.79905e-004  6.98162e-004  8.38846e-004  1.01534e-003  1.25772e-003  1.60148e-003  2.07725e-003  2.72394e-003  3.59592e-003  4.77970e-003  6.39718e-003
 -3.00000e-003 -5.89136e-003 -4.40689e-003 -3.32574e-003 -2.52682e-003 -1.93354e-003 -1.49362e-003 -1.17931e-003 -9.62137e-004 -8.04270e-004 -6.75559e-004 -5.63704e-004 -4.64217e-004 -3.80520e-004 -3.11504e-004 -2.59462e-004 -2.19875e-004 -1.91609e-004 -1.66718e-004 -1.40658e-004 -1.15709e-004 -9.07427e-005 -7.03168e-005 -5.89822e-005 -5.21941e-005 -4.65423e-005 -3.97420e-005 -3.17986e-005 -1.93009e-005 -1.13508e-005 -2.26726e-006  0.00000e+000  2.26726e-006  1.13508e-005  1.93009e-005  3.17986e-005  3.97420e-005  4.65423e-005  5.21943e-005  5.89822e-005  7.03168e-005  9.07427e-005  1.15709e-004  1.40658e-004  1.66718e-004  1.91609e-004  2.19875e-004  2.59462e-004  3.11504e-004  3.80520e-004  4.64217e-004  5.63704e-004  6.75558e-004  8.04270e-004  9.62137e-004  1.17931e-003  1.49362e-003  1.93354e-003  2.52682e-003  3.32574e-003  4.40689e-003  5.89136e-003
 -3.25000e-003 -5.34714e-003 -4.00872e-003 -3.03634e-003 -2.31761e-003 -1.77911e-003 -1.37746e-003 -1.09500e-003 -9.06555e-004 -7.68524e-004 -6.54109e-004 -5.47534e-004 -4.52243e-004 -3.70522e-004 -3.01256e-004 -2.51306e-004 -2.13855e-004 -1.88909e-004 -1.66206e-004 -1.41191e-004 -1.13864e-004 -8.88030e-005 -6.71566e-005 -5.57826e-005 -5.12501e-005 -4.78616e-005 -4.10335e-005 -3.30630e-005 -1.82351e-005 -1.02534e-005 -3.41567e-006  0.00000e+000  3.41567e-006  1.02534e-005  1.82351e-005  3.30634e-005  4.10335e-005  4.78616e-005  5.12501e-005  5.57826e-005  6.71566e-005  8.88030e-005  1.13864e-004  1.41191e-004  1.66206e-004  1.88909e-004  2.13855e-004  2.51306e-004  3.01256e-004  3.70522e-004  4.52243e-004  5.47534e-004  6.54108e-004  7.68524e-004  9.06555e-004  1.09500e-003  1.37746e-003  1.77911e-003  2.31761e-003  3.03634e-003  4.00872e-003  5.34714e-003
 -3.50000e-003 -4.76816e-003 -3.58458e-003 -2.73067e-003 -2.09485e-003 -1.61484e-003 -1.25509e-003 -1.00466e-003 -8.45087e-004 -7.31555e-004 -6.29224e-004 -5.31378e-004 -4.38008e-004 -3.57114e-004 -2.89865e-004 -2.40864e-004 -2.07847e-004 -1.85094e-004 -1.62307e-004 -1.40622e-004 -1.13182e-004 -8.57270e-005 -6.51335e-005 -5.37164e-005 -4.91695e-005 -5.03492e-005 -4.00585e-005 -3.43486e-005 -1.60181e-005 -8.00742e-006 -1.13854e-006  0.00000e+000  1.13854e-006  8.00742e-006  1.60181e-005  3.43486e-005  4.00585e-005  5.03492e-005  4.91688e-005  5.37164e-005  6.51335e-005  8.57270e-005  1.13182e-004  1.40622e-004  1.62307e-004  1.85094e-004  2.07847e-004  2.40864e-004  2.89865e-004  3.57114e-004  4.38008e-004  5.31378e-004  6.29224e-004  7.31555e-004  8.45087e-004  1.00466e-003  1.25509e-003  1.61484e-003  2.09485e-003  2.73067e-003  3.58458e-003  4.76816e-003
 -3.75000e-003 -4.15353e-003 -3.13610e-003 -2.40601e-003 -1.86163e-003 -1.44048e-003 -1.12633e-003 -9.09282e-004 -7.81053e-004 -6.93312e-004 -6.06580e-004 -5.14071e-004 -4.24909e-004 -3.44834e-004 -2.79600e-004 -2.31543e-004 -2.00693e-004 -1.78999e-004 -1.63012e-004 -1.41237e-004 -1.09074e-004 -8.38007e-005 -6.08124e-005 -5.28003e-005 -4.70820e-005 -5.05771e-005 -3.90840e-005 -3.68054e-005 -1.26358e-005 -9.19570e-006 -1.14263e-006  0.00000e+000  1.14263e-006  9.19570e-006  1.26358e-005  3.68054e-005  3.90840e-005  5.05778e-005  4.70820e-005  5.28003e-005  6.08124e-005  8.38003e-005  1.09075e-004  1.41237e-004  1.63012e-004  1.78999e-004  2.00693e-004  2.31543e-004  2.79600e-004  3.44834e-004  4.24909e-004  5.14071e-004  6.06580e-004  6.93312e-004  7.81053e-004  9.09282e-004  1.12633e-003  1.44048e-003  1.86163e-003  2.40601e-003  3.13610e-003  4.15353e-003
 -4.00000e-003 -3.50575e-003 -2.66604e-003 -2.07104e-003 -1.61762e-003 -1.26150e-003 -9.87543e-004 -8.06442e-004 -7.15515e-004 -6.54876e-004 -5.83865e-004 -4.97881e-004 -4.07179e-004 -3.32528e-004 -2.67007e-004 -2.16427e-004 -1.94683e-004 -1.77510e-004 -1.63770e-004 -1.41896e-004 -1.07266e-004 -8.18789e-005 -5.30014e-005 -5.07362e-005 -4.38305e-005 -5.65971e-005 -3.81062e-005 -4.16101e-005 -9.22254e-006 -9.24265e-006  2.31806e-006  0.00000e+000 -2.31806e-006  9.24265e-006  9.22254e-006  4.16101e-005  3.81062e-005  5.65971e-005  4.38305e-005  5.07360e-005  5.30014e-005  8.18789e-005  1.07266e-004  1.41896e-004  1.63770e-004  1.77510e-004  1.94683e-004  2.17580e-004  2.67007e-004  3.32528e-004  4.07179e-004  4.97881e-004  5.83865e-004  6.54876e-004  7.15515e-004  8.06442e-004  9.87543e-004  1.26150e-003  1.61762e-003  2.07104e-003  2.66604e-003  3.50575e-003
 -4.25000e-003 -2.82501e-003 -2.17377e-003 -1.72305e-003 -1.36825e-003 -1.07539e-003 -8.43119e-004 -6.97129e-004 -6.44921e-004 -6.18513e-004 -5.63364e-004 -4.81644e-004 -3.90525e-004 -3.20183e-004 -2.52036e-004 -2.02371e-004 -1.89828e-004 -1.70245e-004 -1.65733e-004 -1.43754e-004 -1.03144e-004 -8.11235e-005 -4.28012e-005 -5.09919e-005 -3.59120e-005 -6.61806e-005 -3.13173e-005 -5.46028e-005  3.09358e-008 -1.39415e-005  6.97552e-006  0.00000e+000 -6.97552e-006  1.39415e-005 -3.09360e-008  5.46028e-005  3.13173e-005  6.61806e-005  3.59120e-005  5.09919e-005  4.28008e-005  8.11235e-005  1.03144e-004  1.43754e-004  1.65733e-004  1.70245e-004  1.89828e-004  2.02371e-004  2.52036e-004  3.20183e-004  3.90525e-004  4.81644e-004  5.63364e-004  6.18513e-004  6.44921e-004  6.97128e-004  8.43118e-004  1.07539e-003  1.36825e-003  1.72305e-003  2.17377e-003  2.82500e-003
 -4.50000e-003 -2.11150e-003 -1.66328e-003 -1.36627e-003 -1.10862e-003 -8.79547e-004 -6.95196e-004 -5.82364e-004 -5.73792e-004 -5.79526e-004 -5.46246e-004 -4.68835e-004 -3.67939e-004 -3.13614e-004 -2.36970e-004 -1.81213e-004 -1.91975e-004 -1.58270e-004 -1.72423e-004 -1.44499e-004 -9.78264e-005 -8.62202e-005 -2.43315e-005 -5.71071e-005 -2.09062e-005 -8.52204e-005 -1.39537e-005 -7.47562e-005  1.75572e-005 -2.10365e-005  1.40153e-005  0.00000e+000 -1.40153e-005  2.10365e-005 -1.75572e-005  7.47562e-005  1.39537e-005  8.52204e-005  2.09062e-005  5.71071e-005  2.43315e-005  8.62201e-005  9.78264e-005  1.44499e-004  1.72423e-004  1.58270e-004  1.91975e-004  1.81213e-004  2.36970e-004  3.13614e-004  3.67939e-004  4.68835e-004  5.46245e-004  5.79527e-004  5.73792e-004  5.82364e-004  6.95196e-004  8.79547e-004  1.10862e-003  1.36627e-003  1.66327e-003  2.11149e-003
 -4.75000e-003 -1.36429e-003 -1.13751e-003 -9.95683e-004 -8.33704e-004 -6.74829e-004 -5.45953e-004 -4.69077e-004 -4.98546e-004 -5.34263e-004 -5.41883e-004 -4.60660e-004 -3.26390e-004 -3.18760e-004 -2.15935e-004 -1.46942e-004 -2.09442e-004 -1.30935e-004 -1.88596e-004 -1.48795e-004 -8.54214e-005 -1.01958e-004  9.59019e-006 -7.97393e-005  1.30351e-005 -1.26783e-004  2.23827e-005 -1.20956e-004  5.52284e-005 -4.34714e-005  2.93471e-005  0.00000e+000 -2.93471e-005  4.34714e-005 -5.52284e-005  1.20956e-004 -2.23827e-005  1.26783e-004 -1.30351e-005  7.97393e-005 -9.59111e-006  1.01958e-004  8.54214e-005  1.48795e-004  1.87425e-004  1.30934e-004  2.09443e-004  1.46942e-004  2.15935e-004  3.18760e-004  3.26390e-004  4.60660e-004  5.41882e-004  5.34262e-004  4.98547e-004  4.69077e-004  5.45953e-004  6.74829e-004  8.33706e-004  9.96851e-004  1.13751e-003  1.36429e-003
 -5.00000e-003 -5.99086e-004 -6.07951e-004 -6.18080e-004 -5.23081e-004 -4.40851e-004 -4.12910e-004 -3.75031e-004 -4.01398e-004 -4.64786e-004 -5.71645e-004 -4.66622e-004 -2.37210e-004 -3.60546e-004 -1.95899e-004 -7.80825e-005 -2.73148e-004 -5.84849e-005 -2.29727e-004 -1.50799e-004 -5.75388e-005 -1.45035e-004  7.92885e-005 -1.43934e-004  8.86570e-005 -2.18374e-004  1.06322e-004 -2.16060e-004  1.29893e-004 -9.21285e-005  5.66451e-005  0.00000e+000 -5.66451e-005  9.21285e-005 -1.29893e-004  2.16060e-004 -1.06322e-004  2.18374e-004 -8.86570e-005  1.43934e-004 -7.92885e-005  1.45035e-004  5.75388e-005  1.50799e-004  2.29727e-004  5.84849e-005  2.73148e-004  7.80825e-005  1.95899e-004  3.60546e-004  2.37210e-004  4.66622e-004  5.71645e-004  4.64786e-004  4.01398e-004  3.73856e-004  4.12910e-004  4.40851e-004  5.23081e-004  6.19254e-004  6.07951e-004  5.99086e-004
# Vertical 2nd Order Kick [T2m2]
START
               -3.00000e-002 -2.90000e-002 -2.80000e-002 -2.70000e-002 -2.60000e-002 -2.50000e-002 -2.40000e-002 -2.30000e-002 -2.20000e-002 -2.10000e-002 -2.00000e-002 -1.90000e-002 -1.80000e-002 -1.70000e-002 -1.60000e-002 -1.50000e-002 -1.40000e-002 -1.30000e-002 -1.20000e-002 -1.10000e-002 -1.00000e-002 -9.00000e-003 -8.00000e-003 -7.00000e-003 -6.00000e-003 -5.00000e-003 -4.00000e-003 -3.00000e-003 -2.00000e-003 -1.00000e-003  0.00000e+000  1.00000e-003  2.00000e-003  3.00000e-003  4.00000e-003  5.00000e-003  6.00000e-003  7.00000e-003  8.00000e-003  9.00000e-003  1.00000e-002  1.10000e-002  1.20000e-002  1.30000e-002  1.40000e-002  1.50000e-002  1.60000e-002  1.70000e-002  1.80000e-002  1.90000e-002  2.00000e-002  2.10000e-002  2.20000e-002  2.30000e-002  2.40000e-002  2.50000e-002  2.60000e-002  2.70000e-002  2.80000e-002  2.90000e-002  3.00000e-002
  5.00000e-003 -6.51014e-002 -6.23260e-002 -6.04667e-002 -5.92388e-002 -5.83923e-002 -5.76648e-002 -5.69228e-002 -5.64320e-002 -5.64083e-002 -5.63572e-002 -5.61225e-002 -5.61912e-002 -5.61924e-002 -5.58891e-002 -5.60477e-002 -5.58628e-002 -5.57809e-002 -5.59961e-002 -5.57073e-002 -5.60806e-002 -5.57059e-002 -5.59946e-002 -5.56734e-002 -5.58762e-002 -5.57004e-002 -5.59142e-002 -5.56954e-002 -5.60075e-002 -5.56021e-002 -5.59981e-002 -5.55544e-002 -5.59981e-002 -5.56021e-002 -5.60075e-002 -5.56954e-002 -5.59142e-002 -5.57004e-002 -5.58762e-002 -5.56734e-002 -5.59946e-002 -5.57059e-002 -5.60806e-002 -5.57073e-002 -5.59961e-002 -5.57809e-002 -5.58628e-002 -5.60477e-002 -5.58891e-002 -5.61924e-002 -5.61912e-002 -5.61225e-002 -5.63572e-002 -5.64083e-002 -5.64320e-002 -5.69228e-002 -5.76648e-002 -5.83923e-002 -5.92388e-002 -6.04667e-002 -6.23260e-002 -6.51014e-002
  4.75000e-003 -6.41105e-002 -6.14898e-002 -5.96867e-002 -5.84468e-002 -5.75536e-002 -5.68448e-002 -5.62196e-002 -5.57903e-002 -5.56540e-002 -5.55750e-002 -5.54506e-002 -5.54310e-002 -5.53945e-002 -5.52420e-002 -5.52584e-002 -5.51574e-002 -5.51073e-002 -5.51971e-002 -5.50859e-002 -5.52422e-002 -5.50759e-002 -5.51859e-002 -5.50296e-002 -5.51085e-002 -5.50352e-002 -5.51348e-002 -5.50443e-002 -5.51892e-002 -5.49930e-002 -5.51752e-002 -5.49622e-002 -5.51752e-002 -5.49930e-002 -5.51892e-002 -5.50443e-002 -5.51348e-002 -5.50352e-002 -5.51085e-002 -5.50296e-002 -5.51859e-002 -5.50759e-002 -5.52422e-002 -5.50859e-002 -5.51971e-002 -5.51073e-002 -5.51574e-002 -5.52584e-002 -5.52420e-002 -5.53945e-002 -5.54310e-002 -5.54506e-002 -5.55750e-002 -5.56540e-002 -5.57903e-002 -5.62196e-002 -5.68448e-002 -5.75536e-002 -5.84468e-002 -5.96867e-002 -6.14898e-002 -6.41105e-002
  4.50000e-003 -6.20090e-002 -5.95073e-002 -5.77576e-002 -5.65330e-002 -5.56413e-002 -5.49507e-002 -5.43868e-002 -5.39925e-002 -5.38122e-002 -5.37171e-002 -5.36277e-002 -5.35789e-002 -5.35287e-002 -5.34336e-002 -5.34032e-002 -5.33356e-002 -5.33030e-002 -5.33348e-002 -5.32945e-002 -5.33606e-002 -5.32826e-002 -5.33192e-002 -5.32367e-002 -5.32624e-002 -5.32341e-002 -5.32821e-002 -5.32466e-002 -5.33165e-002 -5.32167e-002 -5.32980e-002 -5.31944e-002 -5.32980e-002 -5.32167e-002 -5.33165e-002 -5.32466e-002 -5.32821e-002 -5.32341e-002 -5.32624e-002 -5.32367e-002 -5.33192e-002 -5.32826e-002 -5.33606e-002 -5.32945e-002 -5.33348e-002 -5.33030e-002 -5.33356e-002 -5.34032e-002 -5.34336e-002 -5.35287e-002 -5.35789e-002 -5.36276e-002 -5.37171e-002 -5.38122e-002 -5.39925e-002 -5.43868e-002 -5.49507e-002 -5.56413e-002 -5.65330e-002 -5.77576e-002 -5.95073e-002 -6.20090e-002
  4.25000e-003 -5.92595e-002 -5.68707e-002 -5.51770e-002 -5.39772e-002 -5.31049e-002 -5.24364e-002 -5.19107e-002 -5.15426e-002 -5.13464e-002 -5.12393e-002 -5.11586e-002 -5.10997e-002 -5.10462e-002 -5.09739e-002 -5.09309e-002 -5.08789e-002 -5.08523e-002 -5.08604e-002 -5.08471e-002 -5.08754e-002 -5.08363e-002 -5.08401e-002 -5.07943e-002 -5.07988e-002 -5.07870e-002 -5.08125e-002 -5.08004e-002 -5.08325e-002 -5.07813e-002 -5.08165e-002 -5.07661e-002 -5.08165e-002 -5.07813e-002 -5.08325e-002 -5.08004e-002 -5.08125e-002 -5.07870e-002 -5.07988e-002 -5.07943e-002 -5.08401e-002 -5.08363e-002 -5.08754e-002 -5.08471e-002 -5.08604e-002 -5.08523e-002 -5.08789e-002 -5.09309e-002 -5.09739e-002 -5.10462e-002 -5.10997e-002 -5.11586e-002 -5.12393e-002 -5.13464e-002 -5.15426e-002 -5.19107e-002 -5.24364e-002 -5.31049e-002 -5.39772e-002 -5.51770e-002 -5.68707e-002 -5.92595e-002
  4.00000e-003 -5.61434e-002 -5.38641e-002 -5.22315e-002 -5.10679e-002 -5.02198e-002 -4.95761e-002 -4.90819e-002 -4.87325e-002 -4.85342e-002 -4.84185e-002 -4.83382e-002 -4.82795e-002 -4.82228e-002 -4.81636e-002 -4.81162e-002 -4.80738e-002 -4.80495e-002 -4.80505e-002 -4.80453e-002 -4.80570e-002 -4.80333e-002 -4.80277e-002 -4.79973e-002 -4.79925e-002 -4.79888e-002 -4.80025e-002 -4.79997e-002 -4.80154e-002 -4.79865e-002 -4.80006e-002 -4.79750e-002 -4.80006e-002 -4.79865e-002 -4.80154e-002 -4.79997e-002 -4.80025e-002 -4.79888e-002 -4.79925e-002 -4.79973e-002 -4.80277e-002 -4.80333e-002 -4.80570e-002 -4.80453e-002 -4.80505e-002 -4.80495e-002 -4.80738e-002 -4.81162e-002 -4.81636e-002 -4.82228e-002 -4.82795e-002 -4.83382e-002 -4.84185e-002 -4.85342e-002 -4.87325e-002 -4.90819e-002 -4.95761e-002 -5.02198e-002 -5.10679e-002 -5.22315e-002 -5.38641e-002 -5.61434e-002
  3.75000e-003 -5.28208e-002 -5.06547e-002 -4.90892e-002 -4.79672e-002 -4.71504e-002 -4.65329e-002 -4.60660e-002 -4.57382e-002 -4.55377e-002 -4.54191e-002 -4.53413e-002 -4.52793e-002 -4.52262e-002 -4.51707e-002 -4.51269e-002 -4.50904e-002 -4.50674e-002 -4.50647e-002 -4.50605e-002 -4.50628e-002 -4.50496e-002 -4.50382e-002 -4.50161e-002 -4.50113e-002 -4.50087e-002 -4.50176e-002 -4.50183e-002 -4.50257e-002 -4.50086e-002 -4.50134e-002 -4.49983e-002 -4.50134e-002 -4.50086e-002 -4.50257e-002 -4.50183e-002 -4.50176e-002 -4.50087e-002 -4.50113e-002 -4.50161e-002 -4.50382e-002 -4.50496e-002 -4.50628e-002 -4.50605e-002 -4.50647e-002 -4.50674e-002 -4.50904e-002 -4.51269e-002 -4.51707e-002 -4.52251e-002 -4.52793e-002 -4.53413e-002 -4.54191e-002 -4.55377e-002 -4.57382e-002 -4.60660e-002 -4.65329e-002 -4.71504e-002 -4.79672e-002 -4.90892e-002 -5.06547e-002 -5.28208e-002
  3.50000e-003 -4.93883e-002 -4.73346e-002 -4.58453e-002 -4.47704e-002 -4.39861e-002 -4.34008e-002 -4.29594e-002 -4.26504e-002 -4.24543e-002 -4.23361e-002 -4.22551e-002 -4.21954e-002 -4.21435e-002 -4.20962e-002 -4.20559e-002 -4.20206e-002 -4.19999e-002 -4.19936e-002 -4.19905e-002 -4.19892e-002 -4.19805e-002 -4.19680e-002 -4.19506e-002 -4.19458e-002 -4.19432e-002 -4.19485e-002 -4.19503e-002 -4.19554e-002 -4.19452e-002 -4.19454e-002 -4.19362e-002 -4.19454e-002 -4.19452e-002 -4.19554e-002 -4.19503e-002 -4.19485e-002 -4.19432e-002 -4.19458e-002 -4.19506e-002 -4.19680e-002 -4.19805e-002 -4.19892e-002 -4.19905e-002 -4.19936e-002 -4.19999e-002 -4.20206e-002 -4.20559e-002 -4.20962e-002 -4.21435e-002 -4.21954e-002 -4.22551e-002 -4.23361e-002 -4.24543e-002 -4.26504e-002 -4.29594e-002 -4.34008e-002 -4.39861e-002 -4.47704e-002 -4.58453e-002 -4.73346e-002 -4.93883e-002
  3.25000e-003 -4.58913e-002 -4.39583e-002 -4.25499e-002 -4.15308e-002 -4.07858e-002 -4.02308e-002 -3.98176e-002 -3.95259e-002 -3.93372e-002 -3.92193e-002 -3.91406e-002 -3.90821e-002 -3.90325e-002 -3.89886e-002 -3.89495e-002 -3.89200e-002 -3.89003e-002 -3.88939e-002 -3.88906e-002 -3.88880e-002 -3.88782e-002 -3.88669e-002 -3.88564e-002 -3.88481e-002 -3.88455e-002 -3.88496e-002 -3.88525e-002 -3.88540e-002 -3.88474e-002 -3.88463e-002 -3.88418e-002 -3.88463e-002 -3.88474e-002 -3.88540e-002 -3.88525e-002 -3.88496e-002 -3.88455e-002 -3.88481e-002 -3.88564e-002 -3.88669e-002 -3.88782e-002 -3.88880e-002 -3.88906e-002 -3.88939e-002 -3.89003e-002 -3.89200e-002 -3.89495e-002 -3.89886e-002 -3.90325e-002 -3.90821e-002 -3.91406e-002 -3.92193e-002 -3.93372e-002 -3.95259e-002 -3.98176e-002 -4.02308e-002 -4.07858e-002 -4.15308e-002 -4.25499e-002 -4.39583e-002 -4.58913e-002
  3.00000e-003 -4.23649e-002 -4.05563e-002 -3.92347e-002 -3.82744e-002 -3.75733e-002 -3.70511e-002 -3.66666e-002 -3.63939e-002 -3.62125e-002 -3.60970e-002 -3.60229e-002 -3.59642e-002 -3.59191e-002 -3.58785e-002 -3.58440e-002 -3.58156e-002 -3.57980e-002 -3.57904e-002 -3.57847e-002 -3.57831e-002 -3.57755e-002 -3.57664e-002 -3.57549e-002 -3.57488e-002 -3.57473e-002 -3.57502e-002 -3.57507e-002 -3.57511e-002 -3.57490e-002 -3.57457e-002 -3.57446e-002 -3.57457e-002 -3.57490e-002 -3.57511e-002 -3.57507e-002 -3.57502e-002 -3.57473e-002 -3.57488e-002 -3.57549e-002 -3.57664e-002 -3.57755e-002 -3.57831e-002 -3.57847e-002 -3.57904e-002 -3.57980e-002 -3.58156e-002 -3.58440e-002 -3.58785e-002 -3.59191e-002 -3.59642e-002 -3.60229e-002 -3.60970e-002 -3.62125e-002 -3.63939e-002 -3.66666e-002 -3.70511e-002 -3.75733e-002 -3.82744e-002 -3.92347e-002 -4.05563e-002 -4.23649e-002
  2.75000e-003 -3.88231e-002 -3.71461e-002 -3.59172e-002 -3.50187e-002 -3.43650e-002 -3.38793e-002 -3.35229e-002 -3.32677e-002 -3.30990e-002 -3.29891e-002 -3.29159e-002 -3.28605e-002 -3.28186e-002 -3.27802e-002 -3.27490e-002 -3.27250e-002 -3.27085e-002 -3.27007e-002 -3.26949e-002 -3.26920e-002 -3.26855e-002 -3.26753e-002 -3.26659e-002 -3.26633e-002 -3.26606e-002 -3.26623e-002 -3.26639e-002 -3.26642e-002 -3.26622e-002 -3.26589e-002 -3.26566e-002 -3.26589e-002 -3.26622e-002 -3.26642e-002 -3.26639e-002 -3.26623e-002 -3.26606e-002 -3.26633e-002 -3.26659e-002 -3.26753e-002 -3.26855e-002 -3.26920e-002 -3.26949e-002 -3.27007e-002 -3.27085e-002 -3.27250e-002 -3.27490e-002 -3.27802e-002 -3.28186e-002 -3.28605e-002 -3.29159e-002 -3.29891e-002 -3.30990e-002 -3.32677e-002 -3.35229e-002 -3.38793e-002 -3.43650e-002 -3.50187e-002 -3.59172e-002 -3.71461e-002 -3.88231e-002
  2.50000e-003 -3.52774e-002 -3.37349e-002 -3.26010e-002 -3.17743e-002 -3.11680e-002 -3.07214e-002 -3.03925e-002 -3.01601e-002 -3.00004e-002 -2.98993e-002 -2.98292e-002 -2.97781e-002 -2.97382e-002 -2.97053e-002 -2.96750e-002 -2.96521e-002 -2.96388e-002 -2.96309e-002 -2.96260e-002 -2.96219e-002 -2.96153e-002 -2.96096e-002 -2.96002e-002 -2.95964e-002 -2.95936e-002 -2.95964e-002 -2.95968e-002 -2.95960e-002 -2.95940e-002 -2.95918e-002 -2.95907e-002 -2.95918e-002 -2.95940e-002 -2.95960e-002 -2.95968e-002 -2.95964e-002 -2.95936e-002 -2.95964e-002 -2.96002e-002 -2.96096e-002 -2.96153e-002 -2.96219e-002 -2.96260e-002 -2.96309e-002 -2.96388e-002 -2.96521e-002 -2.96750e-002 -2.97053e-002 -2.97382e-002 -2.97781e-002 -2.98292e-002 -2.98993e-002 -3.00004e-002 -3.01601e-002 -3.03925e-002 -3.07214e-002 -3.11680e-002 -3.17743e-002 -3.26010e-002 -3.37349e-002 -3.52774e-002
  2.25000e-003 -3.17298e-002 -3.03305e-002 -2.92977e-002 -2.85424e-002 -2.79892e-002 -2.75822e-002 -2.72836e-002 -2.70691e-002 -2.69259e-002 -2.68302e-002 -2.67665e-002 -2.67173e-002 -2.66817e-002 -2.66519e-002 -2.66248e-002 -2.66051e-002 -2.65928e-002 -2.65847e-002 -2.65796e-002 -2.65754e-002 -2.65698e-002 -2.65640e-002 -2.65569e-002 -2.65530e-002 -2.65525e-002 -2.65518e-002 -2.65533e-002 -2.65536e-002 -2.65515e-002 -2.65494e-002 -2.65483e-002 -2.65494e-002 -2.65515e-002 -2.65536e-002 -2.65533e-002 -2.65518e-002 -2.65525e-002 -2.65530e-002 -2.65569e-002 -2.65640e-002 -2.65698e-002 -2.65754e-002 -2.65796e-002 -2.65847e-002 -2.65928e-002 -2.66051e-002 -2.66248e-002 -2.66519e-002 -2.66817e-002 -2.67162e-002 -2.67665e-002 -2.68302e-002 -2.69259e-002 -2.70691e-002 -2.72836e-002 -2.75822e-002 -2.79892e-002 -2.85424e-002 -2.92977e-002 -3.03305e-002 -3.17298e-002
  2.00000e-003 -2.81869e-002 -2.69306e-002 -2.60050e-002 -2.53266e-002 -2.48279e-002 -2.44619e-002 -2.41932e-002 -2.40006e-002 -2.38715e-002 -2.37843e-002 -2.37258e-002 -2.36818e-002 -2.36492e-002 -2.36214e-002 -2.35997e-002 -2.35820e-002 -2.35684e-002 -2.35623e-002 -2.35571e-002 -2.35539e-002 -2.35493e-002 -2.35446e-002 -2.35385e-002 -2.35335e-002 -2.35329e-002 -2.35344e-002 -2.35347e-002 -2.35328e-002 -2.35329e-002 -2.35296e-002 -2.35308e-002 -2.35296e-002 -2.35329e-002 -2.35328e-002 -2.35347e-002 -2.35344e-002 -2.35329e-002 -2.35335e-002 -2.35385e-002 -2.35446e-002 -2.35493e-002 -2.35539e-002 -2.35571e-002 -2.35623e-002 -2.35684e-002 -2.35820e-002 -2.35997e-002 -2.36214e-002 -2.36492e-002 -2.36818e-002 -2.37258e-002 -2.37843e-002 -2.38715e-002 -2.40006e-002 -2.41932e-002 -2.44619e-002 -2.48279e-002 -2.53266e-002 -2.60050e-002 -2.69306e-002 -2.81869e-002
  1.75000e-003 -2.46496e-002 -2.35419e-002 -2.27229e-002 -2.21246e-002 -2.16841e-002 -2.13607e-002 -2.11236e-002 -2.09537e-002 -2.08386e-002 -2.07597e-002 -2.07073e-002 -2.06685e-002 -2.06388e-002 -2.06141e-002 -2.05954e-002 -2.05798e-002 -2.05693e-002 -2.05620e-002 -2.05588e-002 -2.05555e-002 -2.05508e-002 -2.05471e-002 -2.05421e-002 -2.05393e-002 -2.05375e-002 -2.05367e-002 -2.05381e-002 -2.05383e-002 -2.05362e-002 -2.05363e-002 -2.05352e-002 -2.05363e-002 -2.05362e-002 -2.05383e-002 -2.05381e-002 -2.05367e-002 -2.05375e-002 -2.05393e-002 -2.05421e-002 -2.05471e-002 -2.05508e-002 -2.05555e-002 -2.05588e-002 -2.05620e-002 -2.05693e-002 -2.05798e-002 -2.05954e-002 -2.06141e-002 -2.06388e-002 -2.06685e-002 -2.07073e-002 -2.07597e-002 -2.08386e-002 -2.09538e-002 -2.11236e-002 -2.13607e-002 -2.16841e-002 -2.21246e-002 -2.27229e-002 -2.35419e-002 -2.46496e-002
  1.50000e-003 -2.11151e-002 -2.01607e-002 -1.94536e-002 -1.89356e-002 -1.85545e-002 -1.82743e-002 -1.80707e-002 -1.79266e-002 -1.78240e-002 -1.77556e-002 -1.77071e-002 -1.76755e-002 -1.76499e-002 -1.76281e-002 -1.76126e-002 -1.75988e-002 -1.75893e-002 -1.75851e-002 -1.75796e-002 -1.75772e-002 -1.75735e-002 -1.75697e-002 -1.75669e-002 -1.75640e-002 -1.75632e-002 -1.75624e-002 -1.75627e-002 -1.75618e-002 -1.75630e-002 -1.75619e-002 -1.75609e-002 -1.75619e-002 -1.75630e-002 -1.75618e-002 -1.75627e-002 -1.75624e-002 -1.75632e-002 -1.75640e-002 -1.75669e-002 -1.75697e-002 -1.75735e-002 -1.75772e-002 -1.75796e-002 -1.75851e-002 -1.75893e-002 -1.75988e-002 -1.76126e-002 -1.76281e-002 -1.76499e-002 -1.76755e-002 -1.77071e-002 -1.77556e-002 -1.78240e-002 -1.79266e-002 -1.80707e-002 -1.82743e-002 -1.85545e-002 -1.89356e-002 -1.94536e-002 -2.01607e-002 -2.11151e-002
  1.25000e-003 -1.75886e-002 -1.67881e-002 -1.61949e-002 -1.57595e-002 -1.54384e-002 -1.52053e-002 -1.50336e-002 -1.49095e-002 -1.48249e-002 -1.47679e-002 -1.47298e-002 -1.47010e-002 -1.46783e-002 -1.46617e-002 -1.46469e-002 -1.46363e-002 -1.46298e-002 -1.46243e-002 -1.46208e-002 -1.46194e-002 -1.46156e-002 -1.46117e-002 -1.46099e-002 -1.46080e-002 -1.46061e-002 -1.46042e-002 -1.46055e-002 -1.46068e-002 -1.46057e-002 -1.46047e-002 -1.46047e-002 -1.46047e-002 -1.46057e-002 -1.46068e-002 -1.46055e-002 -1.46042e-002 -1.46061e-002 -1.46080e-002 -1.46099e-002 -1.46117e-002 -1.46156e-002 -1.46194e-002 -1.46208e-002 -1.46243e-002 -1.46298e-002 -1.46363e-002 -1.46469e-002 -1.46617e-002 -1.46783e-002 -1.47010e-002 -1.47298e-002 -1.47679e-002 -1.48249e-002 -1.49095e-002 -1.50325e-002 -1.52053e-002 -1.54384e-002 -1.57595e-002 -1.61949e-002 -1.67881e-002 -1.75886e-002
  1.00000e-003 -1.40641e-002 -1.34214e-002 -1.29444e-002 -1.25942e-002 -1.23381e-002 -1.21472e-002 -1.20093e-002 -1.19117e-002 -1.18426e-002 -1.17969e-002 -1.17648e-002 -1.17409e-002 -1.17232e-002 -1.17107e-002 -1.16989e-002 -1.16902e-002 -1.16846e-002 -1.16799e-002 -1.16774e-002 -1.16747e-002 -1.16730e-002 -1.16701e-002 -1.16683e-002 -1.16663e-002 -1.16655e-002 -1.16646e-002 -1.16647e-002 -1.16649e-002 -1.16638e-002 -1.16650e-002 -1.16650e-002 -1.16650e-002 -1.16638e-002 -1.16649e-002 -1.16647e-002 -1.16646e-002 -1.16655e-002 -1.16663e-002 -1.16683e-002 -1.16701e-002 -1.16730e-002 -1.16747e-002 -1.16774e-002 -1.16799e-002 -1.16846e-002 -1.16902e-002 -1.16989e-002 -1.17107e-002 -1.17232e-002 -1.17409e-002 -1.17648e-002 -1.17969e-002 -1.18426e-002 -1.19117e-002 -1.20093e-002 -1.21472e-002 -1.23381e-002 -1.25942e-002 -1.29444e-002 -1.34214e-002 -1.40641e-002
  7.50000e-004 -1.05464e-002 -1.00605e-002 -9.70211e-003 -9.43865e-003 -9.24364e-003 -9.10139e-003 -8.99819e-003 -8.92346e-003 -8.87205e-003 -8.83645e-003 -8.81242e-003 -8.79567e-003 -8.78298e-003 -8.77108e-003 -8.76337e-003 -8.75769e-003 -8.75296e-003 -8.74922e-003 -8.74758e-003 -8.74474e-003 -8.74292e-003 -8.74326e-003 -8.73908e-003 -8.73820e-003 -8.73839e-003 -8.73743e-003 -8.73756e-003 -8.73877e-003 -8.73660e-003 -8.73664e-003 -8.73665e-003 -8.73664e-003 -8.73660e-003 -8.73877e-003 -8.73756e-003 -8.73743e-003 -8.73839e-003 -8.73820e-003 -8.73908e-003 -8.74326e-003 -8.74292e-003 -8.74474e-003 -8.74758e-003 -8.74922e-003 -8.75296e-003 -8.75769e-003 -8.76337e-003 -8.77108e-003 -8.78298e-003 -8.79567e-003 -8.81242e-003 -8.83645e-003 -8.87205e-003 -8.92346e-003 -8.99819e-003 -9.10139e-003 -9.24364e-003 -9.43865e-003 -9.70211e-003 -1.00605e-002 -1.05464e-002
  5.00000e-004 -7.02839e-003 -6.70494e-003 -6.46567e-003 -6.28736e-003 -6.15755e-003 -6.06361e-003 -5.99270e-003 -5.94296e-003 -5.90911e-003 -5.88578e-003 -5.87090e-003 -5.85902e-003 -5.84797e-003 -5.84228e-003 -5.83752e-003 -5.83263e-003 -5.82985e-003 -5.82698e-003 -5.82627e-003 -5.82437e-003 -5.82353e-003 -5.82042e-003 -5.82061e-003 -5.82076e-003 -5.81867e-003 -5.82099e-003 -5.81997e-003 -5.82003e-003 -5.81896e-003 -5.81899e-003 -5.81899e-003 -5.81899e-003 -5.81896e-003 -5.82003e-003 -5.81997e-003 -5.82099e-003 -5.81867e-003 -5.82076e-003 -5.82061e-003 -5.82042e-003 -5.82353e-003 -5.82437e-003 -5.82627e-003 -5.82698e-003 -5.82985e-003 -5.83263e-003 -5.83752e-003 -5.84228e-003 -5.84797e-003 -5.85902e-003 -5.87090e-003 -5.88578e-003 -5.90911e-003 -5.94296e-003 -5.99270e-003 -6.06361e-003 -6.15755e-003 -6.28736e-003 -6.46567e-003 -6.70494e-003 -7.02839e-003
  2.50000e-004 -3.51497e-003 -3.35120e-003 -3.23168e-003 -3.14260e-003 -3.07886e-003 -3.02972e-003 -2.99430e-003 -2.97167e-003 -2.95310e-003 -2.94200e-003 -2.93291e-003 -2.92808e-003 -2.92201e-003 -2.92027e-003 -2.91734e-003 -2.91323e-003 -2.91240e-003 -2.91152e-003 -2.91061e-003 -2.91077e-003 -2.91091e-003 -2.90991e-003 -2.90778e-003 -2.90897e-003 -2.90792e-003 -2.90798e-003 -2.90913e-003 -2.90916e-003 -2.90807e-003 -2.90808e-003 -2.90698e-003 -2.90808e-003 -2.90807e-003 -2.90916e-003 -2.90913e-003 -2.90798e-003 -2.90792e-003 -2.90897e-003 -2.90778e-003 -2.90991e-003 -2.91091e-003 -2.91077e-003 -2.91061e-003 -2.91152e-003 -2.91240e-003 -2.91323e-003 -2.91734e-003 -2.92027e-003 -2.92201e-003 -2.92808e-003 -2.93291e-003 -2.94200e-003 -2.95310e-003 -2.97167e-003 -2.99430e-003 -3.02972e-003 -3.07886e-003 -3.14260e-003 -3.23168e-003 -3.35120e-003 -3.51497e-003
  0.00000e+000  0.00000e+000  0.00000e+000  0.00000e+000  0.00000e+000  0.00000e+000  0.00000e+000  0.00000e+000  0.00000e+000  0.00000e+000  0.00000e+000  0.00000e+000  0.00000e+000  0.00000e+000  0.00000e+000  0.00000e+000  0.00000e+000  0.00000e+000  0.00000e+000  0.00000e+000  0.00000e+000  0.00000e+000  0.00000e+000  0.00000e+000  0.00000e+000  0.00000e+000  0.00000e+000  0.00000e+000  0.00000e+000  0.00000e+000  0.00000e+000  0.00000e+000  0.00000e+000  0.00000e+000  0.00000e+000  0.00000e+000  0.00000e+000  0.00000e+000  0.00000e+000  0.00000e+000  0.00000e+000  0.00000e+000  0.00000e+000  0.00000e+000  0.00000e+000  0.00000e+000  0.00000e+000  0.00000e+000  0.00000e+000  0.00000e+000  0.00000e+000  0.00000e+000  0.00000e+000  0.00000e+000  0.00000e+000  0.00000e+000  0.00000e+000  0.00000e+000  0.00000e+000  0.00000e+000  0.00000e+000  0.00000e+000
 -2.50000e-004  3.51497e-003  3.35120e-003  3.23168e-003  3.14260e-003  3.07886e-003  3.02972e-003  2.99430e-003  2.97167e-003  2.95310e-003  2.94200e-003  2.93291e-003  2.92808e-003  2.92201e-003  2.92027e-003  2.91734e-003  2.91323e-003  2.91240e-003  2.91152e-003  2.91061e-003  2.91077e-003  2.91091e-003  2.90991e-003  2.90778e-003  2.90897e-003  2.90792e-003  2.90798e-003  2.90913e-003  2.90916e-003  2.90807e-003  2.90808e-003  2.90698e-003  2.90808e-003  2.90807e-003  2.90916e-003  2.90913e-003  2.90798e-003  2.90792e-003  2.90897e-003  2.90778e-003  2.90991e-003  2.91091e-003  2.91077e-003  2.91061e-003  2.91152e-003  2.91240e-003  2.91323e-003  2.91734e-003  2.92027e-003  2.92201e-003  2.92808e-003  2.93291e-003  2.94200e-003  2.95310e-003  2.97167e-003  2.99430e-003  3.02972e-003  3.07886e-003  3.14260e-003  3.23168e-003  3.35120e-003  3.51497e-003
 -5.00000e-004  7.02839e-003  6.70494e-003  6.46567e-003  6.28736e-003  6.15755e-003  6.06361e-003  5.99270e-003  5.94296e-003  5.90911e-003  5.88578e-003  5.87090e-003  5.85902e-003  5.84797e-003  5.84228e-003  5.83752e-003  5.83263e-003  5.82985e-003  5.82698e-003  5.82627e-003  5.82437e-003  5.82353e-003  5.82042e-003  5.82061e-003  5.82076e-003  5.81867e-003  5.82099e-003  5.81997e-003  5.82003e-003  5.81896e-003  5.81899e-003  5.81899e-003  5.81899e-003  5.81896e-003  5.82003e-003  5.81997e-003  5.82099e-003  5.81867e-003  5.82076e-003  5.82061e-003  5.82042e-003  5.82353e-003  5.82437e-003  5.82627e-003  5.82698e-003  5.82985e-003  5.83263e-003  5.83752e-003  5.84228e-003  5.84797e-003  5.85902e-003  5.87090e-003  5.88578e-003  5.90911e-003  5.94296e-003  5.99270e-003  6.06361e-003  6.15755e-003  6.28736e-003  6.46567e-003  6.70494e-003  7.02839e-003
 -7.50000e-004  1.05464e-002  1.00605e-002  9.70211e-003  9.43865e-003  9.24364e-003  9.10139e-003  8.99819e-003  8.92346e-003  8.87205e-003  8.83645e-003  8.81242e-003  8.79567e-003  8.78298e-003  8.77108e-003  8.76337e-003  8.75769e-003  8.75296e-003  8.74922e-003  8.74758e-003  8.74474e-003  8.74292e-003  8.74326e-003  8.73908e-003  8.73820e-003  8.73839e-003  8.73743e-003  8.73756e-003  8.73877e-003  8.73660e-003  8.73664e-003  8.73665e-003  8.73664e-003  8.73660e-003  8.73877e-003  8.73756e-003  8.73743e-003  8.73839e-003  8.73820e-003  8.73908e-003  8.74326e-003  8.74292e-003  8.74474e-003  8.74758e-003  8.74922e-003  8.75296e-003  8.75769e-003  8.76337e-003  8.77108e-003  8.78298e-003  8.79567e-003  8.81242e-003  8.83645e-003  8.87205e-003  8.92346e-003  8.99819e-003  9.10139e-003  9.24364e-003  9.43865e-003  9.70211e-003  1.00605e-002  1.05464e-002
 -1.00000e-003  1.40641e-002  1.34214e-002  1.29444e-002  1.25942e-002  1.23381e-002  1.21472e-002  1.20082e-002  1.19117e-002  1.18426e-002  1.17969e-002  1.17648e-002  1.17409e-002  1.17232e-002  1.17107e-002  1.16989e-002  1.16902e-002  1.16846e-002  1.16799e-002  1.16774e-002  1.16747e-002  1.16730e-002  1.16701e-002  1.16683e-002  1.16663e-002  1.16655e-002  1.16646e-002  1.16647e-002  1.16649e-002  1.16638e-002  1.16650e-002  1.16650e-002  1.16650e-002  1.16638e-002  1.16649e-002  1.16647e-002  1.16646e-002  1.16655e-002  1.16663e-002  1.16683e-002  1.16701e-002  1.16730e-002  1.16747e-002  1.16774e-002  1.16799e-002  1.16846e-002  1.16902e-002  1.16989e-002  1.17107e-002  1.17232e-002  1.17409e-002  1.17648e-002  1.17969e-002  1.18426e-002  1.19117e-002  1.20093e-002  1.21472e-002  1.23381e-002  1.25942e-002  1.29444e-002  1.34214e-002  1.40641e-002
 -1.25000e-003  1.75886e-002  1.67881e-002  1.61949e-002  1.57595e-002  1.54384e-002  1.52053e-002  1.50325e-002  1.49095e-002  1.48249e-002  1.47679e-002  1.47298e-002  1.47010e-002  1.46783e-002  1.46617e-002  1.46469e-002  1.46363e-002  1.46298e-002  1.46243e-002  1.46208e-002  1.46194e-002  1.46156e-002  1.46117e-002  1.46099e-002  1.46080e-002  1.46061e-002  1.46042e-002  1.46055e-002  1.46068e-002  1.46057e-002  1.46047e-002  1.46047e-002  1.46047e-002  1.46058e-002  1.46068e-002  1.46055e-002  1.46042e-002  1.46061e-002  1.46080e-002  1.46099e-002  1.46117e-002  1.46156e-002  1.46194e-002  1.46208e-002  1.46243e-002  1.46298e-002  1.46363e-002  1.46469e-002  1.46617e-002  1.46783e-002  1.47010e-002  1.47298e-002  1.47679e-002  1.48249e-002  1.49095e-002  1.50325e-002  1.52053e-002  1.54384e-002  1.57595e-002  1.61949e-002  1.67881e-002  1.75886e-002
 -1.50000e-003  2.11151e-002  2.01607e-002  1.94536e-002  1.89356e-002  1.85545e-002  1.82743e-002  1.80707e-002  1.79266e-002  1.78240e-002  1.77556e-002  1.77071e-002  1.76755e-002  1.76499e-002  1.76281e-002  1.76126e-002  1.75988e-002  1.75904e-002  1.75851e-002  1.75796e-002  1.75772e-002  1.75735e-002  1.75697e-002  1.75669e-002  1.75640e-002  1.75632e-002  1.75624e-002  1.75627e-002  1.75618e-002  1.75630e-002  1.75619e-002  1.75609e-002  1.75619e-002  1.75630e-002  1.75618e-002  1.75627e-002  1.75624e-002  1.75632e-002  1.75640e-002  1.75669e-002  1.75697e-002  1.75735e-002  1.75772e-002  1.75796e-002  1.75851e-002  1.75904e-002  1.75988e-002  1.76126e-002  1.76281e-002  1.76499e-002  1.76755e-002  1.77071e-002  1.77556e-002  1.78240e-002  1.79266e-002  1.80707e-002  1.82743e-002  1.85545e-002  1.89356e-002  1.94536e-002  2.01607e-002  2.11151e-002
 -1.75000e-003  2.46496e-002  2.35419e-002  2.27229e-002  2.21246e-002  2.16841e-002  2.13607e-002  2.11236e-002  2.09538e-002  2.08386e-002  2.07597e-002  2.07073e-002  2.06685e-002  2.06388e-002  2.06141e-002  2.05954e-002  2.05798e-002  2.05693e-002  2.05620e-002  2.05588e-002  2.05555e-002  2.05508e-002  2.05471e-002  2.05421e-002  2.05393e-002  2.05375e-002  2.05367e-002  2.05381e-002  2.05383e-002  2.05362e-002  2.05363e-002  2.05352e-002  2.05363e-002  2.05362e-002  2.05383e-002  2.05381e-002  2.05367e-002  2.05375e-002  2.05393e-002  2.05421e-002  2.05471e-002  2.05508e-002  2.05555e-002  2.05588e-002  2.05620e-002  2.05693e-002  2.05798e-002  2.05954e-002  2.06141e-002  2.06388e-002  2.06685e-002  2.07073e-002  2.07597e-002  2.08386e-002  2.09538e-002  2.11236e-002  2.13607e-002  2.16841e-002  2.21246e-002  2.27229e-002  2.35419e-002  2.46496e-002
 -2.00000e-003  2.81869e-002  2.69306e-002  2.60050e-002  2.53266e-002  2.48279e-002  2.44619e-002  2.41932e-002  2.40006e-002  2.38715e-002  2.37843e-002  2.37258e-002  2.36818e-002  2.36492e-002  2.36214e-002  2.35997e-002  2.35820e-002  2.35684e-002  2.35623e-002  2.35571e-002  2.35539e-002  2.35493e-002  2.35446e-002  2.35385e-002  2.35335e-002  2.35329e-002  2.35344e-002  2.35347e-002  2.35328e-002  2.35329e-002  2.35296e-002  2.35297e-002  2.35296e-002  2.35329e-002  2.35328e-002  2.35347e-002  2.35344e-002  2.35329e-002  2.35335e-002  2.35385e-002  2.35446e-002  2.35493e-002  2.35539e-002  2.35571e-002  2.35623e-002  2.35684e-002  2.35820e-002  2.35997e-002  2.36214e-002  2.36492e-002  2.36818e-002  2.37258e-002  2.37843e-002  2.38715e-002  2.40006e-002  2.41932e-002  2.44619e-002  2.48279e-002  2.53266e-002  2.60050e-002  2.69306e-002  2.81869e-002
 -2.25000e-003  3.17298e-002  3.03305e-002  2.92977e-002  2.85424e-002  2.79892e-002  2.75822e-002  2.72836e-002  2.70691e-002  2.69259e-002  2.68302e-002  2.67665e-002  2.67162e-002  2.66817e-002  2.66519e-002  2.66248e-002  2.66051e-002  2.65928e-002  2.65847e-002  2.65796e-002  2.65754e-002  2.65698e-002  2.65640e-002  2.65569e-002  2.65530e-002  2.65525e-002  2.65518e-002  2.65533e-002  2.65536e-002  2.65515e-002  2.65494e-002  2.65483e-002  2.65494e-002  2.65515e-002  2.65536e-002  2.65533e-002  2.65518e-002  2.65525e-002  2.65530e-002  2.65569e-002  2.65640e-002  2.65698e-002  2.65754e-002  2.65796e-002  2.65847e-002  2.65928e-002  2.66051e-002  2.66248e-002  2.66519e-002  2.66817e-002  2.67162e-002  2.67665e-002  2.68302e-002  2.69259e-002  2.70691e-002  2.72836e-002  2.75822e-002  2.79892e-002  2.85424e-002  2.92977e-002  3.03305e-002  3.17298e-002
 -2.50000e-003  3.52774e-002  3.37349e-002  3.26010e-002  3.17743e-002  3.11680e-002  3.07214e-002  3.03925e-002  3.01601e-002  3.00004e-002  2.98993e-002  2.98292e-002  2.97781e-002  2.97382e-002  2.97053e-002  2.96750e-002  2.96521e-002  2.96388e-002  2.96309e-002  2.96260e-002  2.96219e-002  2.96153e-002  2.96096e-002  2.96002e-002  2.95964e-002  2.95936e-002  2.95964e-002  2.95968e-002  2.95960e-002  2.95940e-002  2.95918e-002  2.95907e-002  2.95918e-002  2.95940e-002  2.95960e-002  2.95969e-002  2.95964e-002  2.95936e-002  2.95964e-002  2.96002e-002  2.96096e-002  2.96153e-002  2.96219e-002  2.96260e-002  2.96309e-002  2.96388e-002  2.96521e-002  2.96750e-002  2.97053e-002  2.97382e-002  2.97781e-002  2.98292e-002  2.98993e-002  3.00004e-002  3.01601e-002  3.03925e-002  3.07214e-002  3.11680e-002  3.17743e-002  3.26010e-002  3.37349e-002  3.52774e-002
 -2.75000e-003  3.88231e-002  3.71461e-002  3.59172e-002  3.50187e-002  3.43650e-002  3.38793e-002  3.35229e-002  3.32677e-002  3.30990e-002  3.29891e-002  3.29159e-002  3.28605e-002  3.28186e-002  3.27802e-002  3.27490e-002  3.27250e-002  3.27085e-002  3.27007e-002  3.26949e-002  3.26920e-002  3.26855e-002  3.26753e-002  3.26659e-002  3.26633e-002  3.26606e-002  3.26623e-002  3.26639e-002  3.26642e-002  3.26622e-002  3.26589e-002  3.26566e-002  3.26589e-002  3.26622e-002  3.26642e-002  3.26639e-002  3.26623e-002  3.26606e-002  3.26633e-002  3.26659e-002  3.26753e-002  3.26855e-002  3.26920e-002  3.26949e-002  3.27007e-002  3.27085e-002  3.27250e-002  3.27490e-002  3.27802e-002  3.28186e-002  3.28605e-002  3.29159e-002  3.29891e-002  3.30990e-002  3.32677e-002  3.35229e-002  3.38793e-002  3.43650e-002  3.50187e-002  3.59172e-002  3.71461e-002  3.88231e-002
 -3.00000e-003  4.23649e-002  4.05563e-002  3.92347e-002  3.82744e-002  3.75733e-002  3.70511e-002  3.66666e-002  3.63939e-002  3.62125e-002  3.60970e-002  3.60229e-002  3.59642e-002  3.59191e-002  3.58785e-002  3.58440e-002  3.58156e-002  3.57980e-002  3.57904e-002  3.57847e-002  3.57831e-002  3.57755e-002  3.57664e-002  3.57549e-002  3.57488e-002  3.57473e-002  3.57502e-002  3.57507e-002  3.57511e-002  3.57490e-002  3.57457e-002  3.57446e-002  3.57457e-002  3.57490e-002  3.57511e-002  3.57507e-002  3.57502e-002  3.57473e-002  3.57488e-002  3.57549e-002  3.57664e-002  3.57755e-002  3.57831e-002  3.57847e-002  3.57904e-002  3.57980e-002  3.58156e-002  3.58440e-002  3.58785e-002  3.59191e-002  3.59642e-002  3.60229e-002  3.60970e-002  3.62125e-002  3.63939e-002  3.66666e-002  3.70511e-002  3.75733e-002  3.82744e-002  3.92347e-002  4.05563e-002  4.23649e-002
 -3.25000e-003  4.58913e-002  4.39583e-002  4.25499e-002  4.15308e-002  4.07858e-002  4.02308e-002  3.98176e-002  3.95259e-002  3.93372e-002  3.92193e-002  3.91406e-002  3.90821e-002  3.90325e-002  3.89886e-002  3.89495e-002  3.89200e-002  3.89003e-002  3.88939e-002  3.88906e-002  3.88880e-002  3.88782e-002  3.88669e-002  3.88564e-002  3.88481e-002  3.88455e-002  3.88496e-002  3.88525e-002  3.88540e-002  3.88474e-002  3.88463e-002  3.88418e-002  3.88463e-002  3.88474e-002  3.88540e-002  3.88525e-002  3.88496e-002  3.88455e-002  3.88481e-002  3.88564e-002  3.88669e-002  3.88782e-002  3.88880e-002  3.88906e-002  3.88939e-002  3.89003e-002  3.89200e-002  3.89495e-002  3.89886e-002  3.90325e-002  3.90821e-002  3.91406e-002  3.92193e-002  3.93372e-002  3.95259e-002  3.98176e-002  4.02308e-002  4.07858e-002  4.15308e-002  4.25499e-002  4.39583e-002  4.58913e-002
 -3.50000e-003  4.93883e-002  4.73346e-002  4.58453e-002  4.47704e-002  4.39861e-002  4.34008e-002  4.29605e-002  4.26504e-002  4.24543e-002  4.23361e-002  4.22551e-002  4.21954e-002  4.21435e-002  4.20962e-002  4.20559e-002  4.20206e-002  4.19999e-002  4.19936e-002  4.19916e-002  4.19892e-002  4.19805e-002  4.19680e-002  4.19506e-002  4.19458e-002  4.19432e-002  4.19485e-002  4.19503e-002  4.19554e-002  4.19452e-002  4.19454e-002  4.19362e-002  4.19454e-002  4.19452e-002  4.19554e-002  4.19503e-002  4.19485e-002  4.19432e-002  4.19458e-002  4.19506e-002  4.19680e-002  4.19805e-002  4.19892e-002  4.19916e-002  4.19936e-002  4.19999e-002  4.20206e-002  4.20559e-002  4.20962e-002  4.21435e-002  4.21954e-002  4.22551e-002  4.23361e-002  4.24543e-002  4.26504e-002  4.29594e-002  4.34008e-002  4.39861e-002  4.47704e-002  4.58453e-002  4.73346e-002  4.93883e-002
 -3.75000e-003  5.28208e-002  5.06547e-002  4.90892e-002  4.79672e-002  4.71504e-002  4.65329e-002  4.60660e-002  4.57382e-002  4.55377e-002  4.54191e-002  4.53413e-002  4.52793e-002  4.52251e-002  4.51707e-002  4.51269e-002  4.50904e-002  4.50674e-002  4.50647e-002  4.50605e-002  4.50628e-002  4.50496e-002  4.50382e-002  4.50161e-002  4.50113e-002  4.50087e-002  4.50176e-002  4.50183e-002  4.50257e-002  4.50086e-002  4.50134e-002  4.49983e-002  4.50134e-002  4.50086e-002  4.50257e-002  4.50183e-002  4.50176e-002  4.50087e-002  4.50113e-002  4.50161e-002  4.50382e-002  4.50496e-002  4.50628e-002  4.50605e-002  4.50647e-002  4.50674e-002  4.50904e-002  4.51269e-002  4.51707e-002  4.52251e-002  4.52793e-002  4.53413e-002  4.54191e-002  4.55377e-002  4.57382e-002  4.60660e-002  4.65329e-002  4.71504e-002  4.79672e-002  4.90892e-002  5.06547e-002  5.28208e-002
 -4.00000e-003  5.61434e-002  5.38641e-002  5.22315e-002  5.10679e-002  5.02198e-002  4.95761e-002  4.90819e-002  4.87325e-002  4.85342e-002  4.84185e-002  4.83382e-002  4.82795e-002  4.82228e-002  4.81636e-002  4.81162e-002  4.80738e-002  4.80495e-002  4.80505e-002  4.80453e-002  4.80570e-002  4.80333e-002  4.80277e-002  4.79962e-002  4.79925e-002  4.79888e-002  4.80025e-002  4.79997e-002  4.80154e-002  4.79865e-002  4.80006e-002  4.79750e-002  4.80006e-002  4.79865e-002  4.80154e-002  4.79997e-002  4.80025e-002  4.79888e-002  4.79925e-002  4.79962e-002  4.80277e-002  4.80333e-002  4.80570e-002  4.80453e-002  4.80505e-002  4.80495e-002  4.80738e-002  4.81162e-002  4.81636e-002  4.82228e-002  4.82795e-002  4.83382e-002  4.84185e-002  4.85342e-002  4.87325e-002  4.90819e-002  4.95761e-002  5.02198e-002  5.10679e-002  5.22315e-002  5.38641e-002  5.61434e-002
 -4.25000e-003  5.92595e-002  5.68707e-002  5.51770e-002  5.39772e-002  5.31049e-002  5.24364e-002  5.19107e-002  5.15426e-002  5.13464e-002  5.12393e-002  5.11586e-002  5.10997e-002  5.10462e-002  5.09739e-002  5.09309e-002  5.08789e-002  5.08523e-002  5.08604e-002  5.08471e-002  5.08754e-002  5.08363e-002  5.08401e-002  5.07943e-002  5.07988e-002  5.07870e-002  5.08125e-002  5.08004e-002  5.08325e-002  5.07813e-002  5.08165e-002  5.07661e-002  5.08165e-002  5.07813e-002  5.08325e-002  5.08004e-002  5.08125e-002  5.07870e-002  5.07988e-002  5.07943e-002  5.08401e-002  5.08363e-002  5.08754e-002  5.08471e-002  5.08604e-002  5.08523e-002  5.08789e-002  5.09309e-002  5.09739e-002  5.10462e-002  5.10997e-002  5.11586e-002  5.12393e-002  5.13464e-002  5.15426e-002  5.19107e-002  5.24364e-002  5.31049e-002  5.39772e-002  5.51770e-002  5.68707e-002  5.92595e-002
 -4.50000e-003  6.20090e-002  5.95073e-002  5.77576e-002  5.65330e-002  5.56413e-002  5.49507e-002  5.43868e-002  5.39925e-002  5.38122e-002  5.37171e-002  5.36276e-002  5.35789e-002  5.35287e-002  5.34336e-002  5.34032e-002  5.33356e-002  5.33030e-002  5.33348e-002  5.32945e-002  5.33606e-002  5.32826e-002  5.33192e-002  5.32367e-002  5.32624e-002  5.32341e-002  5.32821e-002  5.32466e-002  5.33165e-002  5.32167e-002  5.32980e-002  5.31944e-002  5.32980e-002  5.32167e-002  5.33165e-002  5.32466e-002  5.32821e-002  5.32341e-002  5.32624e-002  5.32367e-002  5.33192e-002  5.32826e-002  5.33606e-002  5.32945e-002  5.33348e-002  5.33030e-002  5.33356e-002  5.34032e-002  5.34336e-002  5.35287e-002  5.35789e-002  5.36276e-002  5.37171e-002  5.38122e-002  5.39925e-002  5.43856e-002  5.49507e-002  5.56413e-002  5.65330e-002  5.77576e-002  5.95073e-002  6.20090e-002
 -4.75000e-003  6.41105e-002  6.14898e-002  5.96855e-002  5.84468e-002  5.75536e-002  5.68448e-002  5.62196e-002  5.57903e-002  5.56540e-002  5.55750e-002  5.54506e-002  5.54310e-002  5.53945e-002  5.52420e-002  5.52584e-002  5.51574e-002  5.51073e-002  5.51971e-002  5.50859e-002  5.52422e-002  5.50747e-002  5.51859e-002  5.50296e-002  5.51085e-002  5.50352e-002  5.51360e-002  5.50443e-002  5.51892e-002  5.49930e-002  5.51752e-002  5.49599e-002  5.51752e-002  5.49930e-002  5.51892e-002  5.50443e-002  5.51360e-002  5.50352e-002  5.51085e-002  5.50296e-002  5.51859e-002  5.50747e-002  5.52422e-002  5.50859e-002  5.51971e-002  5.51073e-002  5.51574e-002  5.52584e-002  5.52420e-002  5.53945e-002  5.54310e-002  5.54506e-002  5.55750e-002  5.56540e-002  5.57903e-002  5.62196e-002  5.68448e-002  5.75536e-002  5.84468e-002  5.96867e-002  6.14898e-002  6.41105e-002
 -5.00000e-003  6.51014e-002  6.23260e-002  6.04667e-002  5.92388e-002  5.83922e-002  5.76648e-002  5.69228e-002  5.64320e-002  5.64083e-002  5.63572e-002  5.61225e-002  5.61912e-002  5.61924e-002  5.58891e-002  5.60477e-002  5.58628e-002  5.57809e-002  5.59961e-002  5.57073e-002  5.60806e-002  5.57059e-002  5.59946e-002  5.56734e-002  5.58762e-002  5.57004e-002  5.59142e-002  5.56954e-002  5.60075e-002  5.56021e-002  5.59981e-002  5.55544e-002  5.59981e-002  5.56021e-002  5.60075e-002  5.56954e-002  5.59142e-002  5.57004e-002  5.58762e-002  5.56734e-002  5.59946e-002  5.57059e-002  5.60806e-002  5.57073e-002  5.59961e-002  5.57809e-002  5.58628e-002  5.60477e-002  5.58891e-002  5.61924e-002  5.61912e-002  5.61225e-002  5.63572e-002  5.64083e-002  5.64320e-002  5.69240e-002  5.76648e-002  5.83923e-002  5.92388e-002  6.04667e-002  6.23260e-002  6.51014e-002
