qh1g2c30a 0.26800  -0.64196   38.27158
qh1g6c01b 0.26800  -0.64196   38.10912
qh1g2c02a 0.26800  -0.64196   38.06625
qh1g6c03b 0.26800  -0.64196   38.31930
qh1g2c04a 0.26800  -0.64196   38.01335
qh1g6c05b 0.26800  -0.64196   38.28479
qh1g2c06a 0.26800  -0.64196   38.12028
qh1g6c07b 0.26800  -0.64196   38.35011
qh1g2c08a 0.26800  -0.64196   38.37373
qh1g6c09b 0.26800  -0.64196   38.24953
qh1g2c10a 0.26800  -0.64196   38.16043
qh1g6c11b 0.26800  -0.64196   38.27229
qh1g2c12a 0.26800  -0.64196   38.29516
qh1g6c13b 0.26800  -0.64196   37.98624
qh1g2c14a 0.26800  -0.64196   37.93210
qh1g6c15b 0.26800  -0.64196   38.00647
qh1g2c16a 0.26800  -0.64196   38.07783
qh1g6c17b 0.26800  -0.64196   38.02871
qh1g2c18a 0.26800  -0.64196   38.12293
qh1g6c19b 0.26800  -0.64196   38.11583
qh1g2c20a 0.26800  -0.64196   38.03903
qh1g6c21b 0.26800  -0.64196   38.01964
qh1g2c22a 0.26800  -0.64196   38.03137
qh1g6c23b 0.26800  -0.64196   38.06533
qh1g2c24a 0.26800  -0.64196   38.10853
qh1g6c25b 0.26800  -0.64196   38.24104
qh1g2c26a 0.26800  -0.64196   38.09619
qh1g6c27b 0.26800  -0.64196   38.24868
qh1g2c28a 0.26800  -0.64196   38.25249
qh1g6c29b 0.26800  -0.64196   38.26557
qh2g2c30a 0.46000   1.43673   88.26504
qh2g6c01b 0.46000   1.43673   88.43608
qh2g2c02a 0.46000   1.43673   88.09944
qh2g6c03b 0.46000   1.43673   88.28000
qh2g2c04a 0.46000   1.43673   88.10150
qh2g6c05b 0.46000   1.43673   88.47844
qh2g2c06a 0.46000   1.43673   88.06536
qh2g6c07b 0.46000   1.43673   88.25025
qh2g2c08a 0.46000   1.43673   88.08806
qh2g6c09b 0.46000   1.43673   88.18086
qh2g2c10a 0.46000   1.43673   88.13799
qh2g6c11b 0.46000   1.43673   88.41595
qh2g2c12a 0.46000   1.43673   88.04404
qh2g6c13b 0.46000   1.43673   88.30788
qh2g2c14a 0.46000   1.43673   88.38557
qh2g6c15b 0.46000   1.43673   88.18802
qh2g2c16a 0.46000   1.43673   88.46160
qh2g6c17b 0.46000   1.43673   88.40761
qh2g2c18a 0.46000   1.43673   88.42916
qh2g6c19b 0.46000   1.43673   88.23461
qh2g2c20a 0.46000   1.43673   88.22674
qh2g6c21b 0.46000   1.43673   88.22093
qh2g2c22a 0.46000   1.43673   88.12919
qh2g6c23b 0.46000   1.43673   88.23321
qh2g2c24a 0.46000   1.43673   88.13813
qh2g6c25b 0.46000   1.43673   87.97489
qh2g2c26a 0.46000   1.43673   88.10305
qh2g6c27b 0.46000   1.43673   88.45424
qh2g2c28a 0.46000   1.43673   88.31868
qh2g6c29b 0.46000   1.43673   88.10839
qh3g2c30a 0.26800  -1.75355  105.60534
qh3g6c01b 0.26800  -1.75355  104.85017
qh3g2c02a 0.26800  -1.75355  104.87147
qh3g6c03b 0.26800  -1.75355  105.15023
qh3g2c04a 0.26800  -1.75355  105.05459
qh3g6c05b 0.26800  -1.75355  106.12311
qh3g2c06a 0.26800  -1.75355  104.89708
qh3g6c07b 0.26800  -1.75355   98.57717
qh3g2c08a 0.26800  -1.75355   98.95213
qh3g6c09b 0.26800  -1.75355  105.10345
qh3g2c10a 0.26800  -1.75355  105.53807
qh3g6c11b 0.26800  -1.75355  104.86084
qh3g2c12a 0.26800  -1.75355  105.09264
qh3g6c13b 0.26800  -1.75355  105.06047
qh3g2c14a 0.26800  -1.75355  104.91603
qh3g6c15b 0.26800  -1.75355  104.85701
qh3g2c16a 0.26800  -1.75355  104.96625
qh3g6c17b 0.26800  -1.75355   98.58447
qh3g2c18a 0.26800  -1.75355   98.32533
qh3g6c19b 0.26800  -1.75355  105.05381
qh3g2c20a 0.26800  -1.75355  105.06167
qh3g6c21b 0.26800  -1.75355  105.24918
qh3g2c22a 0.26800  -1.75355  105.33382
qh3g6c23b 0.26800  -1.75355  104.82988
qh3g2c24a 0.26800  -1.75355  104.99753
qh3g6c25b 0.26800  -1.75355  106.41633
qh3g2c26a 0.26800  -1.75355  105.73071
qh3g6c27b 0.26800  -1.75355   98.43376
qh3g2c28a 0.26800  -1.75355   98.58168
qh3g6c29b 0.26800  -1.75355  106.09057
ql1g6c30b 0.26800  -1.61785   96.68025
ql1g2c01a 0.26800  -1.61785   97.17751
ql1g6c02b 0.26800  -1.61785   96.65050
ql1g2c03a 0.26800  -1.61785   96.43653
ql1g6c04b 0.26800  -1.61785   96.61531
ql1g2c05a 0.26800  -1.61785   96.53941
ql1g6c06b 0.26800  -1.61785   97.19582
ql1g2c07a 0.26800  -1.61785   96.40472
ql1g6c08b 0.26800  -1.61785   96.45847
ql1g2c09a 0.26800  -1.61785   96.45094
ql1g6c10b 0.26800  -1.61785   97.37163
ql1g2c11a 0.26800  -1.61785   97.12111
ql1g6c12b 0.26800  -1.61785   97.41105
ql1g2c13a 0.26800  -1.61785   96.58889
ql1g6c14b 0.26800  -1.61785   96.39963
ql1g2c15a 0.26800  -1.61785   96.76097
ql1g6c16b 0.26800  -1.61785   96.46283
ql1g2c17a 0.26800  -1.61785   96.71946
ql1g6c18b 0.26800  -1.61785   96.75055
ql1g2c19a 0.26800  -1.61785   96.29771
ql1g6c20b 0.26800  -1.61785   96.96653
ql1g2c21a 0.26800  -1.61785   96.78861
ql1g6c22b 0.26800  -1.61785   96.78886
ql1g2c23a 0.26800  -1.61785   96.33496
ql1g6c24b 0.26800  -1.61785   97.89769
ql1g2c25a 0.26800  -1.61785   97.82785
ql1g6c26b 0.26800  -1.61785   97.12357
ql1g2c27a 0.26800  -1.61785   96.61489
ql1g6c28b 0.26800  -1.61785   97.28752
ql1g2c29a 0.26800  -1.61785   97.28017
ql2g6c30b 0.46000   1.76477  110.62907
ql2g2c01a 0.46000   1.76477  109.87947
ql2g6c02b 0.46000   1.76477  110.22776
ql2g2c03a 0.46000   1.76477  109.93080
ql2g6c04b 0.46000   1.76477  110.03029
ql2g2c05a 0.46000   1.76477  110.00600
ql2g6c06b 0.46000   1.76477  109.92257
ql2g2c07a 0.46000   1.76477  110.01351
ql2g6c08b 0.46000   1.76477  109.68083
ql2g2c09a 0.46000   1.76477  109.70773
ql2g6c10b 0.46000   1.76477  109.87885
ql2g2c11a 0.46000   1.76477  109.62348
ql2g6c12b 0.46000   1.76477  110.03677
ql2g2c13a 0.46000   1.76477  109.89942
ql2g6c14b 0.46000   1.76477  110.01507
ql2g2c15a 0.46000   1.76477  109.88503
ql2g6c16b 0.46000   1.76477  109.92510
ql2g2c17a 0.46000   1.76477  109.96132
ql2g6c18b 0.46000   1.76477  110.13019
ql2g2c19a 0.46000   1.76477  110.08208
ql2g6c20b 0.46000   1.76477  109.76499
ql2g2c21a 0.46000   1.76477  109.96671
ql2g6c22b 0.46000   1.76477  109.90961
ql2g2c23a 0.46000   1.76477  110.11221
ql2g6c24b 0.46000   1.76477  109.93082
ql2g2c25a 0.46000   1.76477  109.90152
ql2g6c26b 0.46000   1.76477  109.83900
ql2g2c27a 0.46000   1.76477  109.89857
ql2g6c28b 0.46000   1.76477  109.89366
ql2g2c29a 0.46000   1.76477  109.78420
ql3g6c30b 0.26800  -1.51868   90.39444
ql3g2c01a 0.26800  -1.51868   91.09172
ql3g6c02b 0.26800  -1.51868   90.48200
ql3g2c03a 0.26800  -1.51868   90.54812
ql3g6c04b 0.26800  -1.51868   90.41269
ql3g2c05a 0.26800  -1.51868   90.34861
ql3g6c06b 0.26800  -1.51868   91.03862
ql3g2c07a 0.26800  -1.51868   91.10970
ql3g6c08b 0.26800  -1.51868   91.20146
ql3g2c09a 0.26800  -1.51868   90.56081
ql3g6c10b 0.26800  -1.51868   90.90735
ql3g2c11a 0.26800  -1.51868   90.29717
ql3g6c12b 0.26800  -1.51868   91.08364
ql3g2c13a 0.26800  -1.51868   90.44122
ql3g6c14b 0.26800  -1.51868   90.43183
ql3g2c15a 0.26800  -1.51868   90.28924
ql3g6c16b 0.26800  -1.51868   90.54487
ql3g2c17a 0.26800  -1.51868   90.31011
ql3g6c18b 0.26800  -1.51868   90.50770
ql3g2c19a 0.26800  -1.51868   90.41252
ql3g6c20b 0.26800  -1.51868   90.28060
ql3g2c21a 0.26800  -1.51868   90.41360
ql3g6c22b 0.26800  -1.51868   90.56653
ql3g2c23a 0.26800  -1.51868   90.49202
ql3g6c24b 0.26800  -1.51868   91.65367
ql3g2c25a 0.26800  -1.51868   91.34421
ql3g6c26b 0.26800  -1.51868   91.00495
ql3g2c27a 0.26800  -1.51868   90.45318
ql3g6c28b 0.26800  -1.51868   91.01504
ql3g2c29a 0.26800  -1.51868   90.97482
qm1g4c30a 0.24700  -0.81224   91.12214
qm1g4c30b 0.24700  -0.81224   91.17982
qm1g4c01a 0.24700  -0.81224   91.20957
qm1g4c01b 0.24700  -0.81224   91.17351
qm1g4c02a 0.24700  -0.81224   91.19015
qm1g4c02b 0.24700  -0.81224   91.23346
qm1g4c03a 0.24700  -0.81224   91.25965
qm1g4c03b 0.24700  -0.81224   91.21613
qm1g4c04a 0.24700  -0.81224   91.20388
qm1g4c04b 0.24700  -0.81224   91.23092
qm1g4c05a 0.24700  -0.81224   91.23407
qm1g4c05b 0.24700  -0.81224   91.12944
qm1g4c06a 0.24700  -0.81224   91.10062
qm1g4c06b 0.24700  -0.81224   91.30555
qm1g4c07a 0.24700  -0.81224   91.17823
qm1g4c07b 0.24700  -0.81224   91.21004
qm1g4c08a 0.24700  -0.81224   91.26267
qm1g4c08b 0.24700  -0.81224   91.23897
qm1g4c09a 0.24700  -0.81224   91.31385
qm1g4c09b 0.24700  -0.81224   91.29094
qm1g4c10a 0.24700  -0.81224   91.08669
qm1g4c10b 0.24700  -0.81224   91.17678
qm1g4c11a 0.24700  -0.81224   91.27379
qm1g4c11b 0.24700  -0.81224   91.19783
qm1g4c12a 0.24700  -0.81224   91.16722
qm1g4c12b 0.24700  -0.81224   91.12199
qm1g4c13a 0.24700  -0.81224   91.17153
qm1g4c13b 0.24700  -0.81224   91.22281
qm1g4c14a 0.24700  -0.81224   91.24526
qm1g4c14b 0.24700  -0.81224   91.25412
qm1g4c15a 0.24700  -0.81224   91.20345
qm1g4c15b 0.24700  -0.81224   91.22844
qm1g4c16a 0.24700  -0.81224   91.16756
qm1g4c16b 0.24700  -0.81224   91.21939
qm1g4c17a 0.24700  -0.81224   91.17937
qm1g4c17b 0.24700  -0.81224   91.18611
qm1g4c18a 0.24700  -0.81224   91.23584
qm1g4c18b 0.24700  -0.81224   91.13463
qm1g4c19a 0.24700  -0.81224   91.14446
qm1g4c19b 0.24700  -0.81224   91.14940
qm1g4c20a 0.24700  -0.81224   91.13172
qm1g4c20b 0.24700  -0.81224   91.14711
qm1g4c21a 0.24700  -0.81224   91.21024
qm1g4c21b 0.24700  -0.81224   91.16080
qm1g4c22a 0.24700  -0.81224   91.21494
qm1g4c22b 0.24700  -0.81224   91.16014
qm1g4c23a 0.24700  -0.81224   91.20420
qm1g4c23b 0.24700  -0.81224   91.25840
qm1g4c24a 0.24700  -0.81224   91.30100
qm1g4c24b 0.24700  -0.81224   90.64933
qm1g4c25a 0.24700  -0.81224   91.14340
qm1g4c25b 0.24700  -0.81224   91.02388
qm1g4c26a 0.24700  -0.81224   91.19363
qm1g4c26b 0.24700  -0.81224   91.14520
qm1g4c27a 0.24700  -0.81224   91.15957
qm1g4c27b 0.24700  -0.81224   91.17515
qm1g4c28a 0.24700  -0.81224   91.05852
qm1g4c28b 0.24700  -0.81224   91.18469
qm1g4c29a 0.24700  -0.81224   91.27421
qm1g4c29b 0.24700  -0.81224   91.23228
qm2g4c30a 0.28200   1.22615  138.81293
qm2g4c30b 0.28200   1.22615  138.70213
qm2g4c01a 0.28200   1.22615  139.26372
qm2g4c01b 0.28200   1.22615  138.63986
qm2g4c02a 0.28200   1.22615  138.27218
qm2g4c02b 0.28200   1.22615  139.27207
qm2g4c03a 0.28200   1.22615  139.37826
qm2g4c03b 0.28200   1.22615  138.79374
qm2g4c04a 0.28200   1.22615  139.34005
qm2g4c04b 0.28200   1.22615  139.41079
qm2g4c05a 0.28200   1.22615  138.98109
qm2g4c05b 0.28200   1.22615  139.17616
qm2g4c06a 0.28200   1.22615  139.02243
qm2g4c06b 0.28200   1.22615  139.02404
qm2g4c07a 0.28200   1.22615  139.03679
qm2g4c07b 0.28200   1.22615  139.26520
qm2g4c08a 0.28200   1.22615  139.02704
qm2g4c08b 0.28200   1.22615  139.19764
qm2g4c09a 0.28200   1.22615  138.68361
qm2g4c09b 0.28200   1.22615  139.11685
qm2g4c10a 0.28200   1.22615  139.05150
qm2g4c10b 0.28200   1.22615  139.21087
qm2g4c11a 0.28200   1.22615  138.87428
qm2g4c11b 0.28200   1.22615  139.36486
qm2g4c12a 0.28200   1.22615  138.26553
qm2g4c12b 0.28200   1.22615  139.14103
qm2g4c13a 0.28200   1.22615  139.21429
qm2g4c13b 0.28200   1.22615  139.42918
qm2g4c14a 0.28200   1.22615  139.10136
qm2g4c14b 0.28200   1.22615  139.29425
qm2g4c15a 0.28200   1.22615  138.65342
qm2g4c15b 0.28200   1.22615  139.09378
qm2g4c16a 0.28200   1.22615  138.89559
qm2g4c16b 0.28200   1.22615  138.84652
qm2g4c17a 0.28200   1.22615  138.89315
qm2g4c17b 0.28200   1.22615  139.46572
qm2g4c18a 0.28200   1.22615  139.23838
qm2g4c18b 0.28200   1.22615  139.19337
qm2g4c19a 0.28200   1.22615  138.62507
qm2g4c19b 0.28200   1.22615  138.67905
qm2g4c20a 0.28200   1.22615  138.87698
qm2g4c20b 0.28200   1.22615  139.04920
qm2g4c21a 0.28200   1.22615  138.97151
qm2g4c21b 0.28200   1.22615  138.43633
qm2g4c22a 0.28200   1.22615  138.65091
qm2g4c22b 0.28200   1.22615  139.08085
qm2g4c23a 0.28200   1.22615  139.31327
qm2g4c23b 0.28200   1.22615  138.97839
qm2g4c24a 0.28200   1.22615  138.61133
qm2g4c24b 0.28200   1.22615  138.65166
qm2g4c25a 0.28200   1.22615  138.48587
qm2g4c25b 0.28200   1.22615  139.34833
qm2g4c26a 0.28200   1.22615  139.41899
qm2g4c26b 0.28200   1.22615  139.46423
qm2g4c27a 0.28200   1.22615  138.61482
qm2g4c27b 0.28200   1.22615  138.70535
qm2g4c28a 0.28200   1.22615  138.57748
qm2g4c28b 0.28200   1.22615  139.84873
qm2g4c29a 0.28200   1.22615  138.70296
qm2g4c29b 0.28200   1.22615  138.79391
sh1g2c30a 0.20000  19.83290   47.54554
sh1g6c01b 0.20000  19.83290   47.41353
sh1g2c02a 0.20000  19.83290   47.49335
sh1g6c03b 0.20000  19.83290   47.50145
sh1g2c04a 0.20000  19.83290   47.53285
sh1g6c05b 0.20000  19.83290   47.50848
sh1g2c06a 0.20000  19.83290   47.45713
sh1g6c07b 0.20000  19.83290   47.44406
sh1g2c08a 0.20000  19.83290   47.46208
sh1g6c09b 0.20000  19.83290   47.45706
sh1g2c10a 0.20000  19.83290   47.51581
sh1g6c11b 0.20000  19.83290   47.49140
sh1g2c12a 0.20000  19.83290   47.49996
sh1g6c13b 0.20000  19.83290   47.46302
sh1g2c14a 0.20000  19.83290   47.52513
sh1g6c15b 0.20000  19.83290   47.64163
sh1g2c16a 0.20000  19.83290   47.48676
sh1g6c17b 0.20000  19.83290   47.47180
sh1g2c18a 0.20000  19.83290   47.50549
sh1g6c19b 0.20000  19.83290   47.46272
sh1g2c20a 0.20000  19.83290   47.71601
sh1g6c21b 0.20000  19.83290   47.46471
sh1g2c22a 0.20000  19.83290   47.45866
sh1g6c23b 0.20000  19.83290   47.49535
sh1g2c24a 0.20000  19.83290   47.48013
sh1g6c25b 0.20000  19.83290   47.41572
sh1g2c26a 0.20000  19.83290   47.40011
sh1g6c27b 0.20000  19.83290   47.54721
sh1g2c28a 0.20000  19.83290   47.49105
sh1g6c29b 0.20000  19.83290   47.46556
sh3g2c30a 0.20000  -5.85511   13.72280
sh3g6c01b 0.20000  -5.85511   13.72384
sh3g2c02a 0.20000  -5.85511   13.72399
sh3g6c03b 0.20000  -5.85511   13.70309
sh3g2c04a 0.20000  -5.85511   13.72875
sh3g6c05b 0.20000  -5.85511   13.64394
sh3g2c06a 0.20000  -5.85511   13.74182
sh3g6c07b 0.20000  -5.85511   13.67802
sh3g2c08a 0.20000  -5.85511   13.73380
sh3g6c09b 0.20000  -5.85511   13.70841
sh3g2c10a 0.20000  -5.85511   13.75521
sh3g6c11b 0.20000  -5.85511   13.70215
sh3g2c12a 0.20000  -5.85511   13.71195
sh3g6c13b 0.20000  -5.85511   13.67517
sh3g2c14a 0.20000  -5.85511   13.74778
sh3g6c15b 0.20000  -5.85511   13.70208
sh3g2c16a 0.20000  -5.85511   13.73422
sh3g6c17b 0.20000  -5.85511   13.69690
sh3g2c18a 0.20000  -5.85511   13.72153
sh3g6c19b 0.20000  -5.85511   13.72604
sh3g2c20a 0.20000  -5.85511   13.75267
sh3g6c21b 0.20000  -5.85511   13.70735
sh3g2c22a 0.20000  -5.85511   13.72998
sh3g6c23b 0.20000  -5.85511   13.69697
sh3g2c24a 0.20000  -5.85511   13.74228
sh3g6c25b 0.20000  -5.85511   13.55328
sh3g2c26a 0.20000  -5.85511   13.67315
sh3g6c27b 0.20000  -5.85511   13.69443
sh3g2c28a 0.20000  -5.85511   13.72449
sh3g6c29b 0.20000  -5.85511   13.67401
sh4g2c30a 0.20000 -15.82090   37.84743
sh4g6c01b 0.20000 -15.82090   37.36614
sh4g2c02a 0.20000 -15.82090   37.84693
sh4g6c03b 0.20000 -15.82090   37.75887
sh4g2c04a 0.20000 -15.82090   37.84496
sh4g6c05b 0.20000 -15.82090   37.71200
sh4g2c06a 0.20000 -15.82090   37.86944
sh4g6c07b 0.20000 -15.82090   37.75762
sh4g2c08a 0.20000 -15.82090   37.83237
sh4g6c09b 0.20000 -15.82090   37.77467
sh4g2c10a 0.20000 -15.82090   37.89091
sh4g6c11b 0.20000 -15.82090   37.70501
sh4g2c12a 0.20000 -15.82090   37.82942
sh4g6c13b 0.20000 -15.82090   37.71878
sh4g2c14a 0.20000 -15.82090   37.85288
sh4g6c15b 0.20000 -15.82090   37.66979
sh4g2c16a 0.20000 -15.82090   37.81126
sh4g6c17b 0.20000 -15.82090   37.65201
sh4g2c18a 0.20000 -15.82090   37.88884
sh4g6c19b 0.20000 -15.82090   37.72374
sh4g2c20a 0.20000 -15.82090   37.87357
sh4g6c21b 0.20000 -15.82090   37.64775
sh4g2c22a 0.20000 -15.82090   37.84596
sh4g6c23b 0.20000 -15.82090   37.68315
sh4g2c24a 0.20000 -15.82090   37.87359
sh4g6c25b 0.20000 -15.82090   37.54176
sh4g2c26a 0.20000 -15.82090   37.78140
sh4g6c27b 0.20000 -15.82090   37.78049
sh4g2c28a 0.20000 -15.82090   37.86417
sh4g6c29b 0.20000 -15.82090   37.75957
sm1g4c30a 0.20000 -23.68060   56.74221
sm1g4c01a 0.20000 -23.68060   56.31519
sm1g4c02a 0.20000 -23.68060   56.43982
sm1g4c03a 0.20000 -23.68060   55.94953
sm1g4c04a 0.20000 -23.68060   56.25493
sm1g4c05a 0.20000 -23.68060   56.62927
sm1g4c06a 0.20000 -23.68060   56.28988
sm1g4c07a 0.20000 -23.68060   56.50503
sm1g4c08a 0.20000 -23.68060   56.47050
sm1g4c09a 0.20000 -23.68060   56.00297
sm1g4c10a 0.20000 -23.68060   56.32438
sm1g4c11a 0.20000 -23.68060   56.47871
sm1g4c12a 0.20000 -23.68060   56.18794
sm1g4c13a 0.20000 -23.68060   56.46900
sm1g4c14a 0.20000 -23.68060   56.64603
sm1g4c15a 0.20000 -23.68060   56.54215
sm1g4c16a 0.20000 -23.68060   56.26685
sm1g4c17a 0.20000 -23.68060   56.53642
sm1g4c18a 0.20000 -23.68060   56.48561
sm1g4c19a 0.20000 -23.68060   56.40579
sm1g4c20a 0.20000 -23.68060   56.53231
sm1g4c21a 0.20000 -23.68060   56.51455
sm1g4c22a 0.20000 -23.68060   56.58542
sm1g4c23a 0.20000 -23.68060   56.58938
sm1g4c24a 0.20000 -23.68060   56.48874
sm1g4c25a 0.20000 -23.68060   56.33103
sm1g4c26a 0.20000 -23.68060   56.36101
sm1g4c27a 0.20000 -23.68060   56.39333
sm1g4c28a 0.20000 -23.68060   56.53976
sm1g4c29a 0.20000 -23.68060   56.16146
sm2g4c30b 0.25000  28.64320   95.97727
sm2g4c01b 0.25000  28.64320   95.96045
sm2g4c02b 0.25000  28.64320   96.88609
sm2g4c03b 0.25000  28.64320   96.11377
sm2g4c04b 0.25000  28.64320   95.71031
sm2g4c05b 0.25000  28.64320   95.87621
sm2g4c06b 0.25000  28.64320   96.15201
sm2g4c07b 0.25000  28.64320   96.05737
sm2g4c08b 0.25000  28.64320   96.06584
sm2g4c09b 0.25000  28.64320   96.11683
sm2g4c10b 0.25000  28.64320   96.10999
sm2g4c11b 0.25000  28.64320   96.04667
sm2g4c12b 0.25000  28.64320   96.06743
sm2g4c13b 0.25000  28.64320   95.95708
sm2g4c14b 0.25000  28.64320   96.09179
sm2g4c15b 0.25000  28.64320   96.34160
sm2g4c16b 0.25000  28.64320   96.04596
sm2g4c17b 0.25000  28.64320   95.24175
sm2g4c18b 0.25000  28.64320   94.89890
sm2g4c19b 0.25000  28.64320   95.30631
sm2g4c20b 0.25000  28.64320   95.36915
sm2g4c21b 0.25000  28.64320   95.20855
sm2g4c22b 0.25000  28.64320   94.95648
sm2g4c23b 0.25000  28.64320   96.16023
sm2g4c24b 0.25000  28.64320   96.53979
sm2g4c25b 0.25000  28.64320   96.07526
sm2g4c26b 0.25000  28.64320   95.51236
sm2g4c27b 0.25000  28.64320   95.90501
sm2g4c28b 0.25000  28.64320   96.39936
sm2g4c29b 0.25000  28.64320   96.81424
sm1g4c30b 0.20000 -25.94600   62.23140
sm1g4c01b 0.20000 -25.94600   62.17786
sm1g4c02b 0.20000 -25.94600   62.03231
sm1g4c03b 0.20000 -25.94600   61.97073
sm1g4c04b 0.20000 -25.94600   62.03376
sm1g4c05b 0.20000 -25.94600   62.06992
sm1g4c06b 0.20000 -25.94600   62.09191
sm1g4c07b 0.20000 -25.94600   62.19712
sm1g4c08b 0.20000 -25.94600   62.19371
sm1g4c09b 0.20000 -25.94600   62.07900
sm1g4c10b 0.20000 -25.94600   62.08815
sm1g4c11b 0.20000 -25.94600   62.12299
sm1g4c12b 0.20000 -25.94600   62.32272
sm1g4c13b 0.20000 -25.94600   62.17823
sm1g4c14b 0.20000 -25.94600   62.15759
sm1g4c15b 0.20000 -25.94600   62.12626
sm1g4c16b 0.20000 -25.94600   62.12991
sm1g4c17b 0.20000 -25.94600   62.14665
sm1g4c18b 0.20000 -25.94600   62.14008
sm1g4c19b 0.20000 -25.94600   62.22455
sm1g4c20b 0.20000 -25.94600   62.09468
sm1g4c21b 0.20000 -25.94600   62.16746
sm1g4c22b 0.20000 -25.94600   62.15942
sm1g4c23b 0.20000 -25.94600   62.13236
sm1g4c24b 0.20000 -25.94600   62.18260
sm1g4c25b 0.20000 -25.94600   62.10022
sm1g4c26b 0.20000 -25.94600   62.13681
sm1g4c27b 0.20000 -25.94600   62.15431
sm1g4c28b 0.20000 -25.94600   62.14269
sm1g4c29b 0.20000 -25.94600   62.05956
sl3g6c30b 0.20000 -29.46090   70.17268
sl3g2c01a 0.20000 -29.46090   70.70574
sl3g6c02b 0.20000 -29.46090   70.65235
sl3g2c03a 0.20000 -29.46090   70.58632
sl3g6c04b 0.20000 -29.46090   70.31040
sl3g2c05a 0.20000 -29.46090   70.63438
sl3g6c06b 0.20000 -29.46090   70.13045
sl3g2c07a 0.20000 -29.46090   70.55251
sl3g6c08b 0.20000 -29.46090   70.44548
sl3g2c09a 0.20000 -29.46090   70.56343
sl3g6c10b 0.20000 -29.46090   70.59217
sl3g2c11a 0.20000 -29.46090   70.60476
sl3g6c12b 0.20000 -29.46090   70.43522
sl3g2c13a 0.20000 -29.46090   71.17415
sl3g6c14b 0.20000 -29.46090   70.33780
sl3g2c15a 0.20000 -29.46090   70.70855
sl3g6c16b 0.20000 -29.46090   70.27748
sl3g2c17a 0.20000 -29.46090   70.59131
sl3g6c18b 0.20000 -29.46090   70.31890
sl3g2c19a 0.20000 -29.46090   70.60297
sl3g6c20b 0.20000 -29.46090   70.45976
sl3g2c21a 0.20000 -29.46090   70.63526
sl3g6c22b 0.20000 -29.46090   70.28401
sl3g2c23a 0.20000 -29.46090   70.58066
sl3g6c24b 0.20000 -29.46090   70.24320
sl3g2c25a 0.20000 -29.46090   70.47890
sl3g6c26b 0.20000 -29.46090   70.11967
sl3g2c27a 0.20000 -29.46090   70.50916
sl3g6c28b 0.20000 -29.46090   70.67371
sl3g2c29a 0.20000 -29.46090   70.61371
sl2g6c30b 0.20000  35.67790   85.55598
sl2g2c01a 0.20000  35.67790   85.63701
sl2g6c02b 0.20000  35.67790   85.58411
sl2g2c03a 0.20000  35.67790   85.58392
sl2g6c04b 0.20000  35.67790   85.55665
sl2g2c05a 0.20000  35.67790   85.65629
sl2g6c06b 0.20000  35.67790   85.53730
sl2g2c07a 0.20000  35.67790   85.68351
sl2g6c08b 0.20000  35.67790   85.59765
sl2g2c09a 0.20000  35.67790   85.56927
sl2g6c10b 0.20000  35.67790   85.63185
sl2g2c11a 0.20000  35.67790   85.65114
sl2g6c12b 0.20000  35.67790   85.67828
sl2g2c13a 0.20000  35.67790   85.66847
sl2g6c14b 0.20000  35.67790   85.60360
sl2g2c15a 0.20000  35.67790   85.72118
sl2g6c16b 0.20000  35.67790   85.80395
sl2g2c17a 0.20000  35.67790   85.59771
sl2g6c18b 0.20000  35.67790   85.59688
sl2g2c19a 0.20000  35.67790   85.65878
sl2g6c20b 0.20000  35.67790   85.62352
sl2g2c21a 0.20000  35.67790   85.62601
sl2g6c22b 0.20000  35.67790   85.49980
sl2g2c23a 0.20000  35.67790   85.68422
sl2g6c24b 0.20000  35.67790   85.51457
sl2g2c25a 0.20000  35.67790   85.49805
sl2g6c26b 0.20000  35.67790   85.57059
sl2g2c27a 0.20000  35.67790   85.64785
sl2g6c28b 0.20000  35.67790   85.55025
sl2g2c29a 0.20000  35.67790   85.60481
sl1g6c30b 0.20000 -13.27160   31.68726
sl1g2c01a 0.20000 -13.27160   31.70550
sl1g6c02b 0.20000 -13.27160   31.68808
sl1g2c03a 0.20000 -13.27160   31.72134
sl1g6c04b 0.20000 -13.27160   31.73397
sl1g2c05a 0.20000 -13.27160   31.72325
sl1g6c06b 0.20000 -13.27160   31.76162
sl1g2c07a 0.20000 -13.27160   31.73644
sl1g6c08b 0.20000 -13.27160   31.73374
sl1g2c09a 0.20000 -13.27160   31.68759
sl1g6c10b 0.20000 -13.27160   31.69696
sl1g2c11a 0.20000 -13.27160   31.70410
sl1g6c12b 0.20000 -13.27160   31.69665
sl1g2c13a 0.20000 -13.27160   31.71103
sl1g6c14b 0.20000 -13.27160   31.75541
sl1g2c15a 0.20000 -13.27160   31.70446
sl1g6c16b 0.20000 -13.27160   31.70645
sl1g2c17a 0.20000 -13.27160   31.76288
sl1g6c18b 0.20000 -13.27160   31.74257
sl1g2c19a 0.20000 -13.27160   31.81150
sl1g6c20b 0.20000 -13.27160   31.73588
sl1g2c21a 0.20000 -13.27160   31.69829
sl1g6c22b 0.20000 -13.27160   31.75026
sl1g2c23a 0.20000 -13.27160   31.69928
sl1g6c24b 0.20000 -13.27160   31.69139
sl1g2c25a 0.20000 -13.27160   31.72307
sl1g6c26b 0.20000 -13.27160   31.74647
sl1g2c27a 0.20000 -13.27160   31.77544
sl1g6c28b 0.20000 -13.27160   31.69413
sl1g2c29a 0.20000 -13.27160   31.62026
